0.000000000000000000e+00
1.111111111111111154e-02
1.333333333333333419e-02
1.333333333333333419e-02
1.777777777777777776e-02
1.777777777777777776e-02
1.777777777777777776e-02
2.222222222222222307e-02
2.222222222222222307e-02
2.222222222222222307e-02
2.222222222222222307e-02
2.222222222222222307e-02
2.444444444444444572e-02
2.444444444444444572e-02
2.444444444444444572e-02
2.444444444444444572e-02
2.444444444444444572e-02
2.444444444444444572e-02
2.444444444444444572e-02
2.444444444444444572e-02
2.666666666666666838e-02
2.666666666666666838e-02
2.666666666666666838e-02
2.666666666666666838e-02
2.888888888888888756e-02
2.888888888888888756e-02
3.333333333333333287e-02
3.333333333333333287e-02
3.777777777777777818e-02
3.777777777777777818e-02
4.000000000000000083e-02
4.000000000000000083e-02
4.222222222222222349e-02
4.222222222222222349e-02
5.555555555555555247e-02
5.999999999999999778e-02
6.888888888888888840e-02
6.888888888888888840e-02
7.777777777777777901e-02
7.777777777777777901e-02
9.777777777777778290e-02
9.777777777777778290e-02
1.000000000000000056e-01
1.000000000000000056e-01
1.022222222222222282e-01
1.022222222222222282e-01
5.600000000000000533e-01
5.644444444444444153e-01
1.000000000000000000e+00
