0.000000000000000000e+00
1.555555555555555511e-02
1.555555555555555511e-02
1.555555555555555511e-02
2.222222222222222307e-02
2.444444444444444572e-02
2.444444444444444572e-02
2.888888888888888756e-02
2.888888888888888756e-02
3.111111111111111022e-02
3.111111111111111022e-02
3.111111111111111022e-02
3.111111111111111022e-02
3.111111111111111022e-02
3.111111111111111022e-02
3.111111111111111022e-02
3.111111111111111022e-02
3.333333333333333287e-02
3.333333333333333287e-02
3.333333333333333287e-02
3.333333333333333287e-02
3.333333333333333287e-02
3.333333333333333287e-02
3.555555555555555552e-02
3.555555555555555552e-02
3.777777777777777818e-02
3.777777777777777818e-02
4.000000000000000083e-02
4.000000000000000083e-02
4.444444444444444614e-02
4.888888888888889145e-02
5.777777777777777513e-02
5.777777777777777513e-02
5.999999999999999778e-02
5.999999999999999778e-02
6.444444444444444309e-02
6.444444444444444309e-02
7.555555555555555636e-02
7.555555555555555636e-02
7.777777777777777901e-02
7.777777777777777901e-02
8.444444444444444697e-02
8.888888888888889228e-02
1.666666666666666574e-01
1.711111111111111027e-01
1.000000000000000000e+00
