1.000000000000000000e+00
2.452661398538839854e-02
2.467006598680264104e-02
2.483206279719224127e-02
2.501520681265206880e-02
2.431655736496942180e-02
2.432947383848746772e-02
2.394951957550552069e-02
2.407727797001153400e-02
2.420991591765729242e-02
2.434224910720792986e-02
2.389273233007631336e-02
2.172511603919546203e-02
2.185756907510701813e-02
2.205208742311215789e-02
2.223688551633124302e-02
2.255387498326863818e-02
2.288469373896509507e-02
2.310751508502468382e-02
2.329278407520044350e-02
2.359283113973676890e-02
2.377592775504444589e-02
2.390749148694665260e-02
2.154022112085398483e-02
2.164198161389172675e-02
2.174610302136121762e-02
2.150129640169480896e-02
2.077621397672576448e-02
2.087158770963398052e-02
2.096784111172600440e-02
2.106498640968618857e-02
2.116303605784149514e-02
2.126200274348422417e-02
2.136189939234479571e-02
2.146273917421953614e-02
2.064967999033933202e-02
2.074361618244677588e-02
1.964490263459335584e-02
1.972965199884958373e-02
1.981513575967648599e-02
1.990136350449666497e-02
1.998718023425208323e-02
2.007491513519840676e-02
2.016342366703897590e-02
2.025271610769957542e-02
2.034280291797639639e-02
2.043247751236075549e-02
2.052417424605074148e-02
2.061669772194506256e-02
1.945261253110155963e-02
1.953546481912658145e-02
1.961790704305674260e-02
1.841669780601078166e-02
1.848973685620880145e-02
1.856535543238443595e-02
1.864058785390101600e-02
1.871744791666666782e-02
1.879392057525739596e-02
1.886998851392003573e-02
1.894771528998242388e-02
1.902608503832791190e-02
1.910510577029571333e-02
1.918478563087360270e-02
1.926405717795521763e-02
1.934507121229113100e-02
1.942676952531111056e-02
1.769277970955205476e-02
1.776089523125096159e-02
1.782861853970216931e-02
1.789778605421063484e-02
1.796749234044762999e-02
1.803774371806902282e-02
1.810854660595593094e-02
1.817895234592549827e-02
1.825087034497309760e-02
1.832335963565111595e-02
1.839642705231816361e-02
1.702649656526005958e-02
1.708938685052942622e-02
1.715359137871372633e-02
1.721657157032994295e-02
1.728087649402390569e-02
1.734566358410397427e-02
1.741093828399397844e-02
1.747670611936539761e-02
1.754208583994742304e-02
1.760885009641733473e-02
1.767612449696907839e-02
1.688664596273291990e-02
1.695080370189966032e-02
1.701295526766071972e-02
1.681279506696213566e-02
1.687376105980757310e-02
1.680026880430086911e-02
1.614832535885167564e-02
1.620423803148515751e-02
1.626053923839525586e-02
1.631723304355910814e-02
1.637432356782981754e-02
1.643412304522895440e-02
1.649203589719494545e-02
1.655035835533760769e-02
1.660988074957410465e-02
1.666904117395640386e-02
1.672862453531598348e-02
1.678783240864740664e-02
1.591967798833160072e-02
1.597386095480123405e-02
1.602841400664814855e-02
1.608334094855158602e-02
1.613938560293443417e-02
1.504817119959075793e-02
1.509643758285934140e-02
1.514501458726617497e-02
1.519325126969097058e-02
1.524245433740662424e-02
1.529197712701438165e-02
1.534182276500499834e-02
1.539266559106963750e-02
1.544249529725709794e-02
1.549332865168539380e-02
1.554449777621207465e-02
1.559600600865953916e-02
1.564785673123808563e-02
1.569935512563931657e-02
1.575189647478804009e-02
1.580479068726214562e-02
1.585804132973944389e-02
1.591165201712868918e-02
1.361381379071645650e-02
1.365319345880900911e-02
1.369227198886052363e-02
1.373264023586003545e-02
1.377271135665097436e-02
1.381301701264242218e-02
1.385355926897037515e-02
1.389379488990933643e-02
1.393481341521020378e-02
1.397607485490939307e-02
1.401758137324780190e-02
1.405933516025259164e-02
1.410077673770165387e-02
1.414302836596084689e-02
1.418553396113003337e-02
1.422829581993569070e-02
1.427131626688167738e-02
1.431401884274796817e-02
1.435756002595717055e-02
1.440136690940157019e-02
1.444544193258793727e-02
1.449038067949242649e-02
1.453440630645426099e-02
1.457930068778056851e-02
1.462447327108981274e-02
1.466992665036674810e-02
1.471566345194546058e-02
1.476107080310232710e-02
1.480737859204417188e-02
1.485397784491440144e-02
1.490087132213663290e-02
1.494806181910311553e-02
1.499491697729583156e-02
1.504270598733693093e-02
1.308707513087075183e-02
1.312335958005249326e-02
1.315935797160544193e-02
1.319604490372463038e-02
1.323293696648898503e-02
1.327003588516746484e-02
1.330734340443078326e-02
1.334435965868511001e-02
1.338208685162846877e-02
1.342002797414281953e-02
1.345818485101220666e-02
1.349655932783332644e-02
1.353463723359640131e-02
1.357396856957136799e-02
1.361300713244880702e-02
1.301731996353691807e-02
1.305253921246023879e-02
1.308842938847338405e-02
1.312451748097496346e-02
1.284258860668675492e-02
1.287723463184777505e-02
1.291160240920402429e-02
1.294709052113847576e-02
1.298230345227734291e-02
1.301818181818181763e-02
1.215836353168286629e-02
1.218932500339535430e-02
1.222044456547639359e-02
1.225130532709961355e-02
1.228274257561242679e-02
1.231476399560922121e-02
1.234652818378787278e-02
1.237845665816150569e-02
1.241012168141592854e-02
1.244281159018438901e-02
1.247524064356951741e-02
1.250783917497038517e-02
1.254104660099210518e-02
1.257443082311733747e-02
1.260710773985110333e-02
1.264039998591598955e-02
1.267386853067852849e-02
1.270751477823793898e-02
1.274134014764338393e-02
1.277489146679951573e-02
1.280907696150140884e-02
1.284344590726960514e-02
1.206960136788815495e-02
1.210002688894864196e-02
1.213019745265853447e-02
1.216092963550991467e-02
1.099771515613099694e-02
1.102290076335877937e-02
1.104786387562737247e-02
1.107327996073740120e-02
1.109881325708663921e-02
1.112480739599383713e-02
1.115057915057915058e-02
1.117612457818643358e-02
1.120213492211257975e-02
1.122826661690149580e-02
1.125452051377977269e-02
1.128089747195400172e-02
1.130704419456885976e-02
1.133366821549667246e-02
1.136041791232652622e-02
1.138729417702353218e-02
1.141429791001359606e-02
1.144106741038886967e-02
1.146832708558358227e-02
1.149571696971626866e-02
1.152323799795709931e-02
1.155126071931396325e-02
1.157904865766430300e-02
1.160697061282232705e-02
1.163502755664421254e-02
1.166322047040578916e-02
1.169192900634797271e-02
1.172001818063762163e-02
1.174862498779574889e-02
1.177775602753580557e-02
1.180703188879803772e-02
1.183606557377049097e-02
1.186485242884375256e-02
1.189417152647359241e-02
1.192363588320782125e-02
1.195324658123903157e-02
1.198300471353648013e-02
1.201251164647943598e-02
1.204256596724155234e-02
1.207277105210353800e-02
1.095210722173478937e-02
1.097701497968342488e-02
1.100237067655461705e-02
1.064360064506670624e-02
1.066705847781369322e-02
1.069061993815343878e-02
1.071555083244775039e-02
1.073900952606354590e-02
1.076289026595902455e-02
1.078687745156305632e-02
1.081097179616999707e-02
1.083517401946152391e-02
1.085915998564078097e-02
1.088357868857374108e-02
1.090810745838091157e-02
1.093274704093003674e-02
1.095749818884327390e-02
1.065537877682090281e-02
1.067875950848449357e-02
9.553391976194825982e-03
9.572130976043518452e-03
9.590943633552579534e-03
9.609830383868088119e-03
9.628538356308533747e-03
9.647573608877876503e-03
9.666684274470444677e-03
9.685870802127715881e-03
9.705133644463301637e-03
9.724214889207716261e-03
9.743890101698524445e-03
9.763645094168490329e-03
9.783218839378791942e-03
9.802871223484036292e-03
9.822339112232300953e-03
9.842149138139673001e-03
9.862304976961009176e-03
9.882276703747704810e-03
9.902597402597402426e-03
9.922463807406604538e-03
9.942680177120969548e-03
9.962979094076654732e-03
9.983361064891846728e-03
1.000382660033892826e-02
1.002410166520596030e-02
1.004473474764662304e-02
1.006545294538254212e-02
1.008625678617686844e-02
1.010714680216502799e-02
1.012812352990010226e-02
1.014890608102487352e-02
1.017033928918776274e-02
1.019186321739856856e-02
1.021347844286312270e-02
1.023489932885906020e-02
1.025612284929664289e-02
1.027772317542332420e-02
1.029970451667370189e-02
1.032148900169204721e-02
1.034336583298007574e-02
1.036504205488374651e-02
1.038710409808150763e-02
1.041044457718235360e-02
1.043270053018642042e-02
1.045505184677350194e-02
1.047779908963385014e-02
1.050034427358273979e-02
1.052298668813432536e-02
1.054572696363741124e-02
1.056887092116661798e-02
1.059150364625535343e-02
1.061454134160842201e-02
1.063798866443830919e-02
1.066122924555782184e-02
9.505063323923234817e-03
9.523562383226075179e-03
9.542381695267811159e-03
9.560777366748294398e-03
9.385360877327213192e-03
9.403107113654947391e-03
9.421161772612068885e-03
9.439528023598819928e-03
9.457722950398355505e-03
9.475988155014805972e-03
9.494079100126416593e-03
9.512485136741972991e-03
9.268329440132620084e-03
9.286756933608496245e-03
9.304319322221941968e-03
9.321948261924010298e-03
9.339407744874714951e-03
9.357170026626093415e-03
9.374999999999999653e-03
9.392898052691866714e-03
8.611460224363451030e-03
8.626317261960272584e-03
8.641427470397271618e-03
8.656590707032894502e-03
8.671807251505847525e-03
8.687077385424492315e-03
8.702196716684698283e-03
8.717574158282873423e-03
8.733006042296072649e-03
8.748492658359538834e-03
8.764034298166658438e-03
8.779422930903568040e-03
8.795492904176671276e-03
8.811202133739759468e-03
8.826967578786650351e-03
8.842789541608908968e-03
8.858456234437846535e-03
8.874391384644905040e-03
8.890383968475178492e-03
8.906434296993476218e-03
8.922542683515000128e-03
8.938493501473644340e-03
8.954718168397105688e-03
8.971219358436583260e-03
8.987781475453640243e-03
9.004185729582401057e-03
9.020430055097762578e-03
9.037836781553041515e-03
9.054424432263116079e-03
9.071073083429356115e-03
9.087783072161910447e-03
9.104778778483193710e-03
9.121613292902399153e-03
9.138735890532764111e-03
9.155696327823419078e-03
9.172719835386864903e-03
9.189578521222959220e-03
9.206957473809939188e-03
9.224172317510969873e-03
9.241451657217073651e-03
9.258795856063260429e-03
9.275972723626152439e-03
8.272940127104470506e-03
8.286984297169916122e-03
8.301076231177142647e-03
8.315029808597426686e-03
8.329217367877509576e-03
8.343078168570657732e-03
8.357361686790413385e-03
8.371505291423156012e-03
8.385696849147868115e-03
8.399936604252042707e-03
8.414033973646610834e-03
8.428561692073517631e-03
8.442947521733194099e-03
8.457382542685845314e-03
8.471867007672634342e-03
8.486401171169111191e-03
8.500985289400119285e-03
8.515619620354856339e-03
8.530304423802079206e-03
8.545039961305478729e-03
8.559826496239214197e-03
8.574466118147361024e-03
8.589752494732698362e-03
8.604694313016050117e-03
8.619688204270347515e-03
7.962499197328710282e-03
7.975302289683560211e-03
7.988146621142820994e-03
8.001032391276294287e-03
8.013959800943579875e-03
8.026755852842808528e-03
8.039766587421654995e-03
8.052993895311080091e-03
8.066089897872894335e-03
8.079228563982278344e-03
8.092234065695019102e-03
8.105458110905327737e-03
8.118725447402880616e-03
8.132036288118919820e-03
8.145569204493200224e-03
8.158789340936506082e-03
8.172231985940246399e-03
8.185719000990207203e-03
8.199250606127396479e-03
8.212827022850205036e-03
8.226448474126492327e-03
8.240115184405804108e-03
8.254010517206950004e-03
8.267769035871449373e-03
8.281573498964803909e-03
7.971277755219796993e-03
7.768361581920904362e-03
7.780482223470427949e-03
7.792803117121246785e-03
7.805000208689845224e-03
7.817235541249504052e-03
7.829509294925473054e-03
7.841821650976034050e-03
7.854172791801419112e-03
7.866562900952821583e-03
7.878826181297267361e-03
7.891294256656961395e-03
7.903801855491452213e-03
7.916349166031665455e-03
7.929104477611940635e-03
7.941563681148341297e-03
7.954400442383767131e-03
7.967109047142279660e-03
7.979858325509943048e-03
7.645883456347102487e-03
7.657593269486022772e-03
7.669495858472236138e-03
7.681278164686603481e-03
7.693254554406695964e-03
7.705268348812361300e-03
7.717002099024571245e-03
7.728930934273171155e-03
7.741056499391036835e-03
7.753059874297056273e-03
7.765100532168223157e-03
7.777017358302744029e-03
7.561740809267154979e-03
7.573316145665484958e-03
7.584773969701248501e-03
7.596266515818820772e-03
7.607947877463478066e-03
7.619356407554510845e-03
7.630954072209932167e-03
7.642742443644937739e-03
7.654411465331216122e-03
7.211998316562727267e-03
7.222360581620337547e-03
7.232752666717827059e-03
7.243035542747358439e-03
7.253487253487253192e-03
7.264109135050771278e-03
7.274621796850879764e-03
7.285164930723299001e-03
7.295597484276729848e-03
7.306343146185003204e-03
7.316978495458426913e-03
7.327644852183716299e-03
7.338342352162572843e-03
7.349071131990876984e-03
7.359687652513421073e-03
7.370478983382209616e-03
7.381302006852667914e-03
7.392156862745098006e-03
7.403334446124541085e-03
7.414108438710692757e-03
7.425060070114625731e-03
7.436190776756479957e-03
7.447207790925073657e-03
7.458257497823850973e-03
7.469192059278043777e-03
7.480307148951368008e-03
7.491455369207535367e-03
7.502636868395391213e-03
7.513851795750787523e-03
7.525100301403221670e-03
7.536533194730424268e-03
7.547849763754304296e-03
7.559200368937099915e-03
7.570585164062814017e-03
6.552489252530855485e-03
6.561019214413413639e-03
6.569571413674441668e-03
6.578145937385796241e-03
6.586742873074510722e-03
6.595247234532575047e-03
6.603888956830132953e-03
6.612553355258554526e-03
6.621356502242152497e-03
6.630066826864048149e-03
6.638683503398373591e-03
6.647907140344706117e-03
6.656687505503213614e-03
6.665491095044965772e-03
6.674318001235984670e-03
6.683050158236240358e-03
6.691923662500442321e-03
6.700820761908138704e-03
6.710337114555041046e-03
6.719283276450512161e-03
6.728253324077534785e-03
6.737367436057392633e-03
6.746385864715331165e-03
6.755428469305692352e-03
6.764495347172512670e-03
6.773465218793677835e-03
6.782702314731742232e-03
6.791842601742880542e-03
6.801007556675063223e-03
6.810197279524366799e-03
6.819288845591816792e-03
6.828528072837633002e-03
6.837792369892006436e-03
6.847205869033602330e-03
6.856645322788368704e-03
6.866110838646395306e-03
6.875477463712757926e-03
6.884869679252499791e-03
6.894413336494792377e-03
6.903857393337229330e-03
6.913200921760122644e-03
6.922696555134333352e-03
6.932345443541731468e-03
6.942021266827055719e-03
6.951724137931034053e-03
6.961325966850828544e-03
6.970954356846473070e-03
6.980609418282548821e-03
6.990291262135922383e-03
7.000000000000000146e-03
7.009865736963133420e-03
7.019628962469126945e-03
7.029419422025513786e-03
7.039237229743570794e-03
7.049213956697685836e-03
7.058955349306243222e-03
7.068855892583311706e-03
7.078784246896009137e-03
7.088740529592678363e-03
7.098724858682792238e-03
7.108603667136812604e-03
7.118644067796609833e-03
7.128712871287128973e-03
7.138945022568886703e-03
7.149071377236448574e-03
7.159226500501903248e-03
7.169410515135422358e-03
7.179623544606735137e-03
7.190002472752173371e-03
7.200274296163663469e-03
7.210437967343201297e-03
7.220768305029704424e-03
6.183817650801938688e-03
6.191394125526840028e-03
6.198887798495257041e-03
6.206602908423948343e-03
6.214337246671476113e-03
6.221988738036215820e-03
6.229659094644793976e-03
6.237245737607794056e-03
6.244953780751042079e-03
6.252680898802256623e-03
6.260530575836664204e-03
6.268296313447893967e-03
6.276081340663708374e-03
6.283885729444729784e-03
6.291709552109964014e-03
6.299657591170505951e-03
6.307520761562401303e-03
6.315508823382379698e-03
6.323411639081687012e-03
6.331334257696998383e-03
6.339276753755059696e-03
6.347239202157056899e-03
6.355115113100927651e-03
6.363117423860850663e-03
6.371139912922150692e-03
6.379182656702349352e-03
6.387353377376297874e-03
6.395329216023758721e-03
6.403433186341594974e-03
6.411557720936527510e-03
6.419702898182495614e-03
6.427868796852209861e-03
6.435946202961554362e-03
6.444153503477122180e-03
6.452381763083523541e-03
6.460631062168657908e-03
6.468901481532054673e-03
6.477193102387503870e-03
6.485395027293417228e-03
6.493729011034198896e-03
6.502084441318258835e-03
6.510573239654373137e-03
6.518972100863463029e-03
6.527280242491044493e-03
6.535722292158857756e-03
6.544186207134716944e-03
6.552785366022338513e-03
6.561293561622491728e-03
6.095506969730995692e-03
6.102751055936531457e-03
6.110110625160792251e-03
6.117684939225629531e-03
6.125080593165699479e-03
6.132593118584985133e-03
6.140024883258736986e-03
6.147474682110848701e-03
6.154942580864607334e-03
6.162428645563051109e-03
6.169932942570914049e-03
6.177355116638218006e-03
6.184895833333333044e-03
6.192454982481871047e-03
6.090561224489796088e-03
6.098145014526994319e-03
6.105552536521433385e-03
6.112880254756684721e-03
6.120225583183798966e-03
6.062428770419146795e-03
6.069730586370839648e-03
6.076857170056801719e-03
6.084580434022813372e-03
6.091838844618345343e-03
6.099211720678398251e-03
6.027973564824262720e-03
6.035173746994200450e-03
6.042296072507552865e-03
6.049435228507963128e-03
6.056591274723194772e-03
6.063860025897735255e-03
6.071050260074939593e-03
6.029568376871515673e-03
6.036564332528458234e-03
5.746441969868397968e-03
5.752865254780392332e-03
5.759560721586415993e-03
5.766185653252068818e-03
5.772653177202506126e-03
5.779135225775541840e-03
5.785718568259487667e-03
5.792316926770708398e-03
5.798843235934800916e-03
5.805296957482967632e-03
5.811852565646832489e-03
5.818510702441965533e-03
5.825184112036701709e-03
5.831872847041759747e-03
5.838488648223495898e-03
5.845030966550068471e-03
5.851854097813892486e-03
5.858515336864631579e-03
5.865280880096033003e-03
5.871972739442618723e-03
5.878590356675093484e-03
5.885312638175248072e-03
5.892050311393332365e-03
5.898893575401919359e-03
5.905843112654722386e-03
5.912537336294708054e-03
5.919428299774570634e-03
5.926244357785488519e-03
5.933258527137740858e-03
5.940380738392403957e-03
5.947245162085541478e-03
5.954125468540313534e-03
5.961113770790542159e-03
5.968026222208478587e-03
5.974954723464854199e-03
5.981899330523184066e-03
5.988860099607465869e-03
5.995837087203702981e-03
6.002830350061427560e-03
6.009839945195241846e-03
6.016772142033232490e-03
6.023908361684197042e-03
6.031061529327208688e-03
6.038137250301124290e-03
5.754732412377879490e-03
5.750277880696554565e-03
5.756676557863501555e-03
5.763089491273672670e-03
5.713782112483659255e-03
5.719999411825253503e-03
5.726314549843961738e-03
5.732643647670837041e-03
5.739071421194730238e-03
5.745513625286168165e-03
5.752310536044362606e-03
5.758697261287934986e-03
5.696590809500160987e-03
5.702838258733385415e-03
5.709099426162314236e-03
5.715793176222300036e-03
5.722082838153087596e-03
5.655355954757152609e-03
5.661497473321459861e-03
5.667734500703030913e-03
5.673902948688181597e-03
5.680084838095791726e-03
5.686197519014586123e-03
5.692406242720707797e-03
5.698628539781091205e-03
5.704947692487269927e-03
5.645161290322580315e-03
5.651265047214013015e-03
5.657463666671477300e-03
5.663757729873432692e-03
5.653456088613968006e-03
5.655637694681691328e-03
5.661733007616036664e-03
5.611370109535078129e-03
5.617499361647800005e-03
5.623562157402936523e-03
5.629558022830985151e-03
5.635486487640353759e-03
5.641588192554813572e-03
5.647703124777157802e-03
5.653750606778789461e-03
5.659811053782497388e-03
5.666046644727428666e-03
5.672133495667120405e-03
5.678233438485804502e-03
5.621707134483099229e-03
5.627668900766381356e-03
5.633563582833201258e-03
5.523408732246186045e-03
5.529225908372827937e-03
5.535055350553505157e-03
5.540820152476704993e-03
5.546982524919715114e-03
5.552849488553337001e-03
5.558573995904208739e-03
5.564543121722637098e-03
5.570369543062167646e-03
5.576286109597082020e-03
5.582137161084529432e-03
5.588000504180496916e-03
5.593954603446100321e-03
5.599921404611864738e-03
5.606137244983982505e-03
5.612051141398371155e-03
5.617898427270039304e-03
5.623837176523651185e-03
5.629867930917711177e-03
5.514275079612346135e-03
5.519982336056524289e-03
5.525777753218765950e-03
5.531508857328558057e-03
5.495557074504443286e-03
5.501197399931576776e-03
5.507000191786076346e-03
5.512664042894559885e-03
5.518415308797891376e-03
5.524254500480967577e-03
5.530258216285372126e-03
5.536122510810587496e-03
5.441313476364716475e-03
5.446902834281698406e-03
5.452429916657647313e-03
5.458189993769808207e-03
5.463740018167274892e-03
5.469227115423763545e-03
5.474873996386311024e-03
5.480532550011559499e-03
5.486277499455456501e-03
5.491959662033251387e-03
5.497578609917468453e-03
5.503509682353262614e-03
5.427189682966146976e-03
5.432736270238287118e-03
5.438221001763383737e-03
5.443790171533289743e-03
5.449297256467668799e-03
5.182275338767258245e-03
5.187253445360930602e-03
5.192307692307692249e-03
5.197238405666914848e-03
5.202312138728323702e-03
5.207328833172613150e-03
5.212690649333933703e-03
5.217794612143934058e-03
5.222773873234895850e-03
5.227965095265141478e-03
5.233031411109531801e-03
5.238107555808479629e-03
5.243193557992309635e-03
5.248221436068887559e-03
5.253327107167873010e-03
5.258510997429172336e-03
5.263705128538379192e-03
5.268909530871906770e-03
5.273986873632670151e-03
5.279211637728765429e-03
5.284722584686048219e-03
5.289899557215814972e-03
5.295086682530136639e-03
5.300283990524924486e-03
5.305491511213581736e-03
5.310709274727580358e-03
5.316076866533655035e-03
5.321595164575258080e-03
5.326844666578981966e-03
5.332104535580277881e-03
5.337374802319451959e-03
5.342866942824727947e-03
5.348299768900627131e-03
5.353531347900225904e-03
5.358914985114125035e-03
5.364309461052464700e-03
5.369643614764531281e-03
5.375131060294371065e-03
5.380486767988096157e-03
5.386068037343405210e-03
5.391589120971284656e-03
5.397049612878293372e-03
5.402449110263319448e-03
5.407787213587565874e-03
5.413352937245204805e-03
5.418857624533376417e-03
5.424300867888138915e-03
5.429755057716285395e-03
5.435147285781385951e-03
5.091930669476007337e-03
5.096788772000301025e-03
5.101592048553082841e-03
5.106404386979926553e-03
5.111161467381725686e-03
5.116120821099587671e-03
5.121025214111830232e-03
5.125874302451834293e-03
5.131056795490735942e-03
5.135859940292465849e-03
5.140737176646365328e-03
5.145623685077690967e-03
5.150519492052215917e-03
5.155490089014743045e-03
5.160404697747724562e-03
5.165394402035623778e-03
5.170327921044253622e-03
5.175270873167622451e-03
5.180223285486443806e-03
5.185118963997905651e-03
5.190090251323089578e-03
5.028291863309530471e-03
5.032955346433031982e-03
5.037627487870085727e-03
5.042308311755888152e-03
5.047060428318101387e-03
5.051758806444405989e-03
5.056528761336812408e-03
5.061244792638189792e-03
5.066095745475366827e-03
5.071019187640169422e-03
5.075762299681985112e-03
5.080514292847335307e-03
5.085275192103454883e-03
5.090045022511255519e-03
5.094823809225761981e-03
5.099611577496554471e-03
4.894668650127165233e-03
4.899076620117433570e-03
4.903492536595918487e-03
4.908034500595460405e-03
4.912466588002985593e-03
4.917025199754148333e-03
4.921414182840186391e-03
4.925929950378499754e-03
4.930454012640330536e-03
4.934926701823987884e-03
4.939467312348668100e-03
4.943956376855498415e-03
4.948513626605538160e-03
4.953079285688271639e-03
4.957593137135774680e-03
4.962115223234375011e-03
4.966585107548478727e-03
4.971123620147671965e-03
4.975731115393058554e-03
4.980286366466071465e-03
4.984849965790245051e-03
4.989360921564311817e-03
4.993941174310578997e-03
4.998591083395611742e-03
5.003188306273605862e-03
5.007855459544383742e-03
5.012531328320801727e-03
5.017092545682595370e-03
5.021785687910789060e-03
5.026487618578292377e-03
5.031260404720506313e-03
5.035917944160557026e-03
4.893456646845574520e-03
4.897851651378344433e-03
4.902254557658424633e-03
4.644734457132499578e-03
4.648736904167989278e-03
4.652746255106672904e-03
4.656762527826995707e-03
4.660732758130704811e-03
4.664762836630903693e-03
4.668746726183697904e-03
4.672790681771557195e-03
4.676841648985924187e-03
4.680846205660399093e-03
4.684911158087184772e-03
4.688929551692588849e-03
4.692954844617409915e-03
4.697040864255519130e-03
4.701080101818515267e-03
4.705234286238911025e-03
4.709233543525952713e-03
4.713347971535976344e-03
4.717469595333157080e-03
4.721544060067253516e-03
4.725734505930220125e-03
4.729986963694465633e-03
4.734083088931482879e-03
4.738186314731137119e-03
4.742351512347463618e-03
4.746469090067145270e-03
4.750593824228028714e-03
4.754725733503420773e-03
4.758975311364665312e-03
4.763177155337662387e-03
4.767330992302504233e-03
4.771603142275240329e-03
4.775771694816540076e-03
4.780003264392472875e-03
4.784242339377815095e-03
4.788488939758472895e-03
4.792743085591378085e-03
4.796948672649202494e-03
4.801217869898706005e-03
4.805550997444853721e-03
4.809779102096360150e-03
4.813958130305627525e-03
4.818201048252521157e-03
4.822508174739467343e-03
4.826879834237882833e-03
4.831145570664341533e-03
4.835418853416046346e-03
4.839699702535530876e-03
4.843988138136363919e-03
4.848341512446047337e-03
4.852645283465498519e-03
4.856956702007936971e-03
4.861333428188619778e-03
4.865833541021350080e-03
4.870168436557147443e-03
4.874511062762302074e-03
4.878861440335094737e-03
4.883219590047760059e-03
4.887643798056863324e-03
4.892134402443681050e-03
4.896516307787849090e-03
4.900906069951469109e-03
4.620157827289282822e-03
4.624108368398551286e-03
4.628065671238430073e-03
4.632290786136940113e-03
4.636209813874788387e-03
4.640135478408128310e-03
4.644172749666658842e-03
4.648164483951957270e-03
4.652110428197901715e-03
0.000000000000000000e+00
