0.000000000000000000e+00
7.651821862348178183e-01
7.692307692307692735e-01
7.692307692307692735e-01
7.692307692307692735e-01
7.712550607287449456e-01
7.712550607287449456e-01
7.753036437246964008e-01
7.773279352226720729e-01
7.773279352226720729e-01
7.773279352226720729e-01
7.813765182186235281e-01
7.813765182186235281e-01
7.813765182186235281e-01
7.834008097165992002e-01
7.834008097165992002e-01
7.834008097165992002e-01
7.854251012145748723e-01
7.854251012145748723e-01
7.854251012145748723e-01
7.854251012145748723e-01
7.854251012145748723e-01
7.854251012145748723e-01
7.854251012145748723e-01
7.854251012145748723e-01
7.854251012145748723e-01
7.854251012145748723e-01
7.854251012145748723e-01
7.854251012145748723e-01
7.874493927125506554e-01
7.894736842105263275e-01
7.935222672064777827e-01
7.955465587044534548e-01
7.955465587044534548e-01
7.955465587044534548e-01
7.975708502024291269e-01
7.975708502024291269e-01
8.016194331983805821e-01
8.016194331983805821e-01
8.036437246963562542e-01
8.036437246963562542e-01
8.036437246963562542e-01
8.056680161943320373e-01
8.056680161943320373e-01
8.056680161943320373e-01
8.056680161943320373e-01
8.056680161943320373e-01
8.076923076923077094e-01
8.076923076923077094e-01
8.076923076923077094e-01
8.076923076923077094e-01
8.076923076923077094e-01
8.097165991902833815e-01
8.097165991902833815e-01
8.097165991902833815e-01
8.097165991902833815e-01
8.117408906882591646e-01
8.137651821862348367e-01
8.137651821862348367e-01
8.137651821862348367e-01
8.137651821862348367e-01
8.137651821862348367e-01
8.157894736842105088e-01
8.198380566801619640e-01
8.198380566801619640e-01
8.198380566801619640e-01
8.218623481781376361e-01
8.238866396761133082e-01
8.238866396761133082e-01
8.238866396761133082e-01
8.238866396761133082e-01
8.238866396761133082e-01
8.238866396761133082e-01
8.238866396761133082e-01
8.238866396761133082e-01
8.238866396761133082e-01
8.238866396761133082e-01
8.238866396761133082e-01
8.259109311740890913e-01
8.259109311740890913e-01
8.259109311740890913e-01
8.259109311740890913e-01
8.259109311740890913e-01
8.259109311740890913e-01
8.259109311740890913e-01
8.279352226720647634e-01
8.279352226720647634e-01
8.299595141700404355e-01
8.299595141700404355e-01
8.299595141700404355e-01
8.319838056680162186e-01
8.319838056680162186e-01
8.319838056680162186e-01
8.340080971659918907e-01
8.340080971659918907e-01
8.340080971659918907e-01
8.340080971659918907e-01
8.360323886639675628e-01
8.360323886639675628e-01
8.380566801619433459e-01
8.380566801619433459e-01
8.380566801619433459e-01
8.380566801619433459e-01
8.380566801619433459e-01
8.380566801619433459e-01
8.380566801619433459e-01
8.380566801619433459e-01
8.380566801619433459e-01
8.380566801619433459e-01
8.380566801619433459e-01
8.421052631578946901e-01
8.421052631578946901e-01
8.421052631578946901e-01
8.421052631578946901e-01
8.421052631578946901e-01
8.421052631578946901e-01
8.441295546558704732e-01
8.441295546558704732e-01
8.441295546558704732e-01
8.461538461538461453e-01
8.461538461538461453e-01
8.461538461538461453e-01
8.481781376518218174e-01
8.481781376518218174e-01
8.502024291497976005e-01
8.502024291497976005e-01
8.502024291497976005e-01
8.522267206477732726e-01
8.522267206477732726e-01
8.522267206477732726e-01
8.522267206477732726e-01
8.522267206477732726e-01
8.522267206477732726e-01
8.522267206477732726e-01
8.522267206477732726e-01
8.522267206477732726e-01
8.522267206477732726e-01
8.522267206477732726e-01
8.522267206477732726e-01
8.522267206477732726e-01
8.522267206477732726e-01
8.542510121457489447e-01
8.542510121457489447e-01
8.542510121457489447e-01
8.542510121457489447e-01
8.542510121457489447e-01
8.542510121457489447e-01
8.562753036437247278e-01
8.562753036437247278e-01
8.562753036437247278e-01
8.562753036437247278e-01
8.562753036437247278e-01
8.562753036437247278e-01
8.562753036437247278e-01
8.562753036437247278e-01
8.562753036437247278e-01
8.562753036437247278e-01
8.562753036437247278e-01
8.562753036437247278e-01
8.582995951417003999e-01
8.582995951417003999e-01
8.582995951417003999e-01
8.582995951417003999e-01
8.582995951417003999e-01
8.582995951417003999e-01
8.582995951417003999e-01
8.582995951417003999e-01
8.582995951417003999e-01
8.582995951417003999e-01
8.582995951417003999e-01
8.582995951417003999e-01
8.582995951417003999e-01
8.582995951417003999e-01
8.582995951417003999e-01
8.582995951417003999e-01
8.603238866396760720e-01
8.603238866396760720e-01
8.603238866396760720e-01
8.623481781376518551e-01
8.623481781376518551e-01
8.623481781376518551e-01
8.623481781376518551e-01
8.623481781376518551e-01
8.623481781376518551e-01
8.643724696356275272e-01
8.643724696356275272e-01
8.643724696356275272e-01
8.643724696356275272e-01
8.643724696356275272e-01
8.643724696356275272e-01
8.643724696356275272e-01
8.643724696356275272e-01
8.663967611336031993e-01
8.663967611336031993e-01
8.663967611336031993e-01
8.663967611336031993e-01
8.663967611336031993e-01
8.663967611336031993e-01
8.663967611336031993e-01
8.663967611336031993e-01
8.663967611336031993e-01
8.663967611336031993e-01
8.663967611336031993e-01
8.663967611336031993e-01
8.663967611336031993e-01
8.684210526315789824e-01
8.684210526315789824e-01
8.684210526315789824e-01
8.684210526315789824e-01
8.684210526315789824e-01
8.684210526315789824e-01
8.684210526315789824e-01
8.684210526315789824e-01
8.684210526315789824e-01
8.684210526315789824e-01
8.684210526315789824e-01
8.704453441295546545e-01
8.704453441295546545e-01
8.724696356275303266e-01
8.724696356275303266e-01
8.724696356275303266e-01
8.724696356275303266e-01
8.744939271255061097e-01
8.765182186234817818e-01
8.765182186234817818e-01
8.765182186234817818e-01
8.765182186234817818e-01
8.765182186234817818e-01
8.765182186234817818e-01
8.765182186234817818e-01
8.765182186234817818e-01
8.765182186234817818e-01
8.765182186234817818e-01
8.765182186234817818e-01
8.765182186234817818e-01
8.765182186234817818e-01
8.765182186234817818e-01
8.765182186234817818e-01
8.765182186234817818e-01
8.765182186234817818e-01
8.765182186234817818e-01
8.765182186234817818e-01
8.765182186234817818e-01
8.765182186234817818e-01
8.765182186234817818e-01
8.765182186234817818e-01
8.765182186234817818e-01
8.765182186234817818e-01
8.765182186234817818e-01
8.765182186234817818e-01
8.765182186234817818e-01
8.765182186234817818e-01
8.765182186234817818e-01
8.765182186234817818e-01
8.765182186234817818e-01
8.765182186234817818e-01
8.765182186234817818e-01
8.765182186234817818e-01
8.785425101214574539e-01
8.785425101214574539e-01
8.785425101214574539e-01
8.785425101214574539e-01
8.785425101214574539e-01
8.785425101214574539e-01
8.785425101214574539e-01
8.785425101214574539e-01
8.805668016194332370e-01
8.805668016194332370e-01
8.825910931174089091e-01
8.825910931174089091e-01
8.846153846153845812e-01
8.846153846153845812e-01
8.846153846153845812e-01
8.866396761133603643e-01
8.866396761133603643e-01
8.886639676113360364e-01
8.886639676113360364e-01
8.886639676113360364e-01
8.886639676113360364e-01
8.886639676113360364e-01
8.886639676113360364e-01
8.886639676113360364e-01
8.886639676113360364e-01
8.886639676113360364e-01
8.886639676113360364e-01
8.886639676113360364e-01
8.886639676113360364e-01
8.886639676113360364e-01
8.886639676113360364e-01
8.886639676113360364e-01
8.886639676113360364e-01
8.886639676113360364e-01
8.886639676113360364e-01
8.886639676113360364e-01
8.886639676113360364e-01
8.886639676113360364e-01
8.886639676113360364e-01
8.886639676113360364e-01
8.886639676113360364e-01
8.886639676113360364e-01
8.886639676113360364e-01
8.886639676113360364e-01
8.886639676113360364e-01
8.886639676113360364e-01
8.886639676113360364e-01
8.906882591093117085e-01
8.906882591093117085e-01
8.906882591093117085e-01
8.906882591093117085e-01
8.906882591093117085e-01
8.906882591093117085e-01
8.906882591093117085e-01
8.906882591093117085e-01
8.906882591093117085e-01
8.906882591093117085e-01
8.906882591093117085e-01
8.906882591093117085e-01
8.906882591093117085e-01
8.906882591093117085e-01
8.906882591093117085e-01
8.906882591093117085e-01
8.906882591093117085e-01
8.906882591093117085e-01
8.906882591093117085e-01
8.906882591093117085e-01
8.906882591093117085e-01
8.906882591093117085e-01
8.906882591093117085e-01
8.927125506072874916e-01
8.927125506072874916e-01
8.927125506072874916e-01
8.927125506072874916e-01
8.927125506072874916e-01
8.927125506072874916e-01
8.927125506072874916e-01
8.927125506072874916e-01
8.927125506072874916e-01
8.927125506072874916e-01
8.927125506072874916e-01
8.927125506072874916e-01
8.927125506072874916e-01
8.927125506072874916e-01
8.927125506072874916e-01
8.927125506072874916e-01
8.927125506072874916e-01
8.927125506072874916e-01
8.927125506072874916e-01
8.927125506072874916e-01
8.927125506072874916e-01
8.927125506072874916e-01
8.927125506072874916e-01
8.927125506072874916e-01
8.927125506072874916e-01
8.927125506072874916e-01
8.927125506072874916e-01
8.927125506072874916e-01
8.927125506072874916e-01
8.927125506072874916e-01
8.927125506072874916e-01
8.927125506072874916e-01
8.927125506072874916e-01
8.927125506072874916e-01
8.927125506072874916e-01
8.927125506072874916e-01
8.927125506072874916e-01
8.927125506072874916e-01
8.927125506072874916e-01
8.927125506072874916e-01
8.927125506072874916e-01
8.927125506072874916e-01
8.927125506072874916e-01
8.927125506072874916e-01
8.927125506072874916e-01
8.927125506072874916e-01
8.927125506072874916e-01
8.927125506072874916e-01
8.927125506072874916e-01
8.927125506072874916e-01
8.927125506072874916e-01
8.927125506072874916e-01
8.927125506072874916e-01
8.927125506072874916e-01
8.947368421052631637e-01
8.947368421052631637e-01
8.947368421052631637e-01
8.947368421052631637e-01
8.947368421052631637e-01
8.947368421052631637e-01
8.947368421052631637e-01
8.947368421052631637e-01
8.947368421052631637e-01
8.947368421052631637e-01
8.947368421052631637e-01
8.947368421052631637e-01
8.947368421052631637e-01
8.947368421052631637e-01
8.947368421052631637e-01
8.947368421052631637e-01
8.947368421052631637e-01
8.947368421052631637e-01
8.967611336032388358e-01
8.967611336032388358e-01
8.967611336032388358e-01
8.967611336032388358e-01
8.967611336032388358e-01
8.967611336032388358e-01
8.967611336032388358e-01
8.987854251012146189e-01
8.987854251012146189e-01
8.987854251012146189e-01
8.987854251012146189e-01
8.987854251012146189e-01
8.987854251012146189e-01
9.008097165991902910e-01
9.008097165991902910e-01
9.008097165991902910e-01
9.008097165991902910e-01
9.008097165991902910e-01
9.008097165991902910e-01
9.008097165991902910e-01
9.008097165991902910e-01
9.008097165991902910e-01
9.008097165991902910e-01
9.028340080971659631e-01
9.028340080971659631e-01
9.028340080971659631e-01
9.028340080971659631e-01
9.028340080971659631e-01
9.028340080971659631e-01
9.028340080971659631e-01
9.028340080971659631e-01
9.048582995951417463e-01
9.048582995951417463e-01
9.048582995951417463e-01
9.048582995951417463e-01
9.048582995951417463e-01
9.048582995951417463e-01
9.048582995951417463e-01
9.048582995951417463e-01
9.048582995951417463e-01
9.048582995951417463e-01
9.048582995951417463e-01
9.048582995951417463e-01
9.048582995951417463e-01
9.048582995951417463e-01
9.048582995951417463e-01
9.048582995951417463e-01
9.048582995951417463e-01
9.048582995951417463e-01
9.048582995951417463e-01
9.048582995951417463e-01
9.048582995951417463e-01
9.048582995951417463e-01
9.048582995951417463e-01
9.048582995951417463e-01
9.048582995951417463e-01
9.048582995951417463e-01
9.048582995951417463e-01
9.048582995951417463e-01
9.048582995951417463e-01
9.048582995951417463e-01
9.048582995951417463e-01
9.048582995951417463e-01
9.048582995951417463e-01
9.048582995951417463e-01
9.048582995951417463e-01
9.048582995951417463e-01
9.048582995951417463e-01
9.048582995951417463e-01
9.048582995951417463e-01
9.048582995951417463e-01
9.048582995951417463e-01
9.048582995951417463e-01
9.068825910931174183e-01
9.068825910931174183e-01
9.068825910931174183e-01
9.068825910931174183e-01
9.068825910931174183e-01
9.068825910931174183e-01
9.068825910931174183e-01
9.068825910931174183e-01
9.068825910931174183e-01
9.068825910931174183e-01
9.068825910931174183e-01
9.068825910931174183e-01
9.068825910931174183e-01
9.068825910931174183e-01
9.068825910931174183e-01
9.068825910931174183e-01
9.068825910931174183e-01
9.068825910931174183e-01
9.068825910931174183e-01
9.068825910931174183e-01
9.068825910931174183e-01
9.068825910931174183e-01
9.089068825910930904e-01
9.089068825910930904e-01
9.089068825910930904e-01
9.089068825910930904e-01
9.089068825910930904e-01
9.089068825910930904e-01
9.089068825910930904e-01
9.109311740890688736e-01
9.109311740890688736e-01
9.109311740890688736e-01
9.129554655870445457e-01
9.129554655870445457e-01
9.129554655870445457e-01
9.129554655870445457e-01
9.129554655870445457e-01
9.129554655870445457e-01
9.129554655870445457e-01
9.129554655870445457e-01
9.129554655870445457e-01
9.149797570850202177e-01
9.170040485829960009e-01
9.170040485829960009e-01
9.190283400809716730e-01
9.190283400809716730e-01
9.190283400809716730e-01
9.190283400809716730e-01
9.190283400809716730e-01
9.190283400809716730e-01
9.190283400809716730e-01
9.190283400809716730e-01
9.190283400809716730e-01
9.210526315789473450e-01
9.210526315789473450e-01
9.210526315789473450e-01
9.210526315789473450e-01
9.230769230769231282e-01
9.230769230769231282e-01
9.251012145748988003e-01
9.251012145748988003e-01
9.251012145748988003e-01
9.251012145748988003e-01
9.251012145748988003e-01
9.251012145748988003e-01
9.251012145748988003e-01
9.251012145748988003e-01
9.251012145748988003e-01
9.251012145748988003e-01
9.251012145748988003e-01
9.271255060728744724e-01
9.271255060728744724e-01
9.271255060728744724e-01
9.271255060728744724e-01
9.271255060728744724e-01
9.271255060728744724e-01
9.271255060728744724e-01
9.271255060728744724e-01
9.271255060728744724e-01
9.271255060728744724e-01
9.271255060728744724e-01
9.271255060728744724e-01
9.271255060728744724e-01
9.271255060728744724e-01
9.271255060728744724e-01
9.271255060728744724e-01
9.271255060728744724e-01
9.271255060728744724e-01
9.271255060728744724e-01
9.271255060728744724e-01
9.271255060728744724e-01
9.271255060728744724e-01
9.271255060728744724e-01
9.271255060728744724e-01
9.271255060728744724e-01
9.271255060728744724e-01
9.271255060728744724e-01
9.271255060728744724e-01
9.271255060728744724e-01
9.271255060728744724e-01
9.271255060728744724e-01
9.271255060728744724e-01
9.271255060728744724e-01
9.271255060728744724e-01
9.271255060728744724e-01
9.271255060728744724e-01
9.271255060728744724e-01
9.271255060728744724e-01
9.271255060728744724e-01
9.271255060728744724e-01
9.271255060728744724e-01
9.271255060728744724e-01
9.271255060728744724e-01
9.271255060728744724e-01
9.271255060728744724e-01
9.271255060728744724e-01
9.271255060728744724e-01
9.271255060728744724e-01
9.271255060728744724e-01
9.271255060728744724e-01
9.271255060728744724e-01
9.271255060728744724e-01
9.271255060728744724e-01
9.271255060728744724e-01
9.271255060728744724e-01
9.271255060728744724e-01
9.271255060728744724e-01
9.271255060728744724e-01
9.271255060728744724e-01
9.271255060728744724e-01
9.271255060728744724e-01
9.271255060728744724e-01
9.291497975708502555e-01
9.291497975708502555e-01
9.291497975708502555e-01
9.291497975708502555e-01
9.291497975708502555e-01
9.291497975708502555e-01
9.291497975708502555e-01
9.291497975708502555e-01
9.291497975708502555e-01
9.291497975708502555e-01
9.291497975708502555e-01
9.291497975708502555e-01
9.291497975708502555e-01
9.291497975708502555e-01
9.291497975708502555e-01
9.291497975708502555e-01
9.291497975708502555e-01
9.291497975708502555e-01
9.291497975708502555e-01
9.291497975708502555e-01
9.291497975708502555e-01
9.291497975708502555e-01
9.291497975708502555e-01
9.291497975708502555e-01
9.291497975708502555e-01
9.291497975708502555e-01
9.291497975708502555e-01
9.291497975708502555e-01
9.291497975708502555e-01
9.291497975708502555e-01
9.291497975708502555e-01
9.291497975708502555e-01
9.291497975708502555e-01
9.291497975708502555e-01
9.291497975708502555e-01
9.291497975708502555e-01
9.291497975708502555e-01
9.291497975708502555e-01
9.291497975708502555e-01
9.291497975708502555e-01
9.291497975708502555e-01
9.291497975708502555e-01
9.291497975708502555e-01
9.291497975708502555e-01
9.291497975708502555e-01
9.291497975708502555e-01
9.291497975708502555e-01
9.291497975708502555e-01
9.291497975708502555e-01
9.291497975708502555e-01
9.291497975708502555e-01
9.311740890688259276e-01
9.311740890688259276e-01
9.311740890688259276e-01
9.311740890688259276e-01
9.311740890688259276e-01
9.311740890688259276e-01
9.311740890688259276e-01
9.311740890688259276e-01
9.311740890688259276e-01
9.311740890688259276e-01
9.311740890688259276e-01
9.311740890688259276e-01
9.311740890688259276e-01
9.311740890688259276e-01
9.311740890688259276e-01
9.311740890688259276e-01
9.311740890688259276e-01
9.311740890688259276e-01
9.311740890688259276e-01
9.311740890688259276e-01
9.311740890688259276e-01
9.311740890688259276e-01
9.311740890688259276e-01
9.311740890688259276e-01
9.311740890688259276e-01
9.311740890688259276e-01
9.311740890688259276e-01
9.331983805668015997e-01
9.331983805668015997e-01
9.331983805668015997e-01
9.331983805668015997e-01
9.331983805668015997e-01
9.331983805668015997e-01
9.331983805668015997e-01
9.331983805668015997e-01
9.331983805668015997e-01
9.331983805668015997e-01
9.331983805668015997e-01
9.331983805668015997e-01
9.331983805668015997e-01
9.331983805668015997e-01
9.331983805668015997e-01
9.331983805668015997e-01
9.331983805668015997e-01
9.331983805668015997e-01
9.352226720647773828e-01
9.352226720647773828e-01
9.352226720647773828e-01
9.352226720647773828e-01
9.352226720647773828e-01
9.352226720647773828e-01
9.352226720647773828e-01
9.352226720647773828e-01
9.352226720647773828e-01
9.352226720647773828e-01
9.352226720647773828e-01
9.352226720647773828e-01
9.352226720647773828e-01
9.352226720647773828e-01
9.352226720647773828e-01
9.352226720647773828e-01
9.372469635627530549e-01
9.372469635627530549e-01
9.372469635627530549e-01
9.372469635627530549e-01
9.372469635627530549e-01
9.372469635627530549e-01
9.372469635627530549e-01
9.372469635627530549e-01
9.372469635627530549e-01
9.392712550607287270e-01
9.392712550607287270e-01
9.392712550607287270e-01
9.392712550607287270e-01
9.392712550607287270e-01
9.392712550607287270e-01
9.392712550607287270e-01
9.392712550607287270e-01
9.392712550607287270e-01
9.392712550607287270e-01
9.392712550607287270e-01
9.392712550607287270e-01
9.392712550607287270e-01
9.392712550607287270e-01
9.392712550607287270e-01
9.392712550607287270e-01
9.392712550607287270e-01
9.392712550607287270e-01
9.392712550607287270e-01
9.392712550607287270e-01
9.392712550607287270e-01
9.392712550607287270e-01
9.392712550607287270e-01
9.392712550607287270e-01
9.392712550607287270e-01
9.392712550607287270e-01
9.392712550607287270e-01
9.392712550607287270e-01
9.392712550607287270e-01
9.392712550607287270e-01
9.392712550607287270e-01
9.392712550607287270e-01
9.392712550607287270e-01
9.392712550607287270e-01
9.392712550607287270e-01
9.392712550607287270e-01
9.392712550607287270e-01
9.392712550607287270e-01
9.392712550607287270e-01
9.392712550607287270e-01
9.392712550607287270e-01
9.392712550607287270e-01
9.392712550607287270e-01
9.392712550607287270e-01
9.392712550607287270e-01
9.392712550607287270e-01
9.392712550607287270e-01
9.392712550607287270e-01
9.392712550607287270e-01
9.392712550607287270e-01
9.392712550607287270e-01
9.392712550607287270e-01
9.392712550607287270e-01
9.392712550607287270e-01
9.392712550607287270e-01
9.392712550607287270e-01
9.392712550607287270e-01
9.392712550607287270e-01
9.392712550607287270e-01
9.392712550607287270e-01
9.392712550607287270e-01
9.392712550607287270e-01
9.392712550607287270e-01
9.392712550607287270e-01
9.392712550607287270e-01
9.392712550607287270e-01
9.392712550607287270e-01
9.392712550607287270e-01
9.392712550607287270e-01
9.392712550607287270e-01
9.392712550607287270e-01
9.392712550607287270e-01
9.412955465587043991e-01
9.412955465587043991e-01
9.412955465587043991e-01
9.412955465587043991e-01
9.412955465587043991e-01
9.412955465587043991e-01
9.412955465587043991e-01
9.412955465587043991e-01
9.412955465587043991e-01
9.412955465587043991e-01
9.412955465587043991e-01
9.412955465587043991e-01
9.412955465587043991e-01
9.412955465587043991e-01
9.412955465587043991e-01
9.412955465587043991e-01
9.412955465587043991e-01
9.412955465587043991e-01
9.433198380566801822e-01
9.433198380566801822e-01
9.433198380566801822e-01
9.433198380566801822e-01
9.433198380566801822e-01
9.433198380566801822e-01
9.433198380566801822e-01
9.433198380566801822e-01
9.433198380566801822e-01
9.433198380566801822e-01
9.433198380566801822e-01
9.433198380566801822e-01
9.433198380566801822e-01
9.433198380566801822e-01
9.433198380566801822e-01
9.433198380566801822e-01
9.433198380566801822e-01
9.433198380566801822e-01
9.453441295546558543e-01
9.453441295546558543e-01
9.453441295546558543e-01
9.453441295546558543e-01
9.453441295546558543e-01
9.453441295546558543e-01
9.453441295546558543e-01
9.453441295546558543e-01
9.453441295546558543e-01
9.453441295546558543e-01
9.453441295546558543e-01
9.453441295546558543e-01
9.453441295546558543e-01
9.453441295546558543e-01
9.453441295546558543e-01
9.453441295546558543e-01
9.453441295546558543e-01
9.453441295546558543e-01
9.453441295546558543e-01
9.453441295546558543e-01
9.453441295546558543e-01
9.453441295546558543e-01
9.453441295546558543e-01
9.453441295546558543e-01
9.453441295546558543e-01
9.453441295546558543e-01
9.453441295546558543e-01
9.453441295546558543e-01
9.453441295546558543e-01
9.453441295546558543e-01
9.453441295546558543e-01
9.453441295546558543e-01
9.453441295546558543e-01
9.453441295546558543e-01
9.453441295546558543e-01
9.453441295546558543e-01
9.453441295546558543e-01
9.453441295546558543e-01
9.453441295546558543e-01
9.453441295546558543e-01
9.453441295546558543e-01
9.453441295546558543e-01
9.453441295546558543e-01
9.453441295546558543e-01
9.453441295546558543e-01
9.453441295546558543e-01
9.453441295546558543e-01
9.453441295546558543e-01
9.453441295546558543e-01
9.453441295546558543e-01
9.453441295546558543e-01
9.473684210526315264e-01
9.473684210526315264e-01
9.473684210526315264e-01
9.473684210526315264e-01
9.473684210526315264e-01
9.473684210526315264e-01
9.473684210526315264e-01
9.473684210526315264e-01
9.473684210526315264e-01
9.473684210526315264e-01
9.473684210526315264e-01
9.473684210526315264e-01
9.473684210526315264e-01
9.473684210526315264e-01
9.473684210526315264e-01
9.473684210526315264e-01
9.473684210526315264e-01
9.473684210526315264e-01
9.473684210526315264e-01
9.473684210526315264e-01
9.473684210526315264e-01
9.473684210526315264e-01
9.473684210526315264e-01
9.493927125506073095e-01
9.493927125506073095e-01
9.493927125506073095e-01
9.493927125506073095e-01
9.493927125506073095e-01
9.493927125506073095e-01
9.493927125506073095e-01
9.493927125506073095e-01
9.493927125506073095e-01
9.493927125506073095e-01
9.493927125506073095e-01
9.493927125506073095e-01
9.493927125506073095e-01
9.493927125506073095e-01
9.493927125506073095e-01
9.493927125506073095e-01
9.493927125506073095e-01
9.493927125506073095e-01
9.493927125506073095e-01
9.493927125506073095e-01
9.493927125506073095e-01
9.493927125506073095e-01
9.493927125506073095e-01
9.493927125506073095e-01
9.493927125506073095e-01
9.493927125506073095e-01
9.493927125506073095e-01
9.493927125506073095e-01
9.514170040485829816e-01
9.514170040485829816e-01
9.514170040485829816e-01
9.514170040485829816e-01
9.514170040485829816e-01
9.514170040485829816e-01
9.514170040485829816e-01
9.514170040485829816e-01
9.514170040485829816e-01
9.514170040485829816e-01
9.514170040485829816e-01
9.514170040485829816e-01
9.514170040485829816e-01
9.514170040485829816e-01
9.514170040485829816e-01
9.514170040485829816e-01
9.514170040485829816e-01
9.514170040485829816e-01
9.514170040485829816e-01
9.514170040485829816e-01
9.514170040485829816e-01
9.514170040485829816e-01
9.514170040485829816e-01
9.514170040485829816e-01
9.514170040485829816e-01
9.514170040485829816e-01
9.514170040485829816e-01
9.514170040485829816e-01
9.514170040485829816e-01
9.514170040485829816e-01
9.514170040485829816e-01
9.514170040485829816e-01
9.514170040485829816e-01
9.514170040485829816e-01
9.514170040485829816e-01
9.514170040485829816e-01
9.514170040485829816e-01
9.514170040485829816e-01
9.514170040485829816e-01
9.514170040485829816e-01
9.514170040485829816e-01
9.514170040485829816e-01
9.514170040485829816e-01
9.514170040485829816e-01
9.514170040485829816e-01
9.514170040485829816e-01
9.514170040485829816e-01
9.514170040485829816e-01
9.514170040485829816e-01
9.514170040485829816e-01
9.514170040485829816e-01
9.514170040485829816e-01
9.514170040485829816e-01
9.514170040485829816e-01
9.514170040485829816e-01
9.514170040485829816e-01
9.514170040485829816e-01
9.514170040485829816e-01
9.514170040485829816e-01
9.514170040485829816e-01
9.514170040485829816e-01
9.514170040485829816e-01
9.514170040485829816e-01
1.000000000000000000e+00
