0.000000000000000000e+00
6.659919028340081093e-01
6.659919028340081093e-01
6.659919028340081093e-01
6.659919028340081093e-01
6.680161943319837814e-01
6.720647773279352366e-01
6.761133603238866918e-01
6.761133603238866918e-01
6.761133603238866918e-01
6.761133603238866918e-01
6.781376518218623639e-01
6.821862348178138191e-01
6.821862348178138191e-01
6.821862348178138191e-01
6.821862348178138191e-01
6.821862348178138191e-01
6.821862348178138191e-01
6.821862348178138191e-01
6.821862348178138191e-01
6.821862348178138191e-01
6.821862348178138191e-01
6.821862348178138191e-01
6.862348178137651633e-01
6.862348178137651633e-01
6.862348178137651633e-01
6.882591093117408354e-01
6.902834008097166185e-01
6.902834008097166185e-01
6.902834008097166185e-01
6.902834008097166185e-01
6.902834008097166185e-01
6.902834008097166185e-01
6.902834008097166185e-01
6.902834008097166185e-01
6.923076923076922906e-01
6.923076923076922906e-01
6.943319838056679627e-01
6.943319838056679627e-01
6.943319838056679627e-01
6.943319838056679627e-01
6.943319838056679627e-01
6.943319838056679627e-01
6.943319838056679627e-01
6.943319838056679627e-01
6.943319838056679627e-01
6.943319838056679627e-01
6.943319838056679627e-01
6.943319838056679627e-01
6.963562753036437458e-01
6.963562753036437458e-01
6.963562753036437458e-01
6.983805668016194179e-01
6.983805668016194179e-01
6.983805668016194179e-01
6.983805668016194179e-01
6.983805668016194179e-01
6.983805668016194179e-01
6.983805668016194179e-01
6.983805668016194179e-01
6.983805668016194179e-01
6.983805668016194179e-01
6.983805668016194179e-01
6.983805668016194179e-01
6.983805668016194179e-01
6.983805668016194179e-01
7.004048582995950900e-01
7.004048582995950900e-01
7.004048582995950900e-01
7.004048582995950900e-01
7.004048582995950900e-01
7.004048582995950900e-01
7.004048582995950900e-01
7.004048582995950900e-01
7.004048582995950900e-01
7.004048582995950900e-01
7.004048582995950900e-01
7.024291497975708731e-01
7.024291497975708731e-01
7.024291497975708731e-01
7.024291497975708731e-01
7.024291497975708731e-01
7.024291497975708731e-01
7.024291497975708731e-01
7.024291497975708731e-01
7.024291497975708731e-01
7.024291497975708731e-01
7.024291497975708731e-01
7.044534412955465452e-01
7.044534412955465452e-01
7.044534412955465452e-01
7.064777327935222173e-01
7.064777327935222173e-01
7.085020242914980004e-01
7.105263157894736725e-01
7.105263157894736725e-01
7.105263157894736725e-01
7.105263157894736725e-01
7.105263157894736725e-01
7.105263157894736725e-01
7.105263157894736725e-01
7.105263157894736725e-01
7.105263157894736725e-01
7.105263157894736725e-01
7.105263157894736725e-01
7.105263157894736725e-01
7.125506072874493446e-01
7.125506072874493446e-01
7.125506072874493446e-01
7.125506072874493446e-01
7.125506072874493446e-01
7.145748987854251277e-01
7.145748987854251277e-01
7.145748987854251277e-01
7.145748987854251277e-01
7.145748987854251277e-01
7.145748987854251277e-01
7.145748987854251277e-01
7.145748987854251277e-01
7.145748987854251277e-01
7.145748987854251277e-01
7.145748987854251277e-01
7.145748987854251277e-01
7.145748987854251277e-01
7.145748987854251277e-01
7.145748987854251277e-01
7.145748987854251277e-01
7.145748987854251277e-01
7.145748987854251277e-01
7.165991902834007998e-01
7.165991902834007998e-01
7.165991902834007998e-01
7.165991902834007998e-01
7.165991902834007998e-01
7.165991902834007998e-01
7.165991902834007998e-01
7.165991902834007998e-01
7.165991902834007998e-01
7.165991902834007998e-01
7.165991902834007998e-01
7.165991902834007998e-01
7.165991902834007998e-01
7.165991902834007998e-01
7.165991902834007998e-01
7.165991902834007998e-01
7.165991902834007998e-01
7.165991902834007998e-01
7.165991902834007998e-01
7.165991902834007998e-01
7.165991902834007998e-01
7.165991902834007998e-01
7.165991902834007998e-01
7.165991902834007998e-01
7.165991902834007998e-01
7.165991902834007998e-01
7.165991902834007998e-01
7.165991902834007998e-01
7.165991902834007998e-01
7.165991902834007998e-01
7.165991902834007998e-01
7.165991902834007998e-01
7.165991902834007998e-01
7.165991902834007998e-01
7.186234817813764719e-01
7.186234817813764719e-01
7.186234817813764719e-01
7.186234817813764719e-01
7.186234817813764719e-01
7.186234817813764719e-01
7.186234817813764719e-01
7.186234817813764719e-01
7.186234817813764719e-01
7.186234817813764719e-01
7.186234817813764719e-01
7.186234817813764719e-01
7.186234817813764719e-01
7.186234817813764719e-01
7.186234817813764719e-01
7.226720647773279271e-01
7.226720647773279271e-01
7.226720647773279271e-01
7.226720647773279271e-01
7.246963562753035992e-01
7.246963562753035992e-01
7.246963562753035992e-01
7.246963562753035992e-01
7.246963562753035992e-01
7.246963562753035992e-01
7.267206477732793823e-01
7.267206477732793823e-01
7.267206477732793823e-01
7.267206477732793823e-01
7.267206477732793823e-01
7.267206477732793823e-01
7.267206477732793823e-01
7.267206477732793823e-01
7.267206477732793823e-01
7.267206477732793823e-01
7.267206477732793823e-01
7.267206477732793823e-01
7.267206477732793823e-01
7.267206477732793823e-01
7.267206477732793823e-01
7.267206477732793823e-01
7.267206477732793823e-01
7.267206477732793823e-01
7.267206477732793823e-01
7.267206477732793823e-01
7.267206477732793823e-01
7.267206477732793823e-01
7.287449392712550544e-01
7.287449392712550544e-01
7.287449392712550544e-01
7.287449392712550544e-01
7.307692307692307265e-01
7.307692307692307265e-01
7.307692307692307265e-01
7.307692307692307265e-01
7.307692307692307265e-01
7.307692307692307265e-01
7.307692307692307265e-01
7.307692307692307265e-01
7.307692307692307265e-01
7.307692307692307265e-01
7.307692307692307265e-01
7.307692307692307265e-01
7.307692307692307265e-01
7.307692307692307265e-01
7.307692307692307265e-01
7.307692307692307265e-01
7.307692307692307265e-01
7.307692307692307265e-01
7.307692307692307265e-01
7.307692307692307265e-01
7.307692307692307265e-01
7.307692307692307265e-01
7.307692307692307265e-01
7.307692307692307265e-01
7.307692307692307265e-01
7.307692307692307265e-01
7.307692307692307265e-01
7.307692307692307265e-01
7.307692307692307265e-01
7.307692307692307265e-01
7.307692307692307265e-01
7.307692307692307265e-01
7.307692307692307265e-01
7.307692307692307265e-01
7.307692307692307265e-01
7.307692307692307265e-01
7.307692307692307265e-01
7.307692307692307265e-01
7.307692307692307265e-01
7.307692307692307265e-01
7.327935222672065096e-01
7.327935222672065096e-01
7.327935222672065096e-01
7.348178137651821817e-01
7.348178137651821817e-01
7.348178137651821817e-01
7.348178137651821817e-01
7.348178137651821817e-01
7.348178137651821817e-01
7.348178137651821817e-01
7.348178137651821817e-01
7.348178137651821817e-01
7.348178137651821817e-01
7.348178137651821817e-01
7.348178137651821817e-01
7.348178137651821817e-01
7.348178137651821817e-01
7.388663967611336370e-01
7.388663967611336370e-01
7.408906882591093090e-01
7.408906882591093090e-01
7.408906882591093090e-01
7.408906882591093090e-01
7.408906882591093090e-01
7.408906882591093090e-01
7.408906882591093090e-01
7.408906882591093090e-01
7.408906882591093090e-01
7.408906882591093090e-01
7.408906882591093090e-01
7.408906882591093090e-01
7.408906882591093090e-01
7.408906882591093090e-01
7.408906882591093090e-01
7.408906882591093090e-01
7.408906882591093090e-01
7.408906882591093090e-01
7.408906882591093090e-01
7.408906882591093090e-01
7.408906882591093090e-01
7.408906882591093090e-01
7.408906882591093090e-01
7.408906882591093090e-01
7.408906882591093090e-01
7.408906882591093090e-01
7.408906882591093090e-01
7.408906882591093090e-01
7.408906882591093090e-01
7.408906882591093090e-01
7.408906882591093090e-01
7.408906882591093090e-01
7.408906882591093090e-01
7.408906882591093090e-01
7.408906882591093090e-01
7.408906882591093090e-01
7.408906882591093090e-01
7.408906882591093090e-01
7.408906882591093090e-01
7.408906882591093090e-01
7.408906882591093090e-01
7.408906882591093090e-01
7.408906882591093090e-01
7.408906882591093090e-01
7.408906882591093090e-01
7.408906882591093090e-01
7.408906882591093090e-01
7.408906882591093090e-01
7.408906882591093090e-01
7.408906882591093090e-01
7.408906882591093090e-01
7.408906882591093090e-01
7.408906882591093090e-01
7.408906882591093090e-01
7.429149797570849811e-01
7.429149797570849811e-01
7.429149797570849811e-01
7.429149797570849811e-01
7.449392712550607643e-01
7.449392712550607643e-01
7.449392712550607643e-01
7.449392712550607643e-01
7.449392712550607643e-01
7.449392712550607643e-01
7.449392712550607643e-01
7.449392712550607643e-01
7.469635627530364363e-01
7.469635627530364363e-01
7.469635627530364363e-01
7.469635627530364363e-01
7.469635627530364363e-01
7.469635627530364363e-01
7.469635627530364363e-01
7.469635627530364363e-01
7.489878542510121084e-01
7.489878542510121084e-01
7.489878542510121084e-01
7.489878542510121084e-01
7.489878542510121084e-01
7.489878542510121084e-01
7.489878542510121084e-01
7.489878542510121084e-01
7.489878542510121084e-01
7.489878542510121084e-01
7.489878542510121084e-01
7.489878542510121084e-01
7.489878542510121084e-01
7.489878542510121084e-01
7.489878542510121084e-01
7.489878542510121084e-01
7.489878542510121084e-01
7.489878542510121084e-01
7.489878542510121084e-01
7.489878542510121084e-01
7.489878542510121084e-01
7.489878542510121084e-01
7.489878542510121084e-01
7.489878542510121084e-01
7.489878542510121084e-01
7.489878542510121084e-01
7.489878542510121084e-01
7.489878542510121084e-01
7.489878542510121084e-01
7.489878542510121084e-01
7.489878542510121084e-01
7.489878542510121084e-01
7.489878542510121084e-01
7.489878542510121084e-01
7.489878542510121084e-01
7.489878542510121084e-01
7.489878542510121084e-01
7.489878542510121084e-01
7.489878542510121084e-01
7.489878542510121084e-01
7.489878542510121084e-01
7.489878542510121084e-01
7.510121457489878916e-01
7.510121457489878916e-01
7.510121457489878916e-01
7.510121457489878916e-01
7.510121457489878916e-01
7.510121457489878916e-01
7.510121457489878916e-01
7.510121457489878916e-01
7.510121457489878916e-01
7.510121457489878916e-01
7.510121457489878916e-01
7.510121457489878916e-01
7.510121457489878916e-01
7.510121457489878916e-01
7.510121457489878916e-01
7.510121457489878916e-01
7.510121457489878916e-01
7.510121457489878916e-01
7.510121457489878916e-01
7.510121457489878916e-01
7.510121457489878916e-01
7.510121457489878916e-01
7.510121457489878916e-01
7.510121457489878916e-01
7.510121457489878916e-01
7.530364372469635637e-01
7.530364372469635637e-01
7.530364372469635637e-01
7.530364372469635637e-01
7.530364372469635637e-01
7.530364372469635637e-01
7.530364372469635637e-01
7.530364372469635637e-01
7.530364372469635637e-01
7.530364372469635637e-01
7.530364372469635637e-01
7.530364372469635637e-01
7.530364372469635637e-01
7.530364372469635637e-01
7.530364372469635637e-01
7.530364372469635637e-01
7.530364372469635637e-01
7.530364372469635637e-01
7.530364372469635637e-01
7.530364372469635637e-01
7.530364372469635637e-01
7.530364372469635637e-01
7.530364372469635637e-01
7.530364372469635637e-01
7.530364372469635637e-01
7.550607287449392357e-01
7.570850202429150189e-01
7.570850202429150189e-01
7.570850202429150189e-01
7.570850202429150189e-01
7.570850202429150189e-01
7.570850202429150189e-01
7.570850202429150189e-01
7.570850202429150189e-01
7.570850202429150189e-01
7.570850202429150189e-01
7.570850202429150189e-01
7.570850202429150189e-01
7.570850202429150189e-01
7.570850202429150189e-01
7.570850202429150189e-01
7.570850202429150189e-01
7.570850202429150189e-01
7.570850202429150189e-01
7.591093117408906910e-01
7.591093117408906910e-01
7.591093117408906910e-01
7.591093117408906910e-01
7.591093117408906910e-01
7.591093117408906910e-01
7.591093117408906910e-01
7.591093117408906910e-01
7.591093117408906910e-01
7.591093117408906910e-01
7.591093117408906910e-01
7.591093117408906910e-01
7.611336032388663630e-01
7.611336032388663630e-01
7.611336032388663630e-01
7.611336032388663630e-01
7.611336032388663630e-01
7.611336032388663630e-01
7.611336032388663630e-01
7.611336032388663630e-01
7.611336032388663630e-01
7.631578947368421462e-01
7.631578947368421462e-01
7.631578947368421462e-01
7.631578947368421462e-01
7.631578947368421462e-01
7.631578947368421462e-01
7.631578947368421462e-01
7.631578947368421462e-01
7.631578947368421462e-01
7.631578947368421462e-01
7.631578947368421462e-01
7.631578947368421462e-01
7.631578947368421462e-01
7.631578947368421462e-01
7.631578947368421462e-01
7.631578947368421462e-01
7.631578947368421462e-01
7.631578947368421462e-01
7.631578947368421462e-01
7.631578947368421462e-01
7.631578947368421462e-01
7.631578947368421462e-01
7.631578947368421462e-01
7.631578947368421462e-01
7.631578947368421462e-01
7.631578947368421462e-01
7.631578947368421462e-01
7.631578947368421462e-01
7.631578947368421462e-01
7.631578947368421462e-01
7.631578947368421462e-01
7.631578947368421462e-01
7.631578947368421462e-01
7.631578947368421462e-01
7.651821862348178183e-01
7.651821862348178183e-01
7.651821862348178183e-01
7.651821862348178183e-01
7.651821862348178183e-01
7.651821862348178183e-01
7.651821862348178183e-01
7.651821862348178183e-01
7.651821862348178183e-01
7.651821862348178183e-01
7.651821862348178183e-01
7.651821862348178183e-01
7.651821862348178183e-01
7.651821862348178183e-01
7.651821862348178183e-01
7.651821862348178183e-01
7.651821862348178183e-01
7.651821862348178183e-01
7.651821862348178183e-01
7.651821862348178183e-01
7.651821862348178183e-01
7.651821862348178183e-01
7.651821862348178183e-01
7.651821862348178183e-01
7.651821862348178183e-01
7.651821862348178183e-01
7.651821862348178183e-01
7.651821862348178183e-01
7.651821862348178183e-01
7.651821862348178183e-01
7.651821862348178183e-01
7.651821862348178183e-01
7.651821862348178183e-01
7.651821862348178183e-01
7.651821862348178183e-01
7.651821862348178183e-01
7.651821862348178183e-01
7.651821862348178183e-01
7.651821862348178183e-01
7.651821862348178183e-01
7.651821862348178183e-01
7.651821862348178183e-01
7.651821862348178183e-01
7.651821862348178183e-01
7.651821862348178183e-01
7.651821862348178183e-01
7.651821862348178183e-01
7.651821862348178183e-01
7.651821862348178183e-01
7.651821862348178183e-01
7.651821862348178183e-01
7.651821862348178183e-01
7.651821862348178183e-01
7.651821862348178183e-01
7.651821862348178183e-01
7.651821862348178183e-01
7.651821862348178183e-01
7.651821862348178183e-01
7.651821862348178183e-01
7.651821862348178183e-01
7.651821862348178183e-01
7.651821862348178183e-01
7.651821862348178183e-01
7.651821862348178183e-01
7.651821862348178183e-01
7.651821862348178183e-01
7.651821862348178183e-01
7.651821862348178183e-01
7.651821862348178183e-01
7.651821862348178183e-01
7.651821862348178183e-01
7.651821862348178183e-01
7.672064777327934904e-01
7.672064777327934904e-01
7.672064777327934904e-01
7.672064777327934904e-01
7.672064777327934904e-01
7.672064777327934904e-01
7.672064777327934904e-01
7.672064777327934904e-01
7.672064777327934904e-01
7.672064777327934904e-01
7.672064777327934904e-01
7.672064777327934904e-01
7.672064777327934904e-01
7.672064777327934904e-01
7.672064777327934904e-01
7.672064777327934904e-01
7.672064777327934904e-01
7.672064777327934904e-01
7.672064777327934904e-01
7.672064777327934904e-01
7.672064777327934904e-01
7.672064777327934904e-01
7.672064777327934904e-01
7.672064777327934904e-01
7.672064777327934904e-01
7.672064777327934904e-01
7.672064777327934904e-01
7.672064777327934904e-01
7.672064777327934904e-01
7.672064777327934904e-01
7.672064777327934904e-01
7.672064777327934904e-01
7.672064777327934904e-01
7.672064777327934904e-01
7.672064777327934904e-01
7.672064777327934904e-01
7.672064777327934904e-01
7.672064777327934904e-01
7.672064777327934904e-01
7.672064777327934904e-01
7.672064777327934904e-01
7.672064777327934904e-01
7.672064777327934904e-01
7.672064777327934904e-01
7.672064777327934904e-01
7.672064777327934904e-01
7.672064777327934904e-01
7.672064777327934904e-01
7.692307692307692735e-01
7.692307692307692735e-01
7.692307692307692735e-01
7.692307692307692735e-01
7.692307692307692735e-01
7.692307692307692735e-01
7.692307692307692735e-01
7.692307692307692735e-01
7.692307692307692735e-01
7.692307692307692735e-01
7.692307692307692735e-01
7.692307692307692735e-01
7.692307692307692735e-01
7.692307692307692735e-01
7.732793522267206177e-01
7.732793522267206177e-01
7.732793522267206177e-01
7.732793522267206177e-01
7.732793522267206177e-01
7.753036437246964008e-01
7.753036437246964008e-01
7.753036437246964008e-01
7.753036437246964008e-01
7.753036437246964008e-01
7.753036437246964008e-01
7.773279352226720729e-01
7.773279352226720729e-01
7.773279352226720729e-01
7.773279352226720729e-01
7.773279352226720729e-01
7.773279352226720729e-01
7.773279352226720729e-01
7.793522267206477450e-01
7.793522267206477450e-01
7.813765182186235281e-01
7.813765182186235281e-01
7.813765182186235281e-01
7.813765182186235281e-01
7.813765182186235281e-01
7.813765182186235281e-01
7.813765182186235281e-01
7.813765182186235281e-01
7.813765182186235281e-01
7.813765182186235281e-01
7.813765182186235281e-01
7.813765182186235281e-01
7.813765182186235281e-01
7.813765182186235281e-01
7.813765182186235281e-01
7.813765182186235281e-01
7.813765182186235281e-01
7.813765182186235281e-01
7.813765182186235281e-01
7.813765182186235281e-01
7.813765182186235281e-01
7.813765182186235281e-01
7.813765182186235281e-01
7.813765182186235281e-01
7.813765182186235281e-01
7.813765182186235281e-01
7.813765182186235281e-01
7.813765182186235281e-01
7.813765182186235281e-01
7.813765182186235281e-01
7.813765182186235281e-01
7.813765182186235281e-01
7.813765182186235281e-01
7.813765182186235281e-01
7.813765182186235281e-01
7.813765182186235281e-01
7.813765182186235281e-01
7.813765182186235281e-01
7.813765182186235281e-01
7.813765182186235281e-01
7.813765182186235281e-01
7.813765182186235281e-01
7.813765182186235281e-01
7.813765182186235281e-01
7.834008097165992002e-01
7.854251012145748723e-01
7.854251012145748723e-01
7.854251012145748723e-01
7.874493927125506554e-01
7.874493927125506554e-01
7.874493927125506554e-01
7.874493927125506554e-01
7.874493927125506554e-01
7.874493927125506554e-01
7.874493927125506554e-01
7.874493927125506554e-01
7.894736842105263275e-01
7.894736842105263275e-01
7.894736842105263275e-01
7.894736842105263275e-01
7.894736842105263275e-01
7.914979757085019996e-01
7.914979757085019996e-01
7.914979757085019996e-01
7.914979757085019996e-01
7.914979757085019996e-01
7.914979757085019996e-01
7.914979757085019996e-01
7.914979757085019996e-01
7.914979757085019996e-01
7.935222672064777827e-01
7.935222672064777827e-01
7.935222672064777827e-01
7.935222672064777827e-01
7.955465587044534548e-01
7.975708502024291269e-01
7.975708502024291269e-01
8.016194331983805821e-01
8.016194331983805821e-01
8.016194331983805821e-01
8.016194331983805821e-01
8.016194331983805821e-01
8.016194331983805821e-01
8.016194331983805821e-01
8.016194331983805821e-01
8.016194331983805821e-01
8.016194331983805821e-01
8.016194331983805821e-01
8.016194331983805821e-01
8.056680161943320373e-01
8.056680161943320373e-01
8.056680161943320373e-01
8.076923076923077094e-01
8.076923076923077094e-01
8.076923076923077094e-01
8.076923076923077094e-01
8.076923076923077094e-01
8.076923076923077094e-01
8.076923076923077094e-01
8.076923076923077094e-01
8.076923076923077094e-01
8.076923076923077094e-01
8.076923076923077094e-01
8.076923076923077094e-01
8.076923076923077094e-01
8.076923076923077094e-01
8.076923076923077094e-01
8.076923076923077094e-01
8.076923076923077094e-01
8.076923076923077094e-01
8.076923076923077094e-01
8.097165991902833815e-01
8.097165991902833815e-01
8.097165991902833815e-01
8.097165991902833815e-01
8.137651821862348367e-01
8.137651821862348367e-01
8.137651821862348367e-01
8.137651821862348367e-01
8.137651821862348367e-01
8.137651821862348367e-01
8.137651821862348367e-01
8.137651821862348367e-01
8.157894736842105088e-01
8.157894736842105088e-01
8.157894736842105088e-01
8.157894736842105088e-01
8.157894736842105088e-01
8.157894736842105088e-01
8.157894736842105088e-01
8.157894736842105088e-01
8.157894736842105088e-01
8.157894736842105088e-01
8.157894736842105088e-01
8.157894736842105088e-01
8.178137651821861809e-01
8.178137651821861809e-01
8.178137651821861809e-01
8.178137651821861809e-01
8.178137651821861809e-01
8.198380566801619640e-01
8.198380566801619640e-01
8.198380566801619640e-01
8.198380566801619640e-01
8.198380566801619640e-01
8.198380566801619640e-01
8.198380566801619640e-01
8.198380566801619640e-01
8.198380566801619640e-01
8.198380566801619640e-01
8.198380566801619640e-01
8.198380566801619640e-01
8.198380566801619640e-01
8.198380566801619640e-01
8.198380566801619640e-01
8.198380566801619640e-01
8.198380566801619640e-01
8.198380566801619640e-01
8.198380566801619640e-01
8.198380566801619640e-01
8.198380566801619640e-01
8.198380566801619640e-01
8.198380566801619640e-01
8.198380566801619640e-01
8.198380566801619640e-01
8.198380566801619640e-01
8.198380566801619640e-01
8.198380566801619640e-01
8.198380566801619640e-01
8.198380566801619640e-01
8.198380566801619640e-01
8.198380566801619640e-01
8.198380566801619640e-01
8.198380566801619640e-01
8.198380566801619640e-01
8.198380566801619640e-01
8.198380566801619640e-01
8.198380566801619640e-01
8.198380566801619640e-01
8.198380566801619640e-01
8.198380566801619640e-01
8.198380566801619640e-01
8.198380566801619640e-01
8.198380566801619640e-01
8.198380566801619640e-01
8.198380566801619640e-01
8.198380566801619640e-01
8.198380566801619640e-01
8.198380566801619640e-01
8.218623481781376361e-01
8.218623481781376361e-01
8.218623481781376361e-01
8.218623481781376361e-01
8.218623481781376361e-01
8.218623481781376361e-01
8.218623481781376361e-01
8.218623481781376361e-01
8.218623481781376361e-01
8.218623481781376361e-01
8.218623481781376361e-01
8.218623481781376361e-01
8.218623481781376361e-01
8.218623481781376361e-01
8.218623481781376361e-01
8.218623481781376361e-01
8.218623481781376361e-01
8.218623481781376361e-01
8.218623481781376361e-01
8.218623481781376361e-01
8.218623481781376361e-01
8.238866396761133082e-01
8.238866396761133082e-01
8.238866396761133082e-01
8.238866396761133082e-01
8.238866396761133082e-01
8.238866396761133082e-01
8.238866396761133082e-01
8.238866396761133082e-01
8.238866396761133082e-01
8.238866396761133082e-01
8.238866396761133082e-01
8.238866396761133082e-01
8.238866396761133082e-01
8.238866396761133082e-01
8.238866396761133082e-01
8.238866396761133082e-01
8.259109311740890913e-01
8.259109311740890913e-01
8.259109311740890913e-01
8.259109311740890913e-01
8.259109311740890913e-01
8.259109311740890913e-01
8.259109311740890913e-01
8.259109311740890913e-01
8.259109311740890913e-01
8.259109311740890913e-01
8.259109311740890913e-01
8.259109311740890913e-01
8.259109311740890913e-01
8.259109311740890913e-01
8.259109311740890913e-01
8.259109311740890913e-01
8.259109311740890913e-01
8.259109311740890913e-01
8.259109311740890913e-01
8.259109311740890913e-01
8.259109311740890913e-01
8.259109311740890913e-01
8.259109311740890913e-01
8.259109311740890913e-01
8.259109311740890913e-01
8.259109311740890913e-01
8.259109311740890913e-01
8.259109311740890913e-01
8.259109311740890913e-01
8.259109311740890913e-01
8.259109311740890913e-01
8.259109311740890913e-01
8.279352226720647634e-01
8.279352226720647634e-01
8.279352226720647634e-01
8.299595141700404355e-01
8.299595141700404355e-01
8.299595141700404355e-01
8.299595141700404355e-01
8.299595141700404355e-01
8.299595141700404355e-01
8.299595141700404355e-01
8.299595141700404355e-01
8.299595141700404355e-01
8.299595141700404355e-01
8.299595141700404355e-01
8.299595141700404355e-01
8.299595141700404355e-01
8.299595141700404355e-01
8.299595141700404355e-01
8.299595141700404355e-01
8.299595141700404355e-01
8.299595141700404355e-01
8.299595141700404355e-01
8.299595141700404355e-01
8.299595141700404355e-01
8.299595141700404355e-01
8.299595141700404355e-01
8.299595141700404355e-01
8.299595141700404355e-01
8.299595141700404355e-01
8.299595141700404355e-01
8.299595141700404355e-01
8.299595141700404355e-01
8.299595141700404355e-01
8.299595141700404355e-01
8.299595141700404355e-01
8.299595141700404355e-01
8.299595141700404355e-01
8.299595141700404355e-01
8.299595141700404355e-01
8.299595141700404355e-01
8.299595141700404355e-01
8.299595141700404355e-01
8.299595141700404355e-01
8.299595141700404355e-01
8.299595141700404355e-01
8.299595141700404355e-01
8.299595141700404355e-01
8.299595141700404355e-01
8.299595141700404355e-01
8.299595141700404355e-01
8.299595141700404355e-01
8.299595141700404355e-01
8.299595141700404355e-01
8.299595141700404355e-01
8.299595141700404355e-01
8.299595141700404355e-01
8.299595141700404355e-01
8.299595141700404355e-01
8.299595141700404355e-01
8.299595141700404355e-01
8.299595141700404355e-01
8.299595141700404355e-01
8.299595141700404355e-01
8.299595141700404355e-01
8.299595141700404355e-01
8.319838056680162186e-01
8.319838056680162186e-01
8.319838056680162186e-01
8.319838056680162186e-01
8.319838056680162186e-01
8.319838056680162186e-01
8.319838056680162186e-01
8.319838056680162186e-01
8.319838056680162186e-01
1.000000000000000000e+00
