0.000000000000000000e+00
6.052948408697390870e-02
6.115060474178823230e-02
6.171642013281771616e-02
6.227798127278683094e-02
6.282677965957482458e-02
6.337983229742319424e-02
6.392012218209044971e-02
6.446466631781808121e-02
6.501346470460607485e-02
6.556226309139408237e-02
6.610255297606132396e-02
6.702147120510169864e-02
6.847217081668857674e-02
7.001646395160364411e-02
7.100770444867032793e-02
7.185430040968437959e-02
7.240735304753274926e-02
7.295615143432074290e-02
7.350494982110873654e-02
7.405800245895710621e-02
7.460680084574511373e-02
7.515559923253310737e-02
7.570439761932110101e-02
7.625745025716947068e-02
7.680624864395747819e-02
7.735504703074547184e-02
7.790809966859384150e-02
7.845689805538183514e-02
7.900144219110946664e-02
7.954598632683709813e-02
8.008627621150433973e-02
8.063082034723197122e-02
8.117961873401996487e-02
8.173692562292871056e-02
8.228146975865634205e-02
8.283026814544433569e-02
8.337055803011159116e-02
8.391935641689958481e-02
8.448091755686870652e-02
8.502971594365670016e-02
8.558702283256544585e-02
8.613582121935343949e-02
8.668461960614143313e-02
8.723767224398980280e-02
8.778647063077781032e-02
8.833526901756580396e-02
8.887981315329342158e-02
8.943712004220216727e-02
8.999017268005053694e-02
9.053897106683854445e-02
9.109202370468691412e-02
9.163656784041453174e-02
9.218536622720252538e-02
9.273416461399053290e-02
9.329147150289927859e-02
9.385303264286838643e-02
9.439757677859601792e-02
9.495062941644438759e-02
9.550368205429275725e-02
9.605248044108075089e-02
9.660127882786874454e-02
9.715007721465675206e-02
9.769887560144474570e-02
9.825192823929311536e-02
9.880072662608110901e-02
9.934527076180874050e-02
9.988981489753635812e-02
1.004428675353847278e-01
1.009916659221727353e-01
1.015404643089607289e-01
1.020892626957487226e-01
1.026380610825367301e-01
1.031868594693247237e-01
1.037356578561127174e-01
1.042887104939610871e-01
1.048417631318094567e-01
1.053905615185974642e-01
1.059351056543250819e-01
1.064881582921734515e-01
1.070369566789614590e-01
1.075900093168098287e-01
1.081430619546581984e-01
1.086918603414461920e-01
1.092406587282341857e-01
1.097852028639618172e-01
1.103340012507498108e-01
1.108785453864774423e-01
1.114315980243258120e-01
1.119846506621741816e-01
1.125291947979017992e-01
1.130779931846898068e-01
1.136267915714778004e-01
1.141713357072054319e-01
1.147201340939934255e-01
1.152689324807814192e-01
1.158219851186297888e-01
1.163665292543574203e-01
1.169153276411454140e-01
1.174641260279334076e-01
1.180129244147214151e-01
1.185617228015094088e-01
1.191105211882974024e-01
1.196635738261457721e-01
1.202123722129337796e-01
1.207781876039632635e-01
1.213269859907512571e-01
1.218757843775392508e-01
1.224245827643272583e-01
1.229733811511152519e-01
1.235179252868428834e-01
1.240667236736308771e-01
1.246155220604188707e-01
1.251643204472068782e-01
1.257301358382363621e-01
1.262789342250243418e-01
1.268234783607519733e-01
1.273765309986003569e-01
1.279253293853883366e-01
1.284698735211159681e-01
1.290356889121454520e-01
1.295844872989334595e-01
1.301460484389025674e-01
1.306991010767509509e-01
1.312478994635389307e-01
1.317966978503269382e-01
1.323454962371149457e-01
1.328900403728425494e-01
1.334430930106909330e-01
1.339918913974789405e-01
1.345449440353272963e-01
1.350979966731756798e-01
1.356467950599636596e-01
1.362126104509931435e-01
1.367614088377811510e-01
1.373102072245691585e-01
1.378590056113571383e-01
1.384163125002658978e-01
1.389651108870538776e-01
1.395309262780833615e-01
1.400839789159317450e-01
1.406327773027197525e-01
1.411815756895077323e-01
1.417303740762957398e-01
1.423046979694459757e-01
1.428534963562339555e-01
1.434065489940823390e-01
1.439510931298099705e-01
1.444998915165979503e-01
1.450486899033859578e-01
1.455974882901739653e-01
1.461505409280223211e-01
1.466993393148103286e-01
1.472481377015983084e-01
1.478011903394466919e-01
1.483499887262346995e-01
1.488987871130226792e-01
1.494475854998106867e-01
1.500006381376590425e-01
1.505451822733866740e-01
1.510939806601746815e-01
1.516427790469626891e-01
1.521915774337506688e-01
1.527488843226594284e-01
1.532976827094474082e-01
1.538507353472957917e-01
1.544037879851441475e-01
1.549525863719321550e-01
1.555013847587201625e-01
1.560501831455081423e-01
1.565989815322961498e-01
1.571520341701445056e-01
1.577050868079928891e-01
1.582581394458412449e-01
1.588069378326292524e-01
1.593557362194172600e-01
1.599045346062052397e-01
1.604533329929932473e-01
1.609978771287208787e-01
1.615509297665692345e-01
1.621039824044176181e-01
1.626527807912056256e-01
1.632015791779936054e-01
1.637546318158419889e-01
1.643076844536903447e-01
1.648564828404783522e-01
1.654180439804474601e-01
1.659668423672354676e-01
1.665156407540234473e-01
1.670729476429322069e-01
1.676217460297201867e-01
1.681705444165081942e-01
1.687193428032962017e-01
1.692809039432653095e-01
1.698382108321740414e-01
1.703870092189620489e-01
1.709358076057500564e-01
1.714846059925380362e-01
1.720334043793260437e-01
1.725907112682347755e-01
1.731480181571435351e-01
1.737010707949918908e-01
1.742541234328402744e-01
1.748029218196282542e-01
1.753517202064162617e-01
1.759175355974457455e-01
1.764705882352941291e-01
1.770193866220821088e-01
1.775724392599304924e-01
1.781297461488392242e-01
1.786785445356272317e-01
1.792273429224152115e-01
1.797761413092032190e-01
1.803291939470516025e-01
1.808865008359603344e-01
1.814352992227483419e-01
1.819840976095363216e-01
1.825328959963243292e-01
1.830774401320519607e-01
1.836304927699003164e-01
1.841835454077487000e-01
1.847323437945366797e-01
1.852768879302643112e-01
1.858299405681126948e-01
1.863787389549006746e-01
1.869445543459301584e-01
1.874933527327181659e-01
1.880506596216268977e-01
1.885994580084149053e-01
1.891737819015651412e-01
1.897268345394134970e-01
1.902756329262015045e-01
1.908329398151102363e-01
1.913859924529586198e-01
1.919390450908069756e-01
1.924878434775949831e-01
1.930366418643829907e-01
1.935854402511709704e-01
1.941342386379589779e-01
1.946872912758073615e-01
1.952403439136557173e-01
1.957976508025644491e-01
1.963507034404128326e-01
1.969037560782612162e-01
1.974525544650491959e-01
1.980056071028975795e-01
1.985544054896855592e-01
1.991032038764735668e-01
1.996562565143219226e-01
2.002050549011099301e-01
2.007538532878979376e-01
2.013069059257462934e-01
2.018557043125343009e-01
2.024045026993223084e-01
2.029575553371706642e-01
2.035106079750190478e-01
2.040636606128674035e-01
2.046167132507157871e-01
2.051655116375037669e-01
2.057185642753521504e-01
2.062758711642608822e-01
2.068246695510488897e-01
2.073777221888972455e-01
2.079307748267456291e-01
2.085008444688354889e-01
2.090496428556234687e-01
2.095941869913511002e-01
2.101472396291994837e-01
2.107002922670478395e-01
2.112490906538358471e-01
2.117936347895634785e-01
2.123551959295325864e-01
2.129039943163205939e-01
2.134570469541689497e-01
2.140100995920173332e-01
2.145588979788053130e-01
2.151076963655933205e-01
2.156564947523813280e-01
2.162052931391693078e-01
2.167711085301987917e-01
2.173199069169867992e-01
2.178687053037748067e-01
2.184217579416231625e-01
2.189748105794715460e-01
2.195278632173199018e-01
2.200766616041079093e-01
2.206339684930166412e-01
2.211827668798046487e-01
2.217358195176530045e-01
2.222973806576221401e-01
2.228461790444101198e-01
2.234162486864999797e-01
2.239650470732879872e-01
2.245180997111363430e-01
2.250668980979243505e-01
2.256156964847123580e-01
2.261687491225607138e-01
2.267175475093487214e-01
2.272706001471970771e-01
2.278236527850454607e-01
2.283724511718334682e-01
2.289212495586214480e-01
2.294700479454094555e-01
2.300273548343181873e-01
2.305804074721665708e-01
2.311292058589545506e-01
2.316950212499840345e-01
2.322523281388927940e-01
2.328138892788619019e-01
2.333626876656499094e-01
2.339157403034982652e-01
2.344687929413466487e-01
2.350260998302553805e-01
2.355791524681037641e-01
2.361322051059521199e-01
2.366810034927401274e-01
2.372298018795281072e-01
2.377871087684368667e-01
2.383359071552248465e-01
2.388847055420128540e-01
2.394335039288008615e-01
2.399823023155888413e-01
2.405353549534372248e-01
2.410926618423459566e-01
2.416499687312547162e-01
2.422072756201634480e-01
2.427603282580118316e-01
2.433091266447998113e-01
2.438579250315878189e-01
2.444194861715569267e-01
2.449682845583449342e-01
2.455213371961932900e-01
2.460701355829812975e-01
2.466274424718900293e-01
2.471762408586780368e-01
2.477292934965263926e-01
2.482993631386162525e-01
2.488566700275250121e-01
2.494097226653733679e-01
2.499670295542821274e-01
2.505200821921305110e-01
2.510731348299788390e-01
2.516389502210083506e-01
2.521920028588567342e-01
2.527450554967050622e-01
2.532981081345534458e-01
2.538469065213414533e-01
2.543957049081294608e-01
2.549487575459778443e-01
2.555018101838261724e-01
2.560506085706141799e-01
2.566079154595229395e-01
2.571567138463109470e-01
2.577055122330988990e-01
2.582628191220076586e-01
2.588201260109164181e-01
2.593689243977044256e-01
2.599262312866131297e-01
2.604963009287030173e-01
2.610450993154910249e-01
2.616066604554601049e-01
2.621597130933084885e-01
2.627085114800964960e-01
2.632573098668845035e-01
2.638061082536724555e-01
2.643591608915208391e-01
2.649079592783088466e-01
2.654652661672176062e-01
2.660140645540056137e-01
2.665628629407935657e-01
2.671116613275815732e-01
2.676604597143695807e-01
2.682135123522179643e-01
2.687665649900663478e-01
2.693281261300354279e-01
2.698939415210649395e-01
2.704427399078529470e-01
2.710085552988824031e-01
2.715743706899119148e-01
2.721274233277602428e-01
2.726889844677293784e-01
2.732420371055777619e-01
2.737865812413053934e-01
2.743396338791537215e-01
2.748926865170021050e-01
2.754499934059108646e-01
2.760073002948196241e-01
2.765560986816075761e-01
2.771048970683955837e-01
2.776962379657872959e-01
2.782450363525753034e-01
2.787980889904236870e-01
2.793724128835738951e-01
2.799254655214222787e-01
2.804912809124517903e-01
2.810400792992397423e-01
2.815973861881485019e-01
2.821461845749365094e-01
2.826949829617245169e-01
2.832607983527539730e-01
2.838095967395419805e-01
2.843626493773903641e-01
2.849157020152387476e-01
2.854900259083889558e-01
2.860388242951769633e-01
2.865876226819649708e-01
2.871576923240548029e-01
2.877107449619031865e-01
2.882680518508119460e-01
2.888338672418414022e-01
2.893911741307501617e-01
2.899399725175381692e-01
2.905057879085676253e-01
2.910630947974763849e-01
2.916118931842643924e-01
2.921606915710524000e-01
2.927137442089007280e-01
2.932710510978094876e-01
2.938198494845974951e-01
2.943856648756269512e-01
2.949387175134753347e-01
2.954875159002633422e-01
2.960363142870513498e-01
2.965851126738393573e-01
2.971339110606273093e-01
2.976997264516568209e-01
2.982655418426862770e-01
2.988271029826554126e-01
2.993759013694434201e-01
2.999289540072918037e-01
3.004820066451401317e-01
3.010265507808677632e-01
3.015753491676557707e-01
3.021241475544437782e-01
3.026857086944129138e-01
3.032345070812008658e-01
3.037833054679888733e-01
3.043533751100787610e-01
3.049021734968667685e-01
3.054594803857754726e-01
3.060125330236238561e-01
3.065655856614722397e-01
3.071143840482602472e-01
3.076631824350481992e-01
3.082119808218362067e-01
3.087692877107449663e-01
3.093223403485933498e-01
3.098753929864416778e-01
3.104284456242900614e-01
3.109772440110780689e-01
3.115345508999868285e-01
3.120876035378351565e-01
3.126364019246231640e-01
3.131894545624715476e-01
3.137637784556217557e-01
3.143168310934701393e-01
3.148656294802581468e-01
3.154314448712876584e-01
3.159930060112567385e-01
3.165503129001654981e-01
3.171076197890742576e-01
3.176564181758622096e-01
3.182137250647709692e-01
3.187667777026193527e-01
3.193198303404677363e-01
3.198728829783160643e-01
3.204259356161644479e-01
3.209789882540128314e-01
3.215362951429215910e-01
3.220850935297095430e-01
3.226381461675579265e-01
3.231869445543459340e-01
3.237357429411339416e-01
3.242802870768615731e-01
3.248333397147099011e-01
3.253906466036186607e-01
3.259692247478292448e-01
3.265222773856776284e-01
3.270753300235260119e-01
3.276283826613743955e-01
3.281941980524038516e-01
3.287600134434333632e-01
3.293173203323420672e-01
3.298661187191300748e-01
3.304234256080388343e-01
3.309722239948268419e-01
3.315252766326752254e-01
3.320825835215839295e-01
3.326356361594323130e-01
3.331929430483410726e-01
3.337459956861894006e-01
3.342947940729774081e-01
3.348478467108257917e-01
3.353966450976137992e-01
3.359496977354621827e-01
3.364984961222501347e-01
3.370685657643400224e-01
3.376258726532487819e-01
3.381789252910971100e-01
3.387319779289454935e-01
3.393020475710353812e-01
3.398593544599440852e-01
3.404124070977924688e-01
3.409697139867012283e-01
3.415312751266703084e-01
3.420758192623979399e-01
3.426288719002463234e-01
3.431776702870343310e-01
3.437307229248827145e-01
3.442837755627310425e-01
3.448368282005794261e-01
3.453898808384278096e-01
3.459386792252158171e-01
3.464917318630641452e-01
3.470405302498521527e-01
3.475893286366401602e-01
3.481423812744885438e-01
3.487124509165783759e-01
3.492825205586682635e-01
3.498355731965165916e-01
3.503886258343649751e-01
3.509416784722133587e-01
3.514904768590013662e-01
3.520435294968497497e-01
3.525965821346980777e-01
3.531496347725464613e-01
3.537111959125155969e-01
3.542642485503639249e-01
3.548173011882123085e-01
3.553660995750003160e-01
3.559106437107279475e-01
3.564722048506970831e-01
3.570210032374850351e-01
3.575698016242730426e-01
3.581356170153025542e-01
3.586844154020905617e-01
3.592332137888785137e-01
3.597905206777872733e-01
3.603563360688167849e-01
3.609093887066651130e-01
3.614624413445134965e-01
3.620154939823618800e-01
3.626025806286932163e-01
3.631598875176019758e-01
3.637214486575710559e-01
3.642787555464798155e-01
3.648530794396300236e-01
3.654061320774784072e-01
3.659549304642664147e-01
3.665164916042355503e-01
3.670865612463253824e-01
3.676438681352341420e-01
3.682011750241429016e-01
3.687542276619912296e-01
3.693115345508999892e-01
3.698688414398087487e-01
3.704218940776570768e-01
3.709749467155054603e-01
3.715365078554745959e-01
3.720853062422626034e-01
3.726383588801109314e-01
3.731914115179593150e-01
3.737529726579284506e-01
3.743272965510786587e-01
3.748846034399874183e-01
3.754376560778358018e-01
3.759949629667445059e-01
3.765692868598947696e-01
3.771265937488034736e-01
3.777009176419537373e-01
3.782497160287417448e-01
3.788282941729523290e-01
3.793983638150421611e-01
3.799556707039509207e-01
3.805087233417993042e-01
3.810660302307080083e-01
3.816318456217375199e-01
3.822189322680688561e-01
3.827762391569776157e-01
3.833335460458863753e-01
3.838908529347950793e-01
3.844396513215830868e-01
3.849969582104918464e-01
3.855500108483402300e-01
3.860988092351281820e-01
3.866518618729765655e-01
3.872049145108249490e-01
3.877622213997337086e-01
3.883195282886424127e-01
3.888895979307323003e-01
3.894511590707013804e-01
3.899999574574893879e-01
3.905657728485188995e-01
3.911315882395483556e-01
3.916931493795174912e-01
3.922547105194865713e-01
3.928077631573349549e-01
3.933608157951833384e-01
3.939351396883335465e-01
3.944924465772423061e-01
3.950540077172114417e-01
3.956198231082408978e-01
3.961771299971496574e-01
3.967259283839376649e-01
3.972832352728463690e-01
3.978490506638758806e-01
3.984106118038450162e-01
3.989679186927537202e-01
3.995209713306021038e-01
4.000867867216316154e-01
4.006355851084195674e-01
4.011928919973283270e-01
4.017501988862370865e-01
4.023117600262061666e-01
4.028818296682960542e-01
4.034518993103858864e-01
4.040049519482342699e-01
4.045537503350222774e-01
4.051110572239310370e-01
4.056768726149604931e-01
4.062426880059900047e-01
4.067999948948987088e-01
4.073530475327470923e-01
4.079103544216558519e-01
4.084591528084438594e-01
4.090207139484129395e-01
4.095780208373216991e-01
4.101906329900152914e-01
4.107394313768032434e-01
4.112967382657120030e-01
4.118455366525000105e-01
4.123943350392880181e-01
4.129516419281967776e-01
4.135089488171054817e-01
4.140662557060142412e-01
4.146193083438626248e-01
4.151936322370128329e-01
4.157509391259215925e-01
4.163252630190718007e-01
4.168825699079805602e-01
4.174398767968892643e-01
4.180014379368583999e-01
4.185502363236464074e-01
4.191117974636155430e-01
4.196691043525242470e-01
4.202221569903726306e-01
4.207709553771606381e-01
4.213282622660693422e-01
4.219025861592196058e-01
4.224684015502490619e-01
4.230257084391578215e-01
4.235830153280665811e-01
4.241615934722771653e-01
4.247231546122463008e-01
4.252719529990343084e-01
4.258292598879430124e-01
4.263780582747310199e-01
4.269268566615190275e-01
4.274799092993674110e-01
4.280372161882761151e-01
4.285987773282452507e-01
4.291688469703350828e-01
4.297261538592438423e-01
4.302877149992129779e-01
4.308365133860009855e-01
4.313895660238493135e-01
4.319596356659392011e-01
4.325211968059082812e-01
4.330870121969377928e-01
4.336400648347861764e-01
4.341888632215741839e-01
4.347589328636640160e-01
4.353162397525727756e-01
4.358735466414814796e-01
4.364393620325109913e-01
4.370051774235404474e-01
4.375582300613888309e-01
4.381155369502975905e-01
4.386813523413270466e-01
4.392599304855376863e-01
4.398214916255067664e-01
4.403830527654759019e-01
4.409403596543846615e-01
4.414891580411726690e-01
4.420422106790209971e-01
4.426037718189901327e-01
4.431568244568385162e-01
4.437098770946868442e-01
4.442671839835956038e-01
4.448244908725043634e-01
4.454073232677753236e-01
4.459731386588048352e-01
4.465219370455927872e-01
4.470707354323807947e-01
4.476365508234103063e-01
4.481938577123190104e-01
4.487511646012277700e-01
4.493084714901365295e-01
4.498700326301056096e-01
4.504188310168936171e-01
4.509761379058023767e-01
4.515206820415300082e-01
4.520907516836198403e-01
4.526438043214682239e-01
4.532053654614373595e-01
4.537584180992856875e-01
4.543327419924359512e-01
4.548815403792239587e-01
4.554558642723741668e-01
4.560131711612829264e-01
4.565789865523123825e-01
4.571277849391003900e-01
4.576808375769487736e-01
4.582721784743404858e-01
4.588252311121888694e-01
4.593740294989768769e-01
4.599313363878855809e-01
4.604928975278547165e-01
4.610502044167634761e-01
4.616075113056721801e-01
4.621775809477620678e-01
4.627306335856103958e-01
4.632879404745191554e-01
4.638495016144882910e-01
4.644068085033969950e-01
4.649598611412453786e-01
4.655299307833352662e-01
4.660872376722439703e-01
4.666573073143338579e-01
4.672273769564236900e-01
4.677846838453324496e-01
4.683462449853015852e-01
4.689035518742102893e-01
4.694608587631190488e-01
4.700266741541485604e-01
4.705754725409365125e-01
4.711412879319660241e-01
4.716985948208747836e-01
4.722686644629646158e-01
4.728217171008129993e-01
4.733747697386613829e-01
4.739235681254493349e-01
4.744766207632977184e-01
4.750424361543272300e-01
4.755954887921755581e-01
4.761485414300239416e-01
4.767143568210534532e-01
4.772759179610225333e-01
4.778502418541727970e-01
4.784458370026248852e-01
4.790499406531977256e-01
4.796200102952875577e-01
4.801858256863170693e-01
4.807516410773465254e-01
4.813046937151949090e-01
4.818620006041036685e-01
4.824278159951331246e-01
4.829808686329815082e-01
4.835466840240110198e-01
4.841124994150404759e-01
4.846910775592510601e-01
4.852568929502805717e-01
4.858227083413100278e-01
4.863842694812791634e-01
4.869330678680671709e-01
4.875244087654588832e-01
4.881370209181524755e-01
4.886943278070611796e-01
4.892686517002114432e-01
4.898259585891202028e-01
4.904087909843911630e-01
4.909618436222395466e-01
4.915659472728123314e-01
4.921189999106607149e-01
4.926677982974487224e-01
4.932463764416593066e-01
4.937994290795076902e-01
4.943737529726579538e-01
4.949395683636874099e-01
4.955181465078979941e-01
4.960882161499878817e-01
4.966497772899569618e-01
4.972028299278053454e-01
4.977558825656537289e-01
4.983174437056228645e-01
4.988662420924108165e-01
4.994278032323799521e-01
5.000063813765905918e-01
5.005721967676199924e-01
5.011380121586495040e-01
5.016953190475582636e-01
5.022653886896480957e-01
5.028567295870398635e-01
5.034097822248881915e-01
5.039670891137969511e-01
5.045414130069472147e-01
5.050902113937352222e-01
5.056517725337043023e-01
5.062005709204923098e-01
5.067578778094010694e-01
5.073236932004305810e-01
5.078724915872184775e-01
5.084680867356705658e-01
5.090381563777605090e-01
5.095954632666692685e-01
5.101570244066383486e-01
5.107270940487281807e-01
5.112801466865765088e-01
5.118587248307872040e-01
5.124160317196958525e-01
5.129861013617857957e-01
5.135519167528151963e-01
5.141219863949051394e-01
5.147048187901760441e-01
5.152536171769640516e-01
5.158024155637520591e-01
5.163639767037211392e-01
5.169212835926298988e-01
5.174700819794179063e-01
5.180188803662059138e-01
5.186017127614769295e-01
5.191547653993252576e-01
5.197120722882340171e-01
5.202736334282030972e-01
5.208351945681722883e-01
5.213839929549602958e-01
5.219540625970501280e-01
5.225283864902002806e-01
5.230771848769882881e-01
5.236472545190782313e-01
5.242003071569265593e-01
5.247576140458353189e-01
5.253234294368648305e-01
5.259147703342564872e-01
5.264720772231652468e-01
5.270378926141947584e-01
5.276207250094656631e-01
5.281822861494348542e-01
5.287395930383436138e-01
5.292968999272522623e-01
5.298924950757043506e-01
5.304583104667338622e-01
5.310113631045823013e-01
5.315856869977324539e-01
5.321429938866412135e-01
5.327258262819122292e-01
5.332958959240020613e-01
5.338532028129108209e-01
5.344232724550006530e-01
5.349975963481509167e-01
5.355506489859992447e-01
5.361377356323305809e-01
5.366992967722997721e-01
5.372566036612084206e-01
5.378649615628416925e-01
5.384222684517504520e-01
5.389753210895987801e-01
5.395453907316886122e-01
5.401197146248388758e-01
5.406727672626872039e-01
5.412258199005356429e-01
5.418256693000480517e-01
5.423914846910775633e-01
5.429573000821070750e-01
5.435103527199554030e-01
5.440804223620452351e-01
5.446292207488332426e-01
5.451950361398627543e-01
5.457480887777110823e-01
5.463181584198010254e-01
5.468669568065890330e-01
5.474157551933769295e-01
5.479688078312253685e-01
5.485644029796774568e-01
5.491472353749484725e-01
5.497343220212798087e-01
5.502958831612488888e-01
5.508574443012179689e-01
5.514062426880059764e-01
5.519678038279750565e-01
5.525166022147630640e-01
5.530654006015510715e-01
5.536397244947013352e-01
5.541927771325496632e-01
5.547713552767602474e-01
5.553158994124879344e-01
5.558646977992759419e-01
5.564134961860639494e-01
5.569963285813348541e-01
5.575536354702436137e-01
5.581066881080920528e-01
5.586554864948800603e-01
5.592085391327283883e-01
5.597701002726974684e-01
5.603316614126666595e-01
5.608847140505149875e-01
5.614462751904840676e-01
5.620078363304532587e-01
5.625821602236034114e-01
5.631479756146329230e-01
5.637010282524812510e-01
5.643008776519937708e-01
5.648752015451440345e-01
5.654495254382941871e-01
5.660110865782633782e-01
5.665726477182324583e-01
5.671257003560807863e-01
5.676915157471102980e-01
5.682403141338983055e-01
5.688146380270485691e-01
5.693889619201987218e-01
5.699420145580471608e-01
5.704950671958954889e-01
5.710693910890457525e-01
5.716181894758337600e-01
5.721882591179235922e-01
5.727413117557719202e-01
5.732986186446806798e-01
5.738516712825291188e-01
5.744217409246189510e-01
5.749875563156484626e-01
5.755661344598590468e-01
5.761149328466470543e-01
5.766764939866161344e-01
5.772508178797663980e-01
5.778123790197354781e-01
5.783696859086442377e-01
5.789269927975529972e-01
5.794842996864616458e-01
5.800373523243100848e-01
5.805989134642791649e-01
5.811604746042482450e-01
5.817135272420966841e-01
5.822623256288846916e-01
5.828238867688537717e-01
5.833769394067020997e-01
5.839597718019731154e-01
5.845128244398214434e-01
5.850658770776698825e-01
5.856316924686993941e-01
5.862017621107892262e-01
5.867675775018187379e-01
5.873376471439085700e-01
5.878906997817568980e-01
5.884692779259674822e-01
5.890393475680574253e-01
5.896306884654490821e-01
5.901965038564785937e-01
5.907665734985684258e-01
5.913281346385375059e-01
5.918939500295670175e-01
5.924682739227172812e-01
5.930255808116260408e-01
5.935786334494743688e-01
5.941742285979264571e-01
5.947655694953182248e-01
5.953228763842269844e-01
5.958801832731356329e-01
5.964332359109840720e-01
5.970203225573154082e-01
5.975776294462241678e-01
5.981306820840724958e-01
5.986794804708605033e-01
5.992410416108295834e-01
5.998238740061005991e-01
6.004024521503111833e-01
6.009767760434614470e-01
6.015638626897927832e-01
6.021126610765807907e-01
6.026699679654895503e-01
6.032613088628812070e-01
6.038143615007296461e-01
6.043929396449402303e-01
6.049502465338489898e-01
6.055032991716973179e-01
6.060648603116663979e-01
6.066136586984544055e-01
6.071752198384235966e-01
6.077325267273322451e-01
6.083068506204825088e-01
6.088811745136327724e-01
6.094427356536018525e-01
6.100298222999331887e-01
6.106041461930834524e-01
6.111529445798714599e-01
6.117272684730216126e-01
6.122888296129908037e-01
6.128418822508391317e-01
6.134247146461101474e-01
6.139990385392604111e-01
6.145520911771087391e-01
6.151264150702590028e-01
6.156964847123488349e-01
6.162537916012575945e-01
6.168110984901663540e-01
6.173769138811957546e-01
6.179299665190441937e-01
6.185000361611340258e-01
6.190615973011031059e-01
1.000000000000000000e+00
