4.817162359824475604e-02
4.807879851765164969e-02
4.808348775968009081e-02
4.808817791650409762e-02
4.809286898839137958e-02
4.809756097560975718e-02
4.810225387842716194e-02
4.810694769711162944e-02
4.811164243193129936e-02
4.811633808315440158e-02
4.812103465104929090e-02
4.813043053792834258e-02
4.813512985744971412e-02
4.813983009471731189e-02
4.814453124999999722e-02
4.815393631568665872e-02
4.815864022662889182e-02
4.817746506400859968e-02
4.818217357310398963e-02
4.818688300263904156e-02
4.819159335288367846e-02
4.819630462410792737e-02
4.820101681658193332e-02
4.820572993057592459e-02
4.821515892420537991e-02
4.822459160716032617e-02
4.822930933281158183e-02
4.823402798160649624e-02
4.823874755381604706e-02
4.824346804971132302e-02
4.824818946956351690e-02
4.825763508222396386e-02
4.826708439396906053e-02
4.827181043767746899e-02
4.827653740697218643e-02
4.828126530212516199e-02
4.828599412340842112e-02
4.829545454545454419e-02
4.830491867528904221e-02
4.831438651509212256e-02
4.832385806704567882e-02
4.832859523576119726e-02
4.833333333333333232e-02
4.834281231614041829e-02
4.834755320192213324e-02
4.835229501765397897e-02
4.835703776360961159e-02
4.836178144006278434e-02
4.836652604728735455e-02
4.837601805514669950e-02
4.839026305457400784e-02
4.839501325218415612e-02
4.839976438248576318e-02
4.840451644575356066e-02
4.840926944226237039e-02
4.841877823610292453e-02
4.842353403398487466e-02
4.842829076620824846e-02
4.843304843304842983e-02
4.843780703478089977e-02
4.844732704402515688e-02
4.845208845208845427e-02
4.846161407647694985e-02
4.846637829335430359e-02
4.847114344705535233e-02
4.847590953785643753e-02
4.848067656603402553e-02
4.849021343562506109e-02
4.849498327759197563e-02
4.850929843550132875e-02
4.851407203306435517e-02
4.851884657021946629e-02
4.852362204724409295e-02
4.852839846441579091e-02
4.853317582201220615e-02
4.855707672609081010e-02
4.856185973207249873e-02
4.857621440536013385e-02
4.861453505571442651e-02
4.863851617995264276e-02
4.866252097522456160e-02
4.867693522906792886e-02
4.868654947659490501e-02
4.869616752271829080e-02
4.871060171919770754e-02
4.872504447519272752e-02
4.873467773823645516e-02
4.873949579831932805e-02
4.874431481115285708e-02
4.874913477701967729e-02
4.875395569620253472e-02
4.875877756898427257e-02
4.876842417647640759e-02
4.877324891175306709e-02
4.877807460176115245e-02
4.878290124678408973e-02
4.879255740300871003e-02
4.879738691477778639e-02
4.880704880704880844e-02
4.881188118811881360e-02
4.881671452619071316e-02
4.882638407447757040e-02
4.883122028526148961e-02
4.884089558153358740e-02
4.885057471264368095e-02
4.885541571697551988e-02
4.886025768087214755e-02
4.886510060461889127e-02
4.886994448850118938e-02
4.887478933280459820e-02
4.887963513781479197e-02
4.888448190381754904e-02
4.888932963109877267e-02
4.889417831994446323e-02
4.889902797064074602e-02
4.890387858347386429e-02
4.890873015873015844e-02
4.891843619765826739e-02
4.892329066190334586e-02
4.893300248138957725e-02
4.893785983720468774e-02
4.894271815745061122e-02
4.894757744241461789e-02
4.895243769238407511e-02
4.895729890764647513e-02
4.896216108848942122e-02
4.896702423520063463e-02
4.897188834806794761e-02
4.897675342737929649e-02
4.898161947342274947e-02
4.898648648648648574e-02
4.899135446685878859e-02
4.899622341482806620e-02
4.900109333068283779e-02
4.901083606720350178e-02
4.901570888844700852e-02
4.902058267873123099e-02
4.902545743834526432e-02
4.903033316757832161e-02
4.903520986671971310e-02
4.904008753605888782e-02
4.904984578648890342e-02
4.905472636815920440e-02
4.905960792118618796e-02
4.906449044585987213e-02
4.906937394247038592e-02
4.907914385266301527e-02
4.908891765408742586e-02
4.909380601473810335e-02
4.909869534906882022e-02
4.910847693993425356e-02
4.911826242901265460e-02
4.912805181863477699e-02
4.913294797687861593e-02
4.914274322169059211e-02
4.915254237288135819e-02
4.915744341409911122e-02
4.916234543278819036e-02
4.916724842924104916e-02
4.917215240375025220e-02
4.917705735660848204e-02
4.918196328810853918e-02
4.918687019854334902e-02
4.919177808820594799e-02
4.919668695738948355e-02
4.921141944499900223e-02
4.922616075886170756e-02
4.924091090691170430e-02
4.925074925074925114e-02
4.927536231884058204e-02
4.928521443566930005e-02
4.929014197160568045e-02
4.930986197239448088e-02
4.931479443833149817e-02
4.931972789115646183e-02
4.932959775865519009e-02
4.933947157726181060e-02
4.935923107729275200e-02
4.936911676346885519e-02
4.938890002003606255e-02
4.939879759519037739e-02
4.940374787052810579e-02
4.941860465116278828e-02
4.942851413675556499e-02
4.943347036999899691e-02
4.943842759727236358e-02
4.944834503510531915e-02
4.946322865456004997e-02
4.947315604616156492e-02
4.947812123645122656e-02
4.948308742346682609e-02
4.949302278887662138e-02
4.949799196787148248e-02
4.950296214479365381e-02
4.950793331994376295e-02
4.951290549362257626e-02
4.951787866613097805e-02
4.952782800884066722e-02
4.953778135048231279e-02
4.954275952165611285e-02
4.955271886621771121e-02
4.955770004020908920e-02
4.956766539312286446e-02
4.957264957264957000e-02
4.957763475462590580e-02
4.959259631827783732e-02
4.959758551307846819e-02
4.960257571184224085e-02
4.960756691487220454e-02
4.961255912247156813e-02
4.961755233494363759e-02
4.962254655259184383e-02
4.962754177571974956e-02
4.963253800463102855e-02
4.963753523962947944e-02
4.964253348101903274e-02
4.964753272910372300e-02
4.965253298418773054e-02
4.965753424657533971e-02
4.966253651657096674e-02
4.966753979447914580e-02
4.967254408060453597e-02
4.967754937525191428e-02
4.968255567872618961e-02
4.968756299133239573e-02
4.969257131337567052e-02
4.969758064516129059e-02
4.970259098699465750e-02
4.970760233918128379e-02
4.971261470202682081e-02
4.971762807583703092e-02
4.972264246091780138e-02
4.972765785757514434e-02
4.973267426611520381e-02
4.973769168684422787e-02
4.974271012006861031e-02
4.974772956609485597e-02
4.975275002522958762e-02
4.975777149777957375e-02
4.976279398405168003e-02
4.977786752827140226e-02
4.978792163199353971e-02
4.979295020704978952e-02
4.979797979797979945e-02
4.980301040509142046e-02
4.980804202869266312e-02
4.981810832659660376e-02
4.982314300151591963e-02
4.982817869415807899e-02
4.983321540483169609e-02
4.983825313384553091e-02
4.984329188150844053e-02
4.985337243401759266e-02
4.985841423948220164e-02
4.986850091037831056e-02
4.987354577642893333e-02
4.987859166329421112e-02
4.988363857128402107e-02
4.988868650070835825e-02
4.989878542510121223e-02
4.990383642069035064e-02
4.990888843895525256e-02
4.991394148020653759e-02
4.991899554475496409e-02
4.992405063291139450e-02
4.992910674498683699e-02
4.993416388129241074e-02
4.993922204213938065e-02
4.994428122783912266e-02
4.994934143870313759e-02
4.995946493717065562e-02
4.996959254003648793e-02
4.997465788139888315e-02
4.997972424979724160e-02
4.998479164554395227e-02
4.998986006895152906e-02
4.999492952033262466e-02
5.000000000000000278e-02
5.000507150826655894e-02
5.001521761184944681e-02
5.002029220779220797e-02
5.002536783358701306e-02
5.003552217598700863e-02
5.004568064155923146e-02
5.005076142131979766e-02
5.005584323281551257e-02
5.006092607636068031e-02
5.006600995226972994e-02
5.007109486085720151e-02
5.008126777732629237e-02
5.008635578583765097e-02
5.009144482828693096e-02
5.009653490498933159e-02
5.010162601626016315e-02
5.010671816241488163e-02
5.011181134376906099e-02
5.011690556063840701e-02
5.012200081333875734e-02
5.012709710218606757e-02
5.013729278958609092e-02
5.014749262536873087e-02
5.015259409969480969e-02
5.015769661206633673e-02
5.016280016280016268e-02
5.017301038062283586e-02
5.017811704834605757e-02
5.018833350300315466e-02
5.019344329057218168e-02
5.020366598778003980e-02
5.021389284986758905e-02
5.021900784353672265e-02
5.022412387938060552e-02
5.023435907886692614e-02
5.023947824314684701e-02
5.024459845087647647e-02
5.025484199796126372e-02
5.027021515244213534e-02
5.027534162757495151e-02
5.028046914839367360e-02
5.029072732836886717e-02
5.029585798816568060e-02
5.030612244897959134e-02
5.031125625063782164e-02
5.031639110022453898e-02
5.032666394446713015e-02
5.033180193976518474e-02
5.034208107832124912e-02
5.034722222222222376e-02
5.035236441630068505e-02
5.035750766087844499e-02
5.036265195627745439e-02
5.037294370082762845e-02
5.038323965252938103e-02
5.038838920686835449e-02
5.040384418771087088e-02
5.041415277635750286e-02
5.042446558248951660e-02
5.042962356792143885e-02
5.043994270513607603e-02
5.045026606631191485e-02
5.046059365404299141e-02
5.046575903367796212e-02
5.047092547092547205e-02
5.047609296611037244e-02
5.048126151955764640e-02
5.049160180253994129e-02
5.050194632247489990e-02
5.051229508196721646e-02
5.051747105236192165e-02
5.052264808362369464e-02
5.053300533005330303e-02
5.054336682386713353e-02
5.054854916435968376e-02
5.055373256767842216e-02
5.058485532526164896e-02
5.059004617752693722e-02
5.060043107872318896e-02
5.061082024432810023e-02
5.061601642710471943e-02
5.062121367696888891e-02
5.062641199424933180e-02
5.063161137927493088e-02
5.063681183237469380e-02
5.064201335387776004e-02
5.064721594411341482e-02
5.065241960341107519e-02
5.065762433210029003e-02
5.066283013051074008e-02
5.066803699897225177e-02
5.067324493781478340e-02
5.067845394736841813e-02
5.068887517993008601e-02
5.069930069930069644e-02
5.070973050812589700e-02
5.072016460905350022e-02
5.073060300473348355e-02
5.074104569781803104e-02
5.074626865671641451e-02
5.075149269096149857e-02
5.075671780088541335e-02
5.076194398682042780e-02
5.077239958805355308e-02
5.078285949732179450e-02
5.078809106830122627e-02
5.079332371728827872e-02
5.079855744461617834e-02
5.080379225061830428e-02
5.080902813562815368e-02
5.081426509997938323e-02
5.082474226804123418e-02
5.082998247241983514e-02
5.083522375747576844e-02
5.084046612354336386e-02
5.084570957095709692e-02
5.085095410005157496e-02
5.085619971116154409e-02
5.086144640462188921e-02
5.086669418076764093e-02
5.087194303993396172e-02
5.087719298245613891e-02
5.088244400866962641e-02
5.088769611890998912e-02
5.089294931351295848e-02
5.089820359281437001e-02
5.090345895715023272e-02
5.091397294226995829e-02
5.091923156372650527e-02
5.093501394772187441e-02
5.094027691671833280e-02
5.095080611823067651e-02
5.095607235142118885e-02
5.096133967335125109e-02
5.096660808435852369e-02
5.097714817495605649e-02
5.098769262591788115e-02
5.099296648738105286e-02
5.099824143995034670e-02
5.100351748396440843e-02
5.100879461976202955e-02
5.101407284768211953e-02
5.102463258124612100e-02
5.102991408756857306e-02
5.104576516877200321e-02
5.106162610046607875e-02
5.109337755207793430e-02
5.110397014615943034e-02
5.112516851602198764e-02
5.115699906609940534e-02
5.116761805915931438e-02
5.118355481727574624e-02
5.118886927629529709e-02
5.119418483904464995e-02
5.120481927710843206e-02
5.121545813421982118e-02
5.122077922077922230e-02
5.122610141313382881e-02
5.124207462841700450e-02
5.124740124740125025e-02
5.125272897390581450e-02
5.127405096203847823e-02
5.127938423132931411e-02
5.128471861021533656e-02
5.129005409904286578e-02
5.130072840790842609e-02
5.131140716069941543e-02
5.131674820443426349e-02
5.132209036019154402e-02
5.133277800916284661e-02
5.133812350307195849e-02
5.136486768076682641e-02
5.137557315548144793e-02
5.139699749791493133e-02
5.140235637576894695e-02
5.141307748461779181e-02
5.142380306665275680e-02
5.143453312467397009e-02
5.143989983305509439e-02
5.145063661031099717e-02
5.145600667988727700e-02
5.146137787056367235e-02
5.146675018269130514e-02
5.147212361662142216e-02
5.148287385129490107e-02
5.148825065274151291e-02
5.150438779774341863e-02
5.150976909413854110e-02
5.151515151515151381e-02
5.152053506113491582e-02
5.153130552942405962e-02
5.153669245243570896e-02
5.154208050182958883e-02
5.155285998117745822e-02
5.155825141183852794e-02
5.156364397029599561e-02
5.157443247201590197e-02
5.157982841598660745e-02
5.159602302459445622e-02
5.160142348754448438e-02
5.161222780569513918e-02
5.164466792373768877e-02
5.166631733389226433e-02
5.167173252279635282e-02
5.167714884696016781e-02
5.168256630674075008e-02
5.168798490249527922e-02
5.170967065240193034e-02
5.171509493338927871e-02
5.172594691008288587e-02
5.173680344212404358e-02
5.174766453238165143e-02
5.175853018372703757e-02
5.165896682066358631e-02
5.166439147327522852e-02
5.166981726528040164e-02
5.167524419703812405e-02
5.168067226890755983e-02
5.169153183441899807e-02
5.170239596469104748e-02
5.170782974251182662e-02
5.171326466260248167e-02
5.171870072532324530e-02
5.172413793103448204e-02
5.172957628009672987e-02
5.173501577287066555e-02
5.174045640971711157e-02
5.174589819099705695e-02
5.175134111707162948e-02
5.175678518830212349e-02
5.176223040504997208e-02
5.176767676767676796e-02
5.177857293201431482e-02
5.178402273444900755e-02
5.178947368421052411e-02
5.179492578166122740e-02
5.180583342108033978e-02
5.181128896377422410e-02
5.182220349694544037e-02
5.182766248814916349e-02
5.183312262958280486e-02
5.183858392160994866e-02
5.184950995889978098e-02
5.185497470489038724e-02
5.186590765338393305e-02
5.187137585661570627e-02
5.187684521299029683e-02
5.188231572287251014e-02
5.189873417721518889e-02
5.190420930477898653e-02
5.192064162093710383e-02
5.192612137203166112e-02
5.193160227992400096e-02
5.195353748680042044e-02
5.196451204055766576e-02
5.197549123177688801e-02
5.198647506339813817e-02
5.199746353836397911e-02
5.200845665961945086e-02
5.201395496352680115e-02
5.201945443011207759e-02
5.202495505974410323e-02
5.203045685279188148e-02
5.203595980962454071e-02
5.204146393061138270e-02
5.204696921612186888e-02
5.205247566652560637e-02
5.205798328219236187e-02
5.206349206349206171e-02
5.206900201079479179e-02
5.207451312447079067e-02
5.208002540489044263e-02
5.208553885242430542e-02
5.209656925031766472e-02
5.210208620141904001e-02
5.211312360978710007e-02
5.211864406779660730e-02
5.212416569551859419e-02
5.212968849332485360e-02
5.214073760067825664e-02
5.215179139283442761e-02
5.215732004664475757e-02
5.216284987277353818e-02
5.216838087159367948e-02
5.217391304347825803e-02
5.217944638880051000e-02
5.218498090793381727e-02
5.219051660125172132e-02
5.219605346912794402e-02
5.220159151193633912e-02
5.220713073005093380e-02
5.221267112384590792e-02
5.221821269369560786e-02
5.222375543997452574e-02
5.224039074113399905e-02
5.225148683092608465e-02
5.226258763543658453e-02
5.227369315767105978e-02
5.227924768887472207e-02
5.228480340063761805e-02
5.229036029333616886e-02
5.229591836734694132e-02
5.230147762304666881e-02
5.230703806081224427e-02
5.231259968102073415e-02
5.231816248404934366e-02
5.232372647027544454e-02
5.233485799383044701e-02
5.235156416258778672e-02
5.235713525593274631e-02
5.237943149153625327e-02
5.239058673197742599e-02
5.240174672489082697e-02
5.241291147331415823e-02
5.242408098028769614e-02
5.245202558635394391e-02
5.245761808295127532e-02
5.246321177223288446e-02
5.247440273037542319e-02
5.247999999999999887e-02
5.249119812226608200e-02
5.249679897567221393e-02
5.250800426894343398e-02
5.251360870957412497e-02
5.251921434671220912e-02
5.252482118074090073e-02
5.253042921204355981e-02
5.253603844100374065e-02
5.254164886800512940e-02
5.255287331766716336e-02
5.255848734109603432e-02
5.256410256410256471e-02
5.257533661038683165e-02
5.258095543443411235e-02
5.258657545959811996e-02
5.259219668626403249e-02
5.260906757912745674e-02
5.262594929939030941e-02
5.263720979993580934e-02
5.264847512038522970e-02
5.265410958904109817e-02
5.266538214515092964e-02
5.268230003212335394e-02
5.268794174341400599e-02
5.270487412961970958e-02
5.272181740248606946e-02
5.273311897106109508e-02
5.273877157251580933e-02
5.275573665022517678e-02
5.276139410187667689e-02
5.276705276705277031e-02
5.277271264614394330e-02
5.277837373954086947e-02
5.278403604763437507e-02
5.279536430947526227e-02
5.280103026400514987e-02
5.280669743479660810e-02
5.281236582224130283e-02
5.281803542673108032e-02
5.282370624865793257e-02
5.282937828841404587e-02
5.284072602298357096e-02
5.284640171858216717e-02
5.285207863358040714e-02
5.285775676837129594e-02
5.286911669890393545e-02
5.289185121479252072e-02
5.289753789915063037e-02
5.291460529146052583e-02
5.292029686995804866e-02
5.292598967297762469e-02
5.293168370091447250e-02
5.294877313818338593e-02
5.295447206974491366e-02
5.297157622739018246e-02
5.297728006891353619e-02
5.298298513891880335e-02
5.299439896596294663e-02
5.300010772379618734e-02
5.302295505981247797e-02
5.302866997197672183e-02
5.304010349288486303e-02
5.305154194522320593e-02
5.305726302167583508e-02
5.306298533218291313e-02
5.306870887714378038e-02
5.308015967202502766e-02
5.308588692274492787e-02
5.309161540951764374e-02
5.309734513274336209e-02
5.310307609282245017e-02
5.310880829015544174e-02
5.311454172514304406e-02
5.312601230968577726e-02
5.313174946004319693e-02
5.313748784965979105e-02
5.314896834827698147e-02
5.316045380875202703e-02
5.318343962814831016e-02
5.320069204152249459e-02
5.320644533362171857e-02
5.321219987021414549e-02
5.322947095098994053e-02
5.323523046959532240e-02
5.324099123471486006e-02
5.324675324675324367e-02
5.325251650611537851e-02
5.326404676843130709e-02
5.326981377219575792e-02
5.328135152696555910e-02
5.328712227878262819e-02
5.329289428076256635e-02
5.329866753331166662e-02
5.331021779174342085e-02
5.332177305733174638e-02
5.332755256882722866e-02
5.333333333333333676e-02
5.333911535125759190e-02
5.334489862300769575e-02
5.335646892961717902e-02
5.336225596529284299e-02
5.337383380342807654e-02
5.338541666666666435e-02
5.339120998372218901e-02
5.339700455828087777e-02
5.340280039075219476e-02
5.340859748154581227e-02
5.342019543973941520e-02
5.343179843614248581e-02
5.344340647403866829e-02
5.344921238457359808e-02
5.345501955671447258e-02
5.346663768745924666e-02
5.347244864688621008e-02
5.347826086956521813e-02
5.348407435590825376e-02
5.348988910632745952e-02
5.349570512123518612e-02
5.350734094616639569e-02
5.351316075701544744e-02
5.354227881162259423e-02
5.354810622551153809e-02
5.355976485956891187e-02
5.357142857142856845e-02
5.357726233257105453e-02
5.359477124183006230e-02
5.361813426329555682e-02
5.362982341399607361e-02
5.364151766245094100e-02
5.364736669937847369e-02
5.365321701199563670e-02
5.365906860071981838e-02
5.366492146596858748e-02
5.367077560815970011e-02
5.367663102771110667e-02
5.368248772504091715e-02
5.368834570056743583e-02
5.370592730051304553e-02
5.371179039301310354e-02
5.371765476580412507e-02
5.372352041930552463e-02
5.372938735393687631e-02
5.373525557011795545e-02
5.375874125874125636e-02
5.376461588897388233e-02
5.377049180327869021e-02
5.377636900207673210e-02
5.378812725483764906e-02
5.380577427821522235e-02
5.381165919282511478e-02
5.382343288480472693e-02
5.383521172994857468e-02
5.384110308601444683e-02
5.384699573164058312e-02
5.387057921821964551e-02
5.388237870988938499e-02
5.389418337167269091e-02
5.390008764241892986e-02
5.391190006574621968e-02
5.392371766768960795e-02
5.394145378796184886e-02
5.394736842105263275e-02
5.395920157929370159e-02
5.397103992979376819e-02
5.400658616904500248e-02
5.402437685297024200e-02
5.403030968592137384e-02
5.404811600571240299e-02
5.405405405405405705e-02
5.406593406593406675e-02
5.407781930094526096e-02
5.408970976253298091e-02
5.410160545414559319e-02
5.410755526228967077e-02
5.411350637923448975e-02
5.411945880541194770e-02
5.412541254125412260e-02
5.413136758719330754e-02
5.414328161109276810e-02
5.414924058991855277e-02
5.415520088057237252e-02
5.416116248348745027e-02
5.417905517013544420e-02
5.419695968274950565e-02
5.420890260026443169e-02
5.422085078245536538e-02
5.424476295479602889e-02
5.425074429374793228e-02
5.425672695191883360e-02
5.426869622766379575e-02
5.428067078552515495e-02
5.428666004634227077e-02
5.429265062900021782e-02
5.430463576158940653e-02
5.431662618679620330e-02
5.432262338522689943e-02
5.432862190812720593e-02
5.433462175593594540e-02
5.434662542803490870e-02
5.435262925320371447e-02
5.437064869046303456e-02
5.437665782493368571e-02
5.438266828783022006e-02
5.438868007959318795e-02
5.439469320066334795e-02
5.440070765148164594e-02
5.440672343248921516e-02
5.442477876106194962e-02
5.443079986724195379e-02
5.444284607723802460e-02
5.444887118193891123e-02
5.445489762036524739e-02
5.446092539295992879e-02
5.446695450016605933e-02
5.447298494242692329e-02
5.447901672018602703e-02
5.449108428397386045e-02
5.449712007089056037e-02
5.450315719508141976e-02
5.450919565699091640e-02
5.451523545706370849e-02
5.452127659574468321e-02
5.452731907347888735e-02
5.453940804788826036e-02
5.455755156353958579e-02
5.456360208495064645e-02
5.456965394853593304e-02
5.457570715474209522e-02
5.458176170401597693e-02
5.459993341471534867e-02
5.460599334073251709e-02
5.461205461205461548e-02
5.462418119240590453e-02
5.463024650233178070e-02
5.463631315935591620e-02
5.464238116392714645e-02
5.466059326741472962e-02
5.468489496498833008e-02
5.470313542361574660e-02
5.476402493321460424e-02
5.477621910487642104e-02
5.478841870824053412e-02
5.480062374693695643e-02
5.480672830567004383e-02
5.481283422459892751e-02
5.481894150417827155e-02
5.483727151136870426e-02
5.484338423810054819e-02
5.484949832775919826e-02
5.485561378080053285e-02
5.486784877885580308e-02
5.488008923591745913e-02
5.488621151271753928e-02
5.489233515563985560e-02
5.489846016514170896e-02
5.491684339770063622e-02
5.492297387809778886e-02
5.492910572736407065e-02
5.493523894595801760e-02
5.494137353433835996e-02
5.494750949296403619e-02
5.495364682229419984e-02
5.495978552278820567e-02
5.496592559490559582e-02
5.497820985584981474e-02
5.498435404559678247e-02
5.499049960880741938e-02
5.500894454382826426e-02
5.502124804294341448e-02
5.503971361449826877e-02
5.505203088284659624e-02
5.507668196574499325e-02
5.508284818629646112e-02
5.509518477043672674e-02
5.510752688172042973e-02
5.511987452386287595e-02
5.512605042016806983e-02
5.513222770058269495e-02
5.513840636557211516e-02
5.515076785113776775e-02
5.515695067264574092e-02
5.516313488059199771e-02
5.517550745766513359e-02
5.518169582772543963e-02
5.519407673322863223e-02
5.520026926960619473e-02
5.520646319569120358e-02
5.521265851195152063e-02
5.521885521885521592e-02
5.523125280646609681e-02
5.523745368811047718e-02
5.524985962942167289e-02
5.525606469002695281e-02
5.526227114455801309e-02
5.526847899348460991e-02
5.527468823727670760e-02
5.528711091133835243e-02
5.529953917050691586e-02
5.530575539568345633e-02
5.531197301854974546e-02
5.531819203957724640e-02
5.533063427800270079e-02
5.534930813364832836e-02
5.535553555355535865e-02
5.536799459824442993e-02
5.537422622397299155e-02
5.539292952037829648e-02
5.539916676049994049e-02
5.541788691146654761e-02
5.543037404236142440e-02
5.544286680189317029e-02
5.544911529358728663e-02
5.546161650321271286e-02
5.546786922209695492e-02
5.547412335099785596e-02
5.548037889039242332e-02
5.548663584075786553e-02
5.549915397631133979e-02
5.551167776148031169e-02
5.552420720009028365e-02
5.553047404063205655e-02
5.553674229597019979e-02
5.556810481138468177e-02
5.558693932888938982e-02
5.559322033898304871e-02
5.563722718534434147e-02
5.565610859728506443e-02
5.566240524946260843e-02
5.566870332654446502e-02
5.567500282901437225e-02
5.568130375735626941e-02
5.568760611205433170e-02
5.569390989359293553e-02
5.571282980409919539e-02
5.571913929784824693e-02
5.572545022086306671e-02
5.574439157036029796e-02
5.575070821529744952e-02
5.576334580074804315e-02
5.577598911688017025e-02
5.578231292517006612e-02
5.578863816759269817e-02
5.580129295678802614e-02
5.580762250453720485e-02
5.581395348837209225e-02
5.583929179434797552e-02
5.585196957656941852e-02
5.585831062670299635e-02
5.587099704746763262e-02
5.587734241908006577e-02
5.589003748722026765e-02
5.590273832519031955e-02
5.590909090909090828e-02
5.591544493692465062e-02
5.592815732636125664e-02
5.593451568894951959e-02
5.594087549744172772e-02
5.595359945411122748e-02
5.595996360327570862e-02
5.598543468365953235e-02
5.599180607715943669e-02
5.600455321570859540e-02
5.601092896174863361e-02
5.601730615962655091e-02
5.602368480983830473e-02
5.603006491288008151e-02
5.603644646924828970e-02
5.604282947943957371e-02
5.605559986327902228e-02
5.606837606837607180e-02
5.607476635514018620e-02
5.608115809871195429e-02
5.608755129958960250e-02
5.609394595827157937e-02
5.610034207525655542e-02
5.611953918101972999e-02
5.613234455219623387e-02
5.615156356996119785e-02
5.615797283415135260e-02
5.616438356164383389e-02
5.617720940854076250e-02
5.619004111466423257e-02
5.620929966868502131e-02
5.621572212065813201e-02
5.622214604045251696e-02
5.624142661179698521e-02
5.624785640791128694e-02
5.626072041166380738e-02
5.627359030081207497e-02
5.628002745367192972e-02
5.628646607939594843e-02
5.629934775145897796e-02
5.630579079880979748e-02
5.631223532104841223e-02
5.631868131868131983e-02
5.632512879221522606e-02
5.633157774215708652e-02
5.635093345550337696e-02
5.635738831615120376e-02
5.637030247479376394e-02
5.638322255328902244e-02
5.638968481375358083e-02
5.639614855570838914e-02
5.640908048612703479e-02
5.641554867561059811e-02
5.642201834862385634e-02
5.643496214728148386e-02
5.644143627394745955e-02
5.644791188618632216e-02
5.645438898450946819e-02
5.646734764145529967e-02
5.648031224888072632e-02
5.649328281088528830e-02
5.650625933157230052e-02
5.651274982770503053e-02
5.651924181504882488e-02
5.652573529411764747e-02
5.653872672948747485e-02
5.654522468681760783e-02
5.655172413793103231e-02
5.655822508334291260e-02
5.657123145912383577e-02
5.658424381828636857e-02
5.659075224292615253e-02
5.659726216496031165e-02
5.660377358490566169e-02
5.661028650327925432e-02
5.661680092059839103e-02
5.662331683738059535e-02
5.662983425414364752e-02
5.663635317140554987e-02
5.664287358968454755e-02
5.664939550949913555e-02
5.665591893136803087e-02
5.666244385581020726e-02
5.666897028334485359e-02
5.667549821449141545e-02
5.668202764976958824e-02
5.668855858969927553e-02
5.670816044260027639e-02
5.671469740634006024e-02
5.672123587733456096e-02
5.672777585610515316e-02
5.673431734317343350e-02
5.674086033906124149e-02
5.675395085938401279e-02
5.677359796907454487e-02
5.678015002885170026e-02
5.678670360110803228e-02
5.679325868636730945e-02
5.679981528515354317e-02
5.680637339799099461e-02
5.681293302540415396e-02
5.683262100034654207e-02
5.685889286952502258e-02
5.687203791469194053e-02
5.688518903919528164e-02
5.689176688251618846e-02
5.690492713393476704e-02
5.691150954308848986e-02
5.691809347524294516e-02
5.692467893092675868e-02
5.693126591066882680e-02
5.693785441499826100e-02
5.694444444444444337e-02
5.696422368878082537e-02
5.697081982399258837e-02
5.697741748697162517e-02
5.698401667824878197e-02
5.699061739835514784e-02
5.700382342718109119e-02
5.701703557770309433e-02
5.702364394993045954e-02
5.703025385417874460e-02
5.703686529098075247e-02
5.705009276437848081e-02
5.705670880204105622e-02
5.706332637439109207e-02
5.706994548196264727e-02
5.708318830490775875e-02
5.709643727515376771e-02
5.710306406685236591e-02
5.710969239698200639e-02
5.712295367467781076e-02
5.713622111253048585e-02
5.714285714285714107e-02
5.715613382899627920e-02
5.716941668603300192e-02
5.718270571827056836e-02
5.719600093001627611e-02
5.720265085455179810e-02
5.721595534364461166e-02
5.722260990928122737e-02
5.722926602303129301e-02
5.723592368543508474e-02
5.724924365836630419e-02
5.725590596997556098e-02
5.727590221187427166e-02
5.728924080111783695e-02
5.729591242575986926e-02
5.730258560447239885e-02
5.730926033779848439e-02
5.732929387089256285e-02
5.733597482810861429e-02
5.735602704593145001e-02
5.736940298507462593e-02
5.738278516445066701e-02
5.740287014350717310e-02
5.741626794258373329e-02
5.742296918767506725e-02
5.742967199719855448e-02
5.743637637170207616e-02
5.744308231173379797e-02
5.744978981784212846e-02
5.745649889057573290e-02
5.746320953048353330e-02
5.746992173811470844e-02
5.747663551401869381e-02
5.748335085874518163e-02
5.749678625686572425e-02
5.750350631136044721e-02
5.752367590319186486e-02
5.753040224508886719e-02
5.754385964912280688e-02
5.755059071236402063e-02
5.755732335049134479e-02
5.756405756405756635e-02
5.757079335361572903e-02
5.757753071971913328e-02
5.759101018377619369e-02
5.759775228283774140e-02
5.761124121779859220e-02
5.761798805480735503e-02
5.762473647224174156e-02
5.764499121265377612e-02
5.765850228524551507e-02
5.766526019690576543e-02
5.767878077373974482e-02
5.769907353113638837e-02
5.770584095707248506e-02
5.771938057250117216e-02
5.773292654306500654e-02
5.774647887323943601e-02
5.776003756750410639e-02
5.776681930257132613e-02
5.778038755137991644e-02
5.779396217549630232e-02
5.780754317941487475e-02
5.782113056763427128e-02
5.782792665726375209e-02
5.783472434465734141e-02
5.784152363037855377e-02
5.784832451499118122e-02
5.785512699905926565e-02
5.786873676781933984e-02
5.788235294117646812e-02
5.789597552365262356e-02
5.790278921972460968e-02
5.790960451977401197e-02
5.792323993407110655e-02
5.793688177107866183e-02
5.794370509951713571e-02
5.795053003533568586e-02
5.797101449275362389e-02
5.797784586377562749e-02
5.798467884502062769e-02
5.799834964045738617e-02
5.801202688362221138e-02
5.802571057907772445e-02
5.803940073139082084e-02
5.805309734513274672e-02
5.805994807646919914e-02
5.806680042487902954e-02
5.807365439093484238e-02
5.808050997520954051e-02
5.808736717827626961e-02
5.809422600070846682e-02
5.810108644307983294e-02
5.810794850596433248e-02
5.811481218993621439e-02
5.812167749556999136e-02
5.812854442344045358e-02
5.813541297412265496e-02
5.814228314819192001e-02
5.815602836879432691e-02
5.816978008985575904e-02
5.817665838949982043e-02
5.818353831598864490e-02
5.819730305180979141e-02
5.821107430194037008e-02
5.822485207100591698e-02
5.823863636363636048e-02
5.828002842928216298e-02
5.830074653394951706e-02
5.831456678914306163e-02
5.832147937411095301e-02
5.832839359810314261e-02
5.833530946170262937e-02
5.835606689597912233e-02
5.836298932384341442e-02
5.838376646493414340e-02
5.840455840455840292e-02
5.843230403800474954e-02
5.843924456586292726e-02
5.846007604562737658e-02
5.846702317290552314e-02
5.847397195150939170e-02
5.848092238202781679e-02
5.849482820116513881e-02
5.850178359096314118e-02
5.850874063503389011e-02
5.851569933396764955e-02
5.852265968835494020e-02
5.852962169878658111e-02
5.853658536585366196e-02
5.854355069014754998e-02
5.855051767225990383e-02
5.857142857142857290e-02
5.858537747082638580e-02
5.859235441229010410e-02
5.859933301572177455e-02
5.861329521086490468e-02
5.862027880376504546e-02
5.864123957091776224e-02
5.865522174535050398e-02
5.866221533325384485e-02
5.867620751341681706e-02
5.870421190788688987e-02
5.873224304643667043e-02
5.876731963688485577e-02
5.879541108986615500e-02
5.881649731022115662e-02
5.882352941176470507e-02
5.883056319502570630e-02
5.883759866060751104e-02
5.884463580911374059e-02
5.885167464114832853e-02
5.885871515731546516e-02
5.886575735821966693e-02
5.887280124446571394e-02
5.887984681665869163e-02
5.888689407540394910e-02
5.889394302130716158e-02
5.890804597701149170e-02
5.891509998802538922e-02
5.892921307941070830e-02
5.893627216099664445e-02
5.894333293398825585e-02
5.895745955662073240e-02
5.896452540747842974e-02
5.898573312552451986e-02
5.899988008154454650e-02
5.900695610458143309e-02
5.901403382511694745e-02
5.902111324376199675e-02
5.902819436112777263e-02
5.903527717782577205e-02
5.904944791166586576e-02
5.905653583003241114e-02
5.906362545018007532e-02
5.907071677272181243e-02
5.907780979827089579e-02
5.908490452744085547e-02
5.909909909909909914e-02
5.910619894281595593e-02
5.912040374909877105e-02
5.912750871289508547e-02
5.913461538461538269e-02
5.902151700925591798e-02
5.890839144025006302e-02
5.891547432968618353e-02
5.892255892255892497e-02
5.892964521948286516e-02
5.893673322107288726e-02
5.894382292794418665e-02
5.895091434071222242e-02
5.895800745999277975e-02
5.897219882055602241e-02
5.897929706307173531e-02
5.898639701456603185e-02
5.899349867565615441e-02
5.900060204695966454e-02
5.900770712909441523e-02
5.901481392267855092e-02
5.902192242833052133e-02
5.902903264666907457e-02
5.903614457831325019e-02
5.904325822388239303e-02
5.906460945033751436e-02
5.907172995780590741e-02
5.908597612444230207e-02
5.910022916415390293e-02
5.911448908191579282e-02
5.912875588270785632e-02
5.914302957151478662e-02
5.915016900048285925e-02
5.916445303066891759e-02
5.917159763313609155e-02
5.917874396135265613e-02
5.918589201594395138e-02
5.919304179753563655e-02
5.920019330675365538e-02
5.920734654422426385e-02
5.921450151057401634e-02
5.922165820642977946e-02
5.923597678916827508e-02
5.925030229746069965e-02
5.926463473633285239e-02
5.927180355630821268e-02
5.928614640048397028e-02
5.929332042594385316e-02
5.930767368675865514e-02
5.931485292337489168e-02
5.932203389830508627e-02
5.932921661218065051e-02
5.933640106563332212e-02
5.935796486977589631e-02
5.936515628786043219e-02
5.937954435288415184e-02
5.939393939393939476e-02
5.940113953206449526e-02
5.928709990300679022e-02
5.930147950521465205e-02
5.931586608442503822e-02
5.932306199199320618e-02
5.933025964571705946e-02
5.933745904623225625e-02
5.935186309018084666e-02
5.936627412893043243e-02
5.937348227294803049e-02
5.938069216757741603e-02
5.939511721122312654e-02
5.940954926497388211e-02
5.941676792223572062e-02
5.943121050072922018e-02
5.944566010211524421e-02
5.945288753799392312e-02
5.946734768332725268e-02
5.948181486437172788e-02
5.948905109489051324e-02
5.949628908626353879e-02
5.950352883913360980e-02
5.951077035414385069e-02
5.951801363193768429e-02
5.952525867315885261e-02
5.953250547845142376e-02
5.953975404845975733e-02
5.954700438382854594e-02
5.955425648520277365e-02
5.956876598854915494e-02
5.960507069722086743e-02
5.962687477136934672e-02
5.965597169696230245e-02
5.967781303392726694e-02
5.972883840234518432e-02
5.977264393105977125e-02
5.978726005624159651e-02
5.980919765166340524e-02
5.983847283406754786e-02
5.987510713848414462e-02
5.989710926016658665e-02
5.991912755789731426e-02
5.992647058823529632e-02
5.994116204952194132e-02
5.995586071603727085e-02
5.997056659308314802e-02
5.998527968596663318e-02
5.999263894000736452e-02
6.001472754050073827e-02
6.002209402233951024e-02
6.003683241252302100e-02
6.005157804249048464e-02
6.005895357406042939e-02
6.006633091757769549e-02
6.007371007371007515e-02
6.008109104312569365e-02
6.008847382649299546e-02
6.010324483775811300e-02
6.011063306699446912e-02
6.013280865715690815e-02
6.014020415693027005e-02
6.014760147601475732e-02
6.015500061508180507e-02
6.016240157480314682e-02
6.017720895889736715e-02
6.018461538461538501e-02
6.019202363367798930e-02
6.020684560453090639e-02
6.022167487684729204e-02
6.022909225274048622e-02
6.023651145602364892e-02
6.024393248737218431e-02
6.025878003696857887e-02
6.027363490693948139e-02
6.028106508875739900e-02
6.028849710270003937e-02
6.029593094944513121e-02
6.030336662967073630e-02
6.031824349327741253e-02
6.033312769895126521e-02
6.034801925212884138e-02
6.035546778573191995e-02
6.037037037037037285e-02
6.037782442276824063e-02
6.038528031612743624e-02
6.039273805113004601e-02
6.040019762845849627e-02
6.043005437469105290e-02
6.044499381953028633e-02
6.046741684184493704e-02
6.047489488003957719e-02
6.048237476808905611e-02
6.049734009649882643e-02
6.050482553823310905e-02
6.052729298180467565e-02
6.053478583807873209e-02
6.054977711738484397e-02
6.056477582363140738e-02
6.057978196233895080e-02
6.058728782059224355e-02
6.059479553903345667e-02
6.060981655924640304e-02
6.061732986240238319e-02
6.063236205827650382e-02
6.065492433639295411e-02
6.067750341233403566e-02
6.070763500931098539e-02
6.072271203278281626e-02
6.073779654701279285e-02
6.076043737574552545e-02
6.076798807008822884e-02
6.078309509011808887e-02
6.079065141720536858e-02
6.079820962327489586e-02
6.082089552238805624e-02
6.083602886290121609e-02
6.084359835759611812e-02
6.086631814787154399e-02
6.087389518237271147e-02
6.088147410358565881e-02
6.088905491221516947e-02
6.089663760896637384e-02
6.090422219454477704e-02
6.091180866965620333e-02
6.091939703500685171e-02
6.092698729130326118e-02
6.093457943925233850e-02
6.094217347956131653e-02
6.094976941293780287e-02
6.097256857855361256e-02
6.098777750062359809e-02
6.099538480728452366e-02
6.102583302134031995e-02
6.105631164939442912e-02
6.106393606393606399e-02
6.108682073703935317e-02
6.109445277361319482e-02
6.110972256935766345e-02
6.112499999999999878e-02
6.114793047392771963e-02
6.120150187734668679e-02
6.122448979591836593e-02
6.123215627347858986e-02
6.123982467125860946e-02
6.124749498997995867e-02
6.126284139313455113e-02
6.127051747901265250e-02
6.127819548872180666e-02
6.128587542298533780e-02
6.129355728252695173e-02
6.130892678034102067e-02
6.132430398796086951e-02
6.133199548476107182e-02
6.134738426797139293e-02
6.135508155583437734e-02
6.137048192771084321e-02
6.137818501317936215e-02
6.138589003263871663e-02
6.139359698681732397e-02
6.140130587644399701e-02
6.142444416530586787e-02
6.143216080402010004e-02
6.144759989947223139e-02
6.146304675716440097e-02
6.147077309868007738e-02
6.147850138295197359e-02
6.148623161071294085e-02
6.149396378269617741e-02
6.150169789963526312e-02
6.150943396226415255e-02
6.151717197131714721e-02
6.152491192752893717e-02
6.153265383163458030e-02
6.154814348646947542e-02
6.155589123867069579e-02
6.156364094170967832e-02
6.157139259632334743e-02
6.157914620324896060e-02
6.158690176322418469e-02
6.160241874527588868e-02
6.162570888468808794e-02
6.163347617847239612e-02
6.164124543048027371e-02
6.164901664145234356e-02
6.165678981212961707e-02
6.166456494325346649e-02
6.167234203556564570e-02
6.168012108980827635e-02
6.170347003154574156e-02
6.171904581597879857e-02
6.173462946597652046e-02
6.174242424242424448e-02
6.175022098749842481e-02
6.175801970194493701e-02
6.176582038651003831e-02
6.177362304194037451e-02
6.178142766898294530e-02
6.178923426838513894e-02
6.179704284089473226e-02
6.180485338725985600e-02
6.182048040455120214e-02
6.184393575313013730e-02
6.185958254269449674e-02
6.187523725167658195e-02
6.189089988609036697e-02
6.189873417721519083e-02
6.190657045195594593e-02
6.191440871106609206e-02
6.192224895529947759e-02
6.193009118541033253e-02
6.193793540215326160e-02
6.194578160628325114e-02
6.195362979855568303e-02
6.196933215055126093e-02
6.197718631178707194e-02
6.198504246419064834e-02
6.199290060851926631e-02
6.200076074553061839e-02
6.201648700063411290e-02
6.202435312024352776e-02
6.203222123557021461e-02
6.204009134737376030e-02
6.204796345641416105e-02
6.205583756345177393e-02
6.208735398679533085e-02
6.209523809523809224e-02
6.211890243902438991e-02
6.213468869123252997e-02
6.215838311935934640e-02
6.220582623075944506e-02
6.223749522718594746e-02
6.228505922812380829e-02
6.229299363057325123e-02
6.232475146571501284e-02
6.234859110034425556e-02
6.237244897959183521e-02
6.238040566398775355e-02
6.240428790199081116e-02
6.242021955578248849e-02
6.244413229472609017e-02
6.245210727969348341e-02
6.246008430195427313e-02
6.246806336228921674e-02
6.247604446147949492e-02
6.248402760030666997e-02
6.251598056762976141e-02
6.252397391637898316e-02
6.254796623177283355e-02
6.256397134083929723e-02
6.257197696737043513e-02
6.257998464294856067e-02
6.258799436836041952e-02
6.259600614439324306e-02
6.261203585147247230e-02
6.263609581145125615e-02
6.264411990776326544e-02
6.267623686234298497e-02
6.269230769230768607e-02
6.273252084669660167e-02
6.274862055691005081e-02
6.276472853292260068e-02
6.278084478110154687e-02
6.279696930782072140e-02
6.280503467762650616e-02
6.281310211946050659e-02
6.282117163412127836e-02
6.282924322240780735e-02
6.286155032780563201e-02
6.287771634306288382e-02
6.288580246913580418e-02
6.289389067524116250e-02
6.290198096218163615e-02
6.291816778178074832e-02
6.293436293436292794e-02
6.294246363753379370e-02
6.295056642636456812e-02
6.295867130166087067e-02
6.297488731487443925e-02
6.299111168362746260e-02
6.299922700334965875e-02
6.301546391752577136e-02
6.302358551359711625e-02
6.303983498775299343e-02
6.304796286745745215e-02
6.305609284332688858e-02
6.306422491617229287e-02
6.308049535603715841e-02
6.309677419354839389e-02
6.310491676345335310e-02
6.311306143520908907e-02
6.312120820962953405e-02
6.312935708752905051e-02
6.313750806972240337e-02
6.314566115702478777e-02
6.317829457364340651e-02
6.318645819873368319e-02
6.321096173733195545e-02
6.321913380736909893e-02
6.322730799069045671e-02
6.323548428811587296e-02
6.324366270046559435e-02
6.325184322856033936e-02
6.326002587322121506e-02
6.326821063526975875e-02
6.328458651481816410e-02
6.329277763396323753e-02
6.330916623511134711e-02
6.331736371876213465e-02
6.333376505633984965e-02
6.334196891191709589e-02
6.336659323571336433e-02
6.339123671247083591e-02
6.340767634854771462e-02
6.341589936454415655e-02
6.342412451361867376e-02
6.344881276761385469e-02
6.345704645730600169e-02
6.346528228423102547e-02
6.347352024922117697e-02
6.348176035310917897e-02
6.349000259672812896e-02
6.349824698091156849e-02
6.350649350649351099e-02
6.351474217430835845e-02
6.352299298519095694e-02
6.341780376868096092e-02
6.342604626982063787e-02
6.343429091381776186e-02
6.344253770150806715e-02
6.345078663372773209e-02
6.345903771131339299e-02
6.346729093510208863e-02
6.347554630593131575e-02
6.348380382463900129e-02
6.349206349206348854e-02
6.350858927641853113e-02
6.351685539502797961e-02
6.354994139861960822e-02
6.355821828601197765e-02
6.357477853048462690e-02
6.358306188925080815e-02
6.359134740682825804e-02
6.359963508406099586e-02
6.360792492179354052e-02
6.362451108213820761e-02
6.364940654754140670e-02
6.365770936603182273e-02
6.368263082343729453e-02
6.370757180156658150e-02
6.374085684430512433e-02
6.377417668583376664e-02
6.378251208992288812e-02
6.379918943652765351e-02
6.381587550673466225e-02
6.383257030739045157e-02
6.384092098377812385e-02
6.385762889295995559e-02
6.387434554973822620e-02
6.389107096098455008e-02
6.389943695168259774e-02
6.391617550753110610e-02
6.392454807440398068e-02
6.395806028833551926e-02
6.396644383274348311e-02
6.397482957524908143e-02
6.398321751671692814e-02
6.399160765801206741e-02
6.400000000000000133e-02
6.400839454354669000e-02
6.401679128951856534e-02
6.402519023878247562e-02
6.403359139220574092e-02
6.404199475065616709e-02
6.405880808611183475e-02
6.407563025210083474e-02
6.409246125558182294e-02
6.411772434634081808e-02
6.413457747404389953e-02
6.415143946365189920e-02
6.420207867385870071e-02
6.421897618107645644e-02
6.423588258523101058e-02
6.425279789335089364e-02
6.426125888859625379e-02
6.426972211247201916e-02
6.427818756585880478e-02
6.428665524963772526e-02
6.429512516469038097e-02
6.431207169214549213e-02
6.433750823994725809e-02
6.436296491690846056e-02
6.437994722955145410e-02
6.438844174693231226e-02
6.439693850620216431e-02
6.440543750824864744e-02
6.441393875395987068e-02
6.442244224422442878e-02
6.443094797993134670e-02
6.445647866860387820e-02
6.447351037125115258e-02
6.448202959830866277e-02
6.449055107704505796e-02
6.450760079312624351e-02
6.454172728475068843e-02
6.457588990340082380e-02
6.461008870647425018e-02
6.462720169513971880e-02
6.466145488273486452e-02
6.467002385369732820e-02
6.468716861081653946e-02
6.470432246088571315e-02
6.472148541114058906e-02
6.473007030110093651e-02
6.474724691521825670e-02
6.476443264764432384e-02
6.477302893549242990e-02
6.478162750564184225e-02
6.479883149648120455e-02
6.480743691899069903e-02
6.483326690580576424e-02
6.485049833887043813e-02
6.486773893393593671e-02
6.489361702127659226e-02
6.491951576426766013e-02
6.492815327301756922e-02
6.493679308050565036e-02
6.494543518764972490e-02
6.495407959536803055e-02
6.496272630457934627e-02
6.498002663115845512e-02
6.499733617474694192e-02
6.500599440522179806e-02
6.502331778814124386e-02
6.503198294243070499e-02
6.504065040650407192e-02
6.504932018128499471e-02
6.505799226769763688e-02
6.506666666666666154e-02
6.507534337911721756e-02
6.508402240597492561e-02
6.510138740661686185e-02
6.511007338225484331e-02
6.511876167600746945e-02
6.514484047523695642e-02
6.515353805073431648e-02
6.517094017094017533e-02
6.518835158963398602e-02
6.519706078824315243e-02
6.520577231427043818e-02
6.522320235231221508e-02
6.524064171122995193e-02
6.524936488835406112e-02
6.525809039850227755e-02
6.527554842161584214e-02
6.529301578806528950e-02
6.531049250535331252e-02
6.531923437290858281e-02
6.532797858099062549e-02
6.534547402249597792e-02
6.535422525780099079e-02
6.537173476222371549e-02
6.538049303322615580e-02
6.538925365134663770e-02
6.539801661752880912e-02
6.541554959785522705e-02
6.542431961388926742e-02
6.543309198176454344e-02
6.544186670242724269e-02
6.545064377682403844e-02
6.545942320590207586e-02
6.546820499060906906e-02
6.547698913189320402e-02
6.548577563070316632e-02
6.549456448798818275e-02
6.552094522019334677e-02
6.552974352088089538e-02
6.527871054398926010e-02
6.528747984954325068e-02
6.529625151148731044e-02
6.535771920387305201e-02
6.537530266343825891e-02
6.539289558665231650e-02
6.540169559951554412e-02
6.541930273253465655e-02
6.543691934832368551e-02
6.545454545454545969e-02
6.546336206896551102e-02
6.550748079255964973e-02
6.553398058252427050e-02
6.556934700485698986e-02
6.560475161987040782e-02
6.562246826897109864e-02
6.564019448946514790e-02
6.564906119140888341e-02
6.565793028911105778e-02
6.568455196648195771e-02
6.571119524067063622e-02
6.574675324675324783e-02
6.582689963429499969e-02
6.584473648557105652e-02
6.587150989428029735e-02
6.588043920292802058e-02
6.588937093275487600e-02
6.589830508474575632e-02
6.592512208355941206e-02
6.593406593406593574e-02
6.594301221166892768e-02
6.595196091735650024e-02
6.596091205211726538e-02
6.598778004073320436e-02
6.599674090168386464e-02
6.600570419665896527e-02
6.601466992665036559e-02
6.602363809265045236e-02
6.603260869565216740e-02
6.604158173664900766e-02
6.605055721663495583e-02
6.605953513660459131e-02
6.606851549755302089e-02
6.608648354636932620e-02
6.610446137105549513e-02
6.611345395184328733e-02
6.612244897959183854e-02
6.613144645530004417e-02
6.615845358017968802e-02
6.616746085772634567e-02
6.617647058823529493e-02
6.618548277270870639e-02
6.619449741214927796e-02
6.621253405994551033e-02
6.622155607030930091e-02
6.624863685932387558e-02
6.625766871165644778e-02
6.626670302699753934e-02
6.627573980635483031e-02
6.628477905073650034e-02
6.630286493860845787e-02
6.632096069868995136e-02
6.633906633906633266e-02
6.634812286689420469e-02
6.635718186783177985e-02
6.636624334289226157e-02
6.637530729308932509e-02
6.638437371943722853e-02
6.640251400464544651e-02
6.643882433356117223e-02
6.646608315098467834e-02
6.650246305418719417e-02
6.638379414180126115e-02
6.641106394632342869e-02
6.644745855596656536e-02
6.646567082362614398e-02
6.647478070175438791e-02
6.648389307745031229e-02
6.650212532565473456e-02
6.651124520021942099e-02
6.652949245541837919e-02
6.654774972557628288e-02
6.656601701894043766e-02
6.657515442690459251e-02
6.658429434376715583e-02
6.661172915808268036e-02
6.663918658972245446e-02
6.665750412314458417e-02
6.666666666666666574e-02
6.667583172944734071e-02
6.669416941694170098e-02
6.670334204373538911e-02
6.671251719394773183e-02
6.672169486862017385e-02
6.673087506879471498e-02
6.675843083275981305e-02
6.676762114537444781e-02
6.677681398870989604e-02
6.678600936381162700e-02
6.679520727172565120e-02
6.680440771349861750e-02
6.681361069017771603e-02
6.683202425244591516e-02
6.685044796691937130e-02
6.685966363385718869e-02
6.688732588608467533e-02
6.689655172413792872e-02
6.690578010760105110e-02
6.691501103752758861e-02
6.692424451497171189e-02
6.693348054098813282e-02
6.695196024295968495e-02
6.696120392102719587e-02
6.697045015189173611e-02
6.697969893661095964e-02
6.700746062448190155e-02
6.701671963520795805e-02
6.703524533517622730e-02
6.705378128024333528e-02
6.709088393968737352e-02
6.710016602102933381e-02
6.710945067109450046e-02
6.711873789094935372e-02
6.712802768166090117e-02
6.713732004429678879e-02
6.714661497992524541e-02
6.717451523545706071e-02
6.718382047374982236e-02
6.719312829038515122e-02
6.720243868643480112e-02
6.723038536179651303e-02
6.725835529052835715e-02
6.728634850166481662e-02
6.734240488753123755e-02
6.738918994025287768e-02
6.739855475264035223e-02
6.740792216817234617e-02
6.741729218793439393e-02
6.743604004449388345e-02
6.745479833101529488e-02
6.746418138823202792e-02
6.747356705620478901e-02
6.748295533602337304e-02
6.749234622877818557e-02
6.750173973556020113e-02
6.751113585746101875e-02
6.752053459557287585e-02
6.752993595098857882e-02
6.754874651810584274e-02
6.755815573199609736e-02
6.758639910813823981e-02
6.760524114859213507e-02
6.763352391577186207e-02
6.764295676429567250e-02
6.765239224438554522e-02
6.766183035714286309e-02
6.767127110366959186e-02
6.769016050244243410e-02
6.769960915689558767e-02
6.771851438145769231e-02
6.773743016759777025e-02
6.774689202402570110e-02
6.775635652416876764e-02
6.776582366913511124e-02
6.777529346003353938e-02
6.778476589797344243e-02
6.779424098406486299e-02
6.780371871941842654e-02
6.782268214235771808e-02
6.783216783216783341e-02
6.784165617568890805e-02
6.785114717403468998e-02
6.786064082831957944e-02
6.787963610916725177e-02
6.789864202715945041e-02
6.792717086834733353e-02
6.794620341832445509e-02
6.795572369342861574e-02
6.797477224947441610e-02
6.799383148745268002e-02
6.801290141635114861e-02
6.805107338291005448e-02
6.807017543859648911e-02
6.808928822125509539e-02
6.810841173992417119e-02
6.812754600365220070e-02
6.816584680252986417e-02
6.818501335582735634e-02
6.820419069047953253e-02
6.821378340365681636e-02
6.823297692740573628e-02
6.825218125527722501e-02
6.826178747361012766e-02
6.827139639639639990e-02
6.828100802477826692e-02
6.830023940290100293e-02
6.831948161712916856e-02
6.833873467662392176e-02
6.834836527621195035e-02
6.835799859055673167e-02
6.838691483361533652e-02
6.840620592383639398e-02
6.841585555085342996e-02
6.842550790067719602e-02
6.844482077335591053e-02
6.845448129851799957e-02
6.849315068493150305e-02
6.851250176578613238e-02
6.854154889768231118e-02
6.855123674911660359e-02
6.864826610049540312e-02
6.868715479393854018e-02
6.873582766439909064e-02
6.877481565513329786e-02
6.880408568591289686e-02
6.883338064149872870e-02
6.886270055374130172e-02
6.888226104246555903e-02
6.889204545454545581e-02
6.890183264668277296e-02
6.892141537587040401e-02
6.893121091529277877e-02
6.894100923951669568e-02
6.895081034972988521e-02
6.896061424712071619e-02
6.900967558338076679e-02
6.903914590747331492e-02
6.907847884916679115e-02
6.911785663388912704e-02
6.913756236635780483e-02
6.914741944682063768e-02
6.915727933837159669e-02
6.916714204221334483e-02
6.917700755954928060e-02
6.919674703952061190e-02
6.920662100456620447e-02
6.925603312865914740e-02
6.926592402170808627e-02
6.930551586167475742e-02
6.934515298827566288e-02
6.936498855835240840e-02
6.937491059934200455e-02
6.940469376073268859e-02
6.943450250536864488e-02
6.944444444444444753e-02
6.945438923098955220e-02
6.946433686622743853e-02
6.948424068767908302e-02
6.950415591860131803e-02
6.952408256880733550e-02
6.953405017921146514e-02
6.955399397676753637e-02
6.958393113342897784e-02
6.959391591333045912e-02
6.960390355912743354e-02
6.961389407205396951e-02
6.962388745334481543e-02
6.963388370423546914e-02
6.964388282596209456e-02
6.965388481976159119e-02
6.970393791319344501e-02
6.971395716544487309e-02
6.972397929844738329e-02
6.973400431344356498e-02
6.975406299439090851e-02
6.976409666283084343e-02
6.978417266187050827e-02
6.981430833453289297e-02
6.982435934350705864e-02
6.985452974218638034e-02
6.988472622478386631e-02
6.990487172095705137e-02
6.992502883506343525e-02
6.993511175198269259e-02
6.994519757715604580e-02
6.996537795729948495e-02
6.998556998556998421e-02
7.000577367205543244e-02
7.001587989028439096e-02
7.002598902685533422e-02
7.004621606008087920e-02
7.005633395926622042e-02
7.006645478185495601e-02
7.010696733159872684e-02
7.016782407407406996e-02
7.017797713789611369e-02
7.020845396641574310e-02
7.021861879252931649e-02
7.022878656240949535e-02
7.023895727733527050e-02
7.024913093858632662e-02
7.026948710518690633e-02
7.028985507246376940e-02
7.015509494129583412e-02
7.002029573789504691e-02
7.004060324825986394e-02
7.006092254134028974e-02
7.008125362739407727e-02
7.009142359599478123e-02
7.010159651669085890e-02
7.011177239076789303e-02
7.012195121951220189e-02
7.013213300421082541e-02
7.014231774615160842e-02
7.015250544662308962e-02
7.019328585961343014e-02
7.023411371237457679e-02
7.026476578411405827e-02
7.030567685589519944e-02
7.037738598280635083e-02
7.041842834232395210e-02
7.046979865771811624e-02
7.052124397722295268e-02
7.055214723926379883e-02
7.056245434623813206e-02
7.058307759754493815e-02
7.063468850541093635e-02
7.066569129480614053e-02
7.072777859130180422e-02
7.081073156428675797e-02
7.083150021997360046e-02
7.084188911704311642e-02
7.085228106205075649e-02
7.087307410124725482e-02
7.088347519812152053e-02
7.090428655314151563e-02
7.093552650903216239e-02
7.094594594594594295e-02
7.096679400528944914e-02
7.097722263041880697e-02
7.099808907834778693e-02
7.102941176470588258e-02
7.105030891438658680e-02
7.107121836374337420e-02
7.110260562343588553e-02
7.115497937536829909e-02
7.125995868987902715e-02
7.127047366091190939e-02
7.128099173553718859e-02
7.129151291512915434e-02
7.131256459471430054e-02
7.133362871067788769e-02
7.134416543574594038e-02
7.138634348211646274e-02
7.139689578713968865e-02
7.141800975898270065e-02
7.146027518863737327e-02
7.148142666863993577e-02
7.149200710479573784e-02
7.150259067357513099e-02
7.152376721457130715e-02
7.155555555555555280e-02
7.156615794932583152e-02
7.157676348547717393e-02
7.158737216540685122e-02
7.161921708185053914e-02
7.166172106824926502e-02
7.174688057040998213e-02
7.180020811654526380e-02
7.181088314005353024e-02
7.182156133828995759e-02
7.185361499553703790e-02
7.186430590685910502e-02
7.187499999999999445e-02
7.188569727638041695e-02
7.192851824274013040e-02
7.194994786235661688e-02
7.196066746126340841e-02
7.198211624441132328e-02
7.199284543150991089e-02
7.202505219206679909e-02
7.206803939122649605e-02
7.207879420981942731e-02
7.208955223880597618e-02
7.210031347962382597e-02
7.211107793371156205e-02
7.212184560250858856e-02
7.213261648745519783e-02
7.215416791156259446e-02
7.216494845360824084e-02
7.217573221757321578e-02
7.220810285543428908e-02
7.225130890052355870e-02
7.226211849192100412e-02
7.227293131827024208e-02
7.230538922155688164e-02
7.237039256817501265e-02
7.257700976709241525e-02
7.266435986159169858e-02
7.276288038565832672e-02
7.283969235409440413e-02
7.287266143633071291e-02
7.288365776369397364e-02
7.289465741020223488e-02
7.290566037735848881e-02
7.292767627963159249e-02
7.297174799818703650e-02
7.298277425203988922e-02
7.299380383859754851e-02
7.301587301587302015e-02
7.302691260961596820e-02
7.303795554211402197e-02
7.304900181488203914e-02
7.309322033898305038e-02
7.311534968210717245e-02
7.315964859133596010e-02
7.317073170731706877e-02
7.318181818181818121e-02
7.319290801636611776e-02
7.320400121248862857e-02
7.321509777171442135e-02
7.323730098559515234e-02
7.324840764331209952e-02
7.325951767025633277e-02
7.327063106796116720e-02
7.328174783796086167e-02
7.332624867162593207e-02
7.341541267669858539e-02
7.354956601187756515e-02
7.356076759061833115e-02
7.357197258187357647e-02
7.359439280816700013e-02
7.361682670324645739e-02
7.367297132397802872e-02
7.370669922173050947e-02
7.372920164860326253e-02
7.374045801526717125e-02
7.375171781951442296e-02
7.376298106291998002e-02
7.380806845965770524e-02
7.388710417622762483e-02
7.397763822943789758e-02
7.404568450099648091e-02
7.405703771849125872e-02
7.407975460122699640e-02
7.409111826967326730e-02
7.410248542497697988e-02
7.411385606874328069e-02
7.413660782808902117e-02
7.414798894688363895e-02
7.417076167076167015e-02
7.418215327906620138e-02
7.419354838709676936e-02
7.420494699646643100e-02
7.423916384875499375e-02
7.427341227125941470e-02
7.429626211352099996e-02
7.430769230769231071e-02
7.433056325023083832e-02
7.434200400184701185e-02
7.436489607390300849e-02
7.441072253890002042e-02
7.444512946979038592e-02
7.445660551872976263e-02
7.446808510638297518e-02
7.449105490438001631e-02
7.451403887688984318e-02
7.456004939796233300e-02
7.462917181705809588e-02
7.467532467532467244e-02
7.476780185758513664e-02
7.480253987920086611e-02
7.482571649883811016e-02
7.483731019522776862e-02
7.486050836949782739e-02
7.488372093023255849e-02
7.490694789081886462e-02
7.493018926466026020e-02
7.495344506517691296e-02
7.497671530580564403e-02
7.499999999999999722e-02
7.504661280298322024e-02
7.511664074650077627e-02
7.518679950186799021e-02
7.526881720430107781e-02
7.529228371005455833e-02
7.530402245088868574e-02
7.533926064576508541e-02
7.539806431470495729e-02
7.544517338331771517e-02
7.545695985002343065e-02
7.546875000000000111e-02
7.548054383497421194e-02
7.549234135667395873e-02
7.550414256682820568e-02
7.551594746716698558e-02
7.558685446009390241e-02
7.563419981208895082e-02
7.577659240665202134e-02
7.585990262289932229e-02
7.593145731803176146e-02
7.600314712824547680e-02
7.609894438317314769e-02
7.617095095410818251e-02
7.620700536446828322e-02
7.623106060606060774e-02
7.624309392265193885e-02
7.627921667719519960e-02
7.629126520296951319e-02
7.630331753554502050e-02
7.635156496996521602e-02
7.639987345776652616e-02
7.643614495964551336e-02
7.647245091830272290e-02
7.648456057007126108e-02
7.653303755347805326e-02
7.654516640253565540e-02
7.659372026641293740e-02
7.660586835844568343e-02
7.672756155679109902e-02
7.677634716261325099e-02
7.682519484650866815e-02
7.687410472704121756e-02
7.689858302818022850e-02
7.693532972284167215e-02
7.699665231946437038e-02
7.703349282296650946e-02
7.705807275047861504e-02
7.708266836897542662e-02
7.710727969348658839e-02
7.711959125019958450e-02
7.715654952076676787e-02
7.716887681738296423e-02
7.718120805369127480e-02
7.721822541966426312e-02
7.731711221386265709e-02
7.735426008968609990e-02
7.737904517782762115e-02
7.740384615384615641e-02
7.741625260458406821e-02
7.747834456207891574e-02
7.749077490774908261e-02
7.751564756860856997e-02
7.755298651252408304e-02
7.767770987455772935e-02
7.770270270270270008e-02
7.772771161892501335e-02
7.775273663876368369e-02
7.777777777777777901e-02
7.782790847566871395e-02
7.787810383747177656e-02
7.790322580645160644e-02
7.792836398838334788e-02
7.794093916411166945e-02
7.795351839896708102e-02
7.796610169491526021e-02
7.797868905392314753e-02
7.800387596899224785e-02
7.801647552899369786e-02
7.805429864253393690e-02
7.806691449814126549e-02
7.807953443258972004e-02
7.811741872877243920e-02
7.813005499838239498e-02
7.814269535673838696e-02
7.815533980582524409e-02
7.816798834762907211e-02
7.818064098413726737e-02
7.820595854922279822e-02
7.826932425862907772e-02
7.830739299610894877e-02
7.832009080590238148e-02
7.833279273434966272e-02
7.834549878345498097e-02
7.838364167478091560e-02
7.839636422658659287e-02
7.840909090909091439e-02
7.844729576092253354e-02
7.847278635255890145e-02
7.851105331599479709e-02
7.852381726548528229e-02
7.853658536585365890e-02
7.856213402732595275e-02
7.858769931662870634e-02
7.860048820179006690e-02
7.861328125000000000e-02
7.866449511400651351e-02
7.870294932377383534e-02
7.871577574967406066e-02
7.872860635696821152e-02
7.874144114770133263e-02
7.876712328767122850e-02
7.877997064100472624e-02
7.879282218597064014e-02
7.880567792462066234e-02
7.881853785900783116e-02
7.884427032321253415e-02
7.889578569095066773e-02
7.892156862745097756e-02
7.894736842105262720e-02
7.896027464443354515e-02
7.897318508829299921e-02
7.898609975470155531e-02
7.901194176345492648e-02
7.903780068728522012e-02
7.908956934665138661e-02
7.914140586596755955e-02
7.927129492860660043e-02
7.929732392053849555e-02
7.931034482758621273e-02
7.932337001149614153e-02
7.933639947437581830e-02
7.934943321833415331e-02
7.937551355792933638e-02
7.940161104718067298e-02
7.945385754235893827e-02
7.951926243002963024e-02
7.957166392092257512e-02
7.961101038404483354e-02
7.963726298433636275e-02
7.967667436489607458e-02
7.970297029702970437e-02
7.972928359194453307e-02
7.975561426684280031e-02
7.983471074380164845e-02
7.992718848254178055e-02
7.995365005793743374e-02
8.001988071570576011e-02
8.003314001657001187e-02
8.004640371229698736e-02
8.007294429708222694e-02
8.009950248756218805e-02
8.012607830126078357e-02
8.029925187032418976e-02
8.075572646714596070e-02
8.082329317269076885e-02
8.085035152326748575e-02
8.086388749372175333e-02
8.087742799732082488e-02
8.093163538873994478e-02
8.094519859225741965e-02
8.095876634260811000e-02
8.097233864207879772e-02
8.098591549295774961e-02
8.099949689753480064e-02
8.101308285810131238e-02
8.105386809867427822e-02
8.108108108108108558e-02
8.110831234256926647e-02
8.113556190156223646e-02
8.114919354838709409e-02
8.119011598587998202e-02
8.121742054817554513e-02
8.123107971745711919e-02
8.128576236957253676e-02
8.129944453795656667e-02
8.135421930267812407e-02
8.136792452830188260e-02
8.138163437236731190e-02
8.139534883720930813e-02
8.143651997976732171e-02
8.154651359108559816e-02
8.173971907260112191e-02
8.176739461655663233e-02
8.179508890770532947e-02
8.182280196510248460e-02
8.185053380782918164e-02
8.186440677966101698e-02
8.187828445499237273e-02
8.191994572591587698e-02
8.198947547105754630e-02
8.226877874297393312e-02
8.228279386712095134e-02
8.232486790523266262e-02
8.233890214797136287e-02
8.236698499317872402e-02
8.238103360054579993e-02
8.243727598566308323e-02
8.243543697622712774e-02
8.243359040274207683e-02
8.244772026054164593e-02
8.253260123541523996e-02
8.263185019756055794e-02
8.271711092003439236e-02
8.275980729525120316e-02
8.278829604130809316e-02
8.283106595488204382e-02
8.284533241474337228e-02
8.285960378983635299e-02
8.288816129588144621e-02
8.291673849336321511e-02
8.293103448275862544e-02
8.297395204416077585e-02
8.300258843830889133e-02
8.307426597582037719e-02
8.343451864700780762e-02
8.346347388512927179e-02
8.349244922756465792e-02
8.350694444444443920e-02
8.357949609035621175e-02
8.366672464776482576e-02
8.372497824194952143e-02
8.373955431754874501e-02
8.375413546926693820e-02
8.376872169975618787e-02
8.378331301167044054e-02
8.382711746253049268e-02
8.385634588563459224e-02
8.390022675736961977e-02
8.394415357766142616e-02
8.397346368715083442e-02
8.398812641871834794e-02
8.400279427174292546e-02
8.406151695211463992e-02
8.413503585796747175e-02
8.414975507347795258e-02
8.416447944006999471e-02
8.417920896044801815e-02
8.420868347338936188e-02
8.422342847137104238e-02
8.423817863397548011e-02
8.425293396391662915e-02
8.428246013667425873e-02
8.438596491228070318e-02
8.441558441558441594e-02
8.446005267778752823e-02
8.450456781447646115e-02
8.454912989980664650e-02
8.471292708700246810e-02
8.489234027532650828e-02
8.508756412524323687e-02
8.526856940258818740e-02
8.531394111387016754e-02
8.532907574951215102e-02
8.534421575585521280e-02
8.535936113575864903e-02
8.538966802769394626e-02
8.541999644823299043e-02
8.545034642032332817e-02
8.554152587586696943e-02
8.555674137317680061e-02
8.569392481738820344e-02
8.598498391133356511e-02
8.615439727744940435e-02
8.623162423807816113e-02
8.626255380200860412e-02
8.627802690582959955e-02
8.640201185557751240e-02
8.646413805500628713e-02
8.651079136690648097e-02
8.654192155451601032e-02
8.657307415406767515e-02
8.658865886588658356e-02
8.661984512875922637e-02
8.666666666666666963e-02
8.668228509641376367e-02
8.669790915645277096e-02
8.671353884982874183e-02
8.674481514878268351e-02
8.682310469314079293e-02
8.688583815028902424e-02
8.704306912775967853e-02
8.707458363504706755e-02
8.709034944776389287e-02
8.716926422616889936e-02
8.721668177697189384e-02
8.723249909321725837e-02
8.727998548357829289e-02
8.729582577132485866e-02
8.731167180976583120e-02
8.734338115126202839e-02
8.743864751863297813e-02
8.762980506467479835e-02
8.777372262773722178e-02
8.780576852866009419e-02
8.782180025561438230e-02
8.790204678362573132e-02
8.791811369036739432e-02
8.801463860933211869e-02
8.804686069924949621e-02
8.806298059318930227e-02
8.809523809523810145e-02
8.812751923781604602e-02
8.814366868242623498e-02
8.817598533455545118e-02
8.819215254858819852e-02
8.824068978169143096e-02
8.828928046989721612e-02
8.835415135929464148e-02
8.854933726067747146e-02
8.864725396240324962e-02
8.866359447004608374e-02
8.871265215787532687e-02
8.876176416312972495e-02
8.879453572087871172e-02
8.887657058388766240e-02
8.895875716663584343e-02
8.900814211695040612e-02
8.904109589041095396e-02
8.925589163110038415e-02
8.938858948150901762e-02
8.945508647944951097e-02
8.955501768758145076e-02
8.967188665175242213e-02
8.968860712287898829e-02
8.972206677858608759e-02
8.975555140884493299e-02
8.982259570494864620e-02
8.987294469357250126e-02
8.990654205607476190e-02
8.992335015890820515e-02
8.975317875841436199e-02
8.978675645342311384e-02
9.000562535158447564e-02
9.025949605114705343e-02
9.031044214487300714e-02
9.036144578313252962e-02
9.046362608367886082e-02
9.054895302773061094e-02
9.060022650056624716e-02
9.072009072009072639e-02
9.075439591605218015e-02
9.082308420056764420e-02
9.085746734809767300e-02
9.087466868610374893e-02
9.089187653853436633e-02
9.090909090909091161e-02
9.097801364670204949e-02
9.118541033434650334e-02
9.134157944814462471e-02
9.144598971232616169e-02
9.158557527189467584e-02
9.162053827066234113e-02
9.148204736440031237e-02
9.149952244508118004e-02
9.155198776758409485e-02
9.156948958134200622e-02
9.163956380332886897e-02
9.169218989280245036e-02
9.190330007674596402e-02
9.222179437812860758e-02
9.229287090558767337e-02
9.231065715937560034e-02
9.239969135802468536e-02
9.248889747055416555e-02
9.254250386398762962e-02
9.256038647342995640e-02
9.263198607619416158e-02
9.264990328820116305e-02
9.247436641516734723e-02
9.249226006191950400e-02
9.256390395042603247e-02
9.270752521334367502e-02
9.272550921435498972e-02
9.279751504562221143e-02
9.295993776740567316e-02
9.297801984049795798e-02
9.301420509826814620e-02
9.305041853221725223e-02
9.330470427483895934e-02
9.341410982997849777e-02
9.343236903831117490e-02
9.346890887759093380e-02
9.367038996668626549e-02
9.372549019607842591e-02
9.374387134732301008e-02
9.376225970969007117e-02
9.381746810598626252e-02
9.405745769382133081e-02
9.431728492501972871e-02
9.435452033162258778e-02
9.441042859964447753e-02
9.455984174085063643e-02
9.459726894913912665e-02
9.463472579687190467e-02
9.465346534653465427e-02
9.467221231927114289e-02
9.472849782005549057e-02
9.489775660115147560e-02
9.540918163672654217e-02
9.558088382323534637e-02
9.561912382476495109e-02
9.569569569569569278e-02
9.573402763869416632e-02
9.579158316633266945e-02
9.582999198075381475e-02
9.590690208667736194e-02
9.625453080950463480e-02
9.627391742195368085e-02
9.629331184528605592e-02
9.631271408422324709e-02
9.644874899112186595e-02
9.656565656565656297e-02
9.658516872095372630e-02
9.662421669698807725e-02
9.668284789644013277e-02
9.676113360323886081e-02
9.680032401782097395e-02
9.683954619124797436e-02
9.685916919959472460e-02
9.699675324675324783e-02
9.707554833468724775e-02
9.709526711354865558e-02
9.715447154471544555e-02
9.729289639731325545e-02
9.765066394279876827e-02
9.773052545491719978e-02
9.779050736497545138e-02
9.781051770002045787e-02
9.789064099938561692e-02
9.825282631038026460e-02
9.829323462882993967e-02
9.869915341730332858e-02
9.876033057851239805e-02
9.904682967260670934e-02
9.919070346544926753e-02
9.921129099211291325e-02
9.939696402578498957e-02
9.943831911795299183e-02
9.945900957136911968e-02
9.972877112455665050e-02
1.004623791509037384e-01
1.004834980029430253e-01
1.005469078670593180e-01
1.005680622764569682e-01
1.006951759005687841e-01
1.008013496415014754e-01
1.009503695881731750e-01
1.009716941275876634e-01
1.009930276780054981e-01
1.010143702451394704e-01
1.010357218347072566e-01
1.010784521040389156e-01
1.010998307952622605e-01
1.011426153195091049e-01
1.012282930961456995e-01
1.013355946576213751e-01
1.013570822731128113e-01
1.014646571853109747e-01
1.016804935120187159e-01
1.017670853736427489e-01
1.020713218022635121e-01
1.025971238463189578e-01
1.026632302405498243e-01
1.027294218783580543e-01
1.031728901359810074e-01
1.031951640759930927e-01
1.032843560933448535e-01
1.035752979414951286e-01
1.038678835289004732e-01
1.026979982593559659e-01
1.027203482045701832e-01
1.027427078798432702e-01
1.032370953630796090e-01
1.033953997809419489e-01
1.034180543382997308e-01
1.034407188253342047e-01
1.037134695671280971e-01
1.039418630257652465e-01
1.039876624807226230e-01
1.041482789055604569e-01
1.042172665047471913e-01
1.057584584360295732e-01
1.059721598563089368e-01
1.062106210621062141e-01
1.063063063063063030e-01
1.064741709903000294e-01
1.066666666666666735e-01
1.069567187854067597e-01
1.070537536856430022e-01
1.070780399274047223e-01
1.071023371908327720e-01
1.071266454834316900e-01
1.071996366114013194e-01
1.072727272727272696e-01
1.073703366696997230e-01
1.074681238615664836e-01
1.078364176376513661e-01
1.080091533180777968e-01
1.080338750286106708e-01
1.080586080586080633e-01
1.081081081081081141e-01
1.081328751431844259e-01
1.081576535288725910e-01
1.084558823529411797e-01
1.087307072103202016e-01
1.092339736172182330e-01
1.097164109716411012e-01
1.102546134080822221e-01
1.104610344020594409e-01
1.105386416861826732e-01
1.107721192208401817e-01
1.103545433200281700e-01
1.104323308270676735e-01
1.106403013182674228e-01
1.109799291617473427e-01
1.111111111111111049e-01
1.111637828869400380e-01
1.112165046241403860e-01
1.112692763938315510e-01
1.114014251781472731e-01
1.124430592184128552e-01
1.126591400432380430e-01
1.127132900745013155e-01
1.127403846153846173e-01
1.127674921856215429e-01
1.129576107899807336e-01
1.131483715319662187e-01
1.136418706081899627e-01
1.140009722897423472e-01
1.135700389105058355e-01
1.135976648017514024e-01
1.136529569238257514e-01
1.140972391888590287e-01
1.143486777668951959e-01
1.144607843137254860e-01
1.146012269938650324e-01
1.149114173228346497e-01
1.151096869608084772e-01
1.152517275419545906e-01
1.155082859262923506e-01
1.161691542288557227e-01
1.162269785963165741e-01
1.162559123724172250e-01
1.165751372940589115e-01
1.166333666333666391e-01
1.166625031226580095e-01
1.169546706736789426e-01
1.169839679358717494e-01
1.170132798797293844e-01
1.170719478566056709e-01
1.171894604767879516e-01
1.172188755020080325e-01
1.173956762192056302e-01
1.174547283702213341e-01
1.175138399597382977e-01
1.175434180719859001e-01
1.176026189876605427e-01
1.178102926337033368e-01
1.179292929292929254e-01
1.182577867814636613e-01
1.183776932826362538e-01
1.185580096471185590e-01
1.191934660541092428e-01
1.193762781186094024e-01
1.202678341488539748e-01
1.207966890843248792e-01
1.212357217030114176e-01
1.219958202716823342e-01
1.233491811938721566e-01
1.242021276595744739e-01
1.249331193151417829e-01
1.250000000000000000e-01
1.250334672021418958e-01
1.254027926960257777e-01
1.269711799891245219e-01
1.272479564032697463e-01
1.275259421081376410e-01
1.274268526114301359e-01
1.274965800273597794e-01
1.281628162816281502e-01
1.284454244762954778e-01
1.288716814159291957e-01
1.287731930213237286e-01
1.288802660753880225e-01
1.291307970008331030e-01
1.293103448275862155e-01
1.294183133871416591e-01
1.301063234471180885e-01
1.305812973883740402e-01
1.310967014378347784e-01
1.335823039356506814e-01
1.336590974417936062e-01
1.343930635838150311e-01
1.368452030606238934e-01
1.369135438182354780e-01
1.382598331346841514e-01
1.394649834685903200e-01
1.404783530124129598e-01
1.405585913782635143e-01
1.394142769981696062e-01
1.429018136335209466e-01
1.472768288752819843e-01
1.478827361563517795e-01
1.508174841508174713e-01
1.511065006915629227e-01
1.601532567049808453e-01
1.000000000000000000e+00
