0.000000000000000000e+00
3.036437246963562611e-02
3.036437246963562611e-02
3.036437246963562611e-02
3.036437246963562611e-02
3.036437246963562611e-02
3.036437246963562611e-02
3.036437246963562611e-02
3.036437246963562611e-02
3.036437246963562611e-02
3.036437246963562611e-02
3.036437246963562611e-02
3.036437246963562611e-02
3.036437246963562611e-02
3.036437246963562611e-02
3.036437246963562611e-02
3.036437246963562611e-02
3.036437246963562611e-02
3.036437246963562611e-02
3.441295546558704316e-02
3.441295546558704316e-02
3.643724696356274995e-02
3.643724696356274995e-02
3.846153846153846367e-02
3.846153846153846367e-02
4.048582995951417046e-02
4.048582995951417046e-02
4.453441295546558404e-02
4.453441295546558404e-02
4.655870445344129777e-02
4.655870445344129777e-02
4.858299595141700455e-02
4.858299595141700455e-02
5.263157894736841813e-02
5.263157894736841813e-02
5.465587044534413186e-02
5.465587044534413186e-02
5.870445344129554543e-02
5.870445344129554543e-02
6.072874493927125222e-02
6.072874493927125222e-02
6.477732793522267274e-02
6.477732793522267274e-02
6.680161943319838647e-02
6.680161943319838647e-02
6.882591093117408632e-02
6.882591093117408632e-02
7.085020242914980004e-02
7.085020242914980004e-02
7.287449392712549989e-02
7.287449392712549989e-02
7.489878542510121362e-02
7.489878542510121362e-02
7.692307692307692735e-02
7.692307692307692735e-02
8.299595141700405465e-02
8.299595141700405465e-02
8.502024291497975450e-02
8.502024291497975450e-02
8.906882591093116808e-02
8.906882591093116808e-02
9.109311740890688180e-02
9.109311740890688180e-02
9.514170040485829538e-02
9.514170040485829538e-02
9.716599190283400911e-02
9.716599190283400911e-02
1.012145748987854227e-01
1.012145748987854227e-01
1.032388663967611364e-01
1.032388663967611364e-01
1.072874493927125500e-01
1.072874493927125500e-01
1.072874493927125500e-01
1.072874493927125500e-01
1.093117408906882637e-01
1.093117408906882637e-01
1.113360323886639636e-01
1.113360323886639636e-01
1.133603238866396773e-01
1.133603238866396773e-01
1.174089068825910909e-01
1.174089068825910909e-01
1.194331983805668046e-01
1.194331983805668046e-01
1.214574898785425044e-01
1.214574898785425044e-01
1.255060728744939180e-01
1.255060728744939180e-01
1.376518218623481726e-01
1.376518218623481726e-01
1.396761133603239002e-01
1.396761133603239002e-01
1.417004048582996001e-01
1.417004048582996001e-01
1.477732793522267274e-01
1.477732793522267274e-01
1.578947368421052544e-01
1.578947368421052544e-01
1.599190283400809820e-01
1.599190283400809820e-01
1.619433198380566818e-01
1.619433198380566818e-01
1.619433198380566818e-01
1.619433198380566818e-01
1.619433198380566818e-01
1.619433198380566818e-01
1.619433198380566818e-01
6.599190283400809820e-01
6.639676113360324372e-01
7.570850202429150189e-01
7.611336032388663630e-01
9.170040485829960009e-01
9.210526315789473450e-01
9.271255060728744724e-01
9.372469635627530549e-01
9.453441295546558543e-01
9.493927125506073095e-01
9.534412955465586537e-01
9.574898785425101089e-01
9.676113360323886914e-01
9.716599190283400356e-01
9.736842105263158187e-01
9.797570850202429460e-01
9.838056680161942902e-01
9.878542510121457454e-01
9.919028340080972006e-01
9.939271255060728727e-01
9.979757085020243279e-01
1.000000000000000000e+00
