0.000000000000000000e+00
4.089068825910930904e-01
4.190283400809716730e-01
4.230769230769230727e-01
4.291497975708502000e-01
4.331983805668015997e-01
4.372469635627530549e-01
4.433198380566801822e-01
4.473684210526315819e-01
4.493927125506073095e-01
4.534412955465587092e-01
4.554655870445344368e-01
4.655870445344129638e-01
4.696356275303643635e-01
4.858299595141700178e-01
4.939271255060728727e-01
5.101214574898785825e-01
5.182186234817813819e-01
5.607287449392712730e-01
5.607287449392712730e-01
6.093117408906882915e-01
6.093117408906882915e-01
6.720647773279352366e-01
6.720647773279352366e-01
6.882591093117408354e-01
6.882591093117408354e-01
7.105263157894736725e-01
7.105263157894736725e-01
7.388663967611336370e-01
7.388663967611336370e-01
7.408906882591093090e-01
7.408906882591093090e-01
7.550607287449392357e-01
7.550607287449392357e-01
7.591093117408906910e-01
7.591093117408906910e-01
7.712550607287449456e-01
7.712550607287449456e-01
7.935222672064777827e-01
7.935222672064777827e-01
8.056680161943320373e-01
8.056680161943320373e-01
8.137651821862348367e-01
8.137651821862348367e-01
8.157894736842105088e-01
8.157894736842105088e-01
8.198380566801619640e-01
8.198380566801619640e-01
8.340080971659918907e-01
8.340080971659918907e-01
8.380566801619433459e-01
8.380566801619433459e-01
8.400809716599190180e-01
8.400809716599190180e-01
8.461538461538461453e-01
8.461538461538461453e-01
8.481781376518218174e-01
8.481781376518218174e-01
8.522267206477732726e-01
8.522267206477732726e-01
8.542510121457489447e-01
8.542510121457489447e-01
8.582995951417003999e-01
8.582995951417003999e-01
8.643724696356275272e-01
8.643724696356275272e-01
8.663967611336031993e-01
8.663967611336031993e-01
8.704453441295546545e-01
8.704453441295546545e-01
8.846153846153845812e-01
8.846153846153845812e-01
8.866396761133603643e-01
8.906882591093117085e-01
8.987854251012146189e-01
8.987854251012146189e-01
9.048582995951417463e-01
9.048582995951417463e-01
9.109311740890688736e-01
9.109311740890688736e-01
9.170040485829960009e-01
9.170040485829960009e-01
9.251012145748988003e-01
9.251012145748988003e-01
9.372469635627530549e-01
9.372469635627530549e-01
9.392712550607287270e-01
9.392712550607287270e-01
9.412955465587043991e-01
9.412955465587043991e-01
9.453441295546558543e-01
9.453441295546558543e-01
9.473684210526315264e-01
9.473684210526315264e-01
9.493927125506073095e-01
9.493927125506073095e-01
9.534412955465586537e-01
9.534412955465586537e-01
9.554655870445344368e-01
9.554655870445344368e-01
9.574898785425101089e-01
9.574898785425101089e-01
9.736842105263158187e-01
9.777327935222671629e-01
9.858299595141700733e-01
9.898785425101214175e-01
9.939271255060728727e-01
1.000000000000000000e+00
1.000000000000000000e+00
1.000000000000000000e+00
1.000000000000000000e+00
1.000000000000000000e+00
1.000000000000000000e+00
1.000000000000000000e+00
1.000000000000000000e+00
1.000000000000000000e+00
1.000000000000000000e+00
1.000000000000000000e+00
1.000000000000000000e+00
1.000000000000000000e+00
1.000000000000000000e+00
1.000000000000000000e+00
1.000000000000000000e+00
1.000000000000000000e+00
1.000000000000000000e+00
1.000000000000000000e+00
1.000000000000000000e+00
1.000000000000000000e+00
1.000000000000000000e+00
1.000000000000000000e+00
