5.000000000000000000e-01
5.005561735261401246e-01
5.011135857461024301e-01
5.016722408026755842e-01
5.022321428571429047e-01
5.027932960893854997e-01
5.033557046979866278e-01
5.039193729003359490e-01
5.044843049327354390e-01
5.050505050505050830e-01
5.056179775280899014e-01
5.061867266591676406e-01
5.067567567567567988e-01
5.073280721533258708e-01
5.079006772009029280e-01
5.084745762711864181e-01
5.090497737556560764e-01
5.096262740656851697e-01
5.102040816326530726e-01
5.107832009080590652e-01
5.113636363636363535e-01
5.119453924914675325e-01
5.125284738041002708e-01
5.131128848346636628e-01
5.136986301369863561e-01
5.142857142857142350e-01
5.148741418764302136e-01
5.154639175257731409e-01
5.160550458715595923e-01
5.166475315729046613e-01
5.172413793103448620e-01
5.178365937859609192e-01
5.184331797235023354e-01
5.190311418685120692e-01
5.196304849884526567e-01
5.202312138728323321e-01
5.208333333333333703e-01
5.214368482039397623e-01
5.220417633410673330e-01
5.226480836236934158e-01
5.232558139534884134e-01
5.238649592549475820e-01
5.244755244755244794e-01
5.250875145857643034e-01
5.257009345794392274e-01
5.263157894736841813e-01
5.269320843091335194e-01
5.275498241500585772e-01
5.281690140845070047e-01
5.287896592244418770e-01
5.294117647058823595e-01
5.300353356890459278e-01
5.306603773584905870e-01
5.312868949232585347e-01
5.319148936170212671e-01
5.325443786982249073e-01
5.331753554502369763e-01
5.338078291814946086e-01
5.344418052256532103e-01
5.350772889417360068e-01
5.357142857142856984e-01
5.363528009535161178e-01
5.369928400954654402e-01
5.376344086021505042e-01
5.382775119617224657e-01
5.389221556886227837e-01
5.395683453237409832e-01
5.402160864345738611e-01
5.408653846153845812e-01
5.415162454873646558e-01
5.421686746987951500e-01
5.428226779252111056e-01
5.434782608695651884e-01
5.441354292623942213e-01
5.447941888619854955e-01
5.454545454545454142e-01
5.461165048543689116e-01
5.467800729040097618e-01
5.474452554744525523e-01
5.481120584652862116e-01
5.487804878048780921e-01
5.494505494505494969e-01
5.501222493887530929e-01
5.507955936352508797e-01
5.514705882352941568e-01
5.521472392638037130e-01
5.528255528255527906e-01
5.535055350553506059e-01
5.541871921182266458e-01
5.548705302096177405e-01
5.555555555555555802e-01
5.562422744128553420e-01
5.569306930693069813e-01
5.576208178438661900e-01
5.583126550868486859e-01
5.590062111801241684e-01
5.597014925373133831e-01
5.603985056039850754e-01
5.610972568578553865e-01
5.617977528089888040e-01
5.625000000000000000e-01
5.632040050062577796e-01
5.639097744360902498e-01
5.646173149309912098e-01
5.653266331658290955e-01
5.660377358490565891e-01
5.667506297229218948e-01
5.674653215636822345e-01
5.681818181818182323e-01
5.689001264222502963e-01
5.696202531645570000e-01
5.703422053231939071e-01
5.710659898477157270e-01
5.717916137229986928e-01
5.725190839694656031e-01
5.732484076433120856e-01
5.739795918367347483e-01
5.747126436781608838e-01
5.754475703324808400e-01
5.761843790012803890e-01
5.769230769230768718e-01
5.776636713735557871e-01
5.784061696658098217e-01
5.791505791505791034e-01
5.798969072164948946e-01
5.806451612903226200e-01
5.813953488372093359e-01
5.821474773609314202e-01
5.829015544041450392e-01
5.836575875486381682e-01
5.844155844155843882e-01
5.851755526657997919e-01
5.859375000000000000e-01
5.867014341590612858e-01
5.874673629242820327e-01
5.882352941176470784e-01
5.890052356020942792e-01
5.897771952817824070e-01
5.905511811023621549e-01
5.913272010512483634e-01
5.921052631578946901e-01
5.928853754940711651e-01
5.936675461741425242e-01
5.944517833553500941e-01
5.952380952380952328e-01
5.960264900662252119e-01
5.968169761273209861e-01
5.976095617529880721e-01
5.984042553191489811e-01
5.992010652463382048e-01
5.999999999999999778e-01
6.008010680907877044e-01
6.016042780748662722e-01
6.024096385542169196e-01
6.032171581769436575e-01
6.040268456375839090e-01
6.048387096774193727e-01
6.056527590847914366e-01
6.064690026954178137e-01
6.072874493927125084e-01
6.081081081081081141e-01
6.089309878213802207e-01
6.097560975609755962e-01
6.105834464043419230e-01
6.114130434782608647e-01
6.122448979591836871e-01
6.130790190735694312e-01
6.139154160982264186e-01
6.147540983606557541e-01
6.155950752393980485e-01
6.164383561643835829e-01
6.172839506172839164e-01
6.181318681318681563e-01
6.189821182943603395e-01
6.198347107438016979e-01
6.206896551724138122e-01
6.215469613259668735e-01
6.224066390041493868e-01
6.232686980609418725e-01
6.241331484049930101e-01
6.250000000000000000e-01
6.258692628650903700e-01
6.267409470752088874e-01
6.276150627615062483e-01
6.284916201117318746e-01
6.293706293706293753e-01
6.302521008403361158e-01
6.311360448807854517e-01
6.320224719101124045e-01
6.329113924050633333e-01
6.338028169014084945e-01
6.346967559943582637e-01
6.355932203389830226e-01
6.364922206506364866e-01
6.373937677053824746e-01
6.382978723404255650e-01
6.392045454545454142e-01
6.401137980085348511e-01
6.410256410256410797e-01
6.419400855920114335e-01
6.428571428571429047e-01
6.437768240343347825e-01
6.446991404011461757e-01
6.456241032998565332e-01
6.465517241379310498e-01
6.474820143884891799e-01
6.484149855907781479e-01
6.493506493506493449e-01
6.502890173410404984e-01
6.512301013024601737e-01
6.521739130434782705e-01
6.531204644412191840e-01
6.540697674418605168e-01
6.550218340611353440e-01
6.559766763848396964e-01
6.569343065693430406e-01
6.578947368421053099e-01
6.588579795021961560e-01
6.598240469208210834e-01
6.607929515418502486e-01
6.617647058823529216e-01
6.627393225331369431e-01
6.637168141592920678e-01
6.646971935007385257e-01
6.656804733727810230e-01
6.666666666666666297e-01
6.676557863501483281e-01
6.686478454680534478e-01
6.696428571428570953e-01
6.706408345752608025e-01
6.716417910447761708e-01
6.726457399103139556e-01
6.736526946107784797e-01
6.746626686656671534e-01
6.756756756756756577e-01
6.766917293233082331e-01
6.777108433734939652e-01
6.787330316742081759e-01
6.797583081570996999e-01
6.807866868381240444e-01
6.818181818181817677e-01
6.828528072837632967e-01
6.838905775075987403e-01
6.849315068493150305e-01
6.859756097560976151e-01
6.870229007633588125e-01
6.880733944954128267e-01
6.891271056661562033e-01
6.901840490797546135e-01
6.912442396313364101e-01
6.923076923076922906e-01
6.933744221879815095e-01
6.944444444444444198e-01
6.955177743431221193e-01
6.965944272445820928e-01
6.976744186046511809e-01
6.987577639751553216e-01
6.998444790046656205e-01
7.009345794392523032e-01
7.020280811232448848e-01
7.031250000000000000e-01
7.042253521126760063e-01
7.053291536050156907e-01
7.064364207221349723e-01
7.075471698113207086e-01
7.086614173228346081e-01
7.097791798107255801e-01
7.109004739336493017e-01
7.120253164556962222e-01
7.131537242472266724e-01
7.142857142857143016e-01
7.154213036565977291e-01
7.165605095541400793e-01
7.177033492822966210e-01
7.188498402555910660e-01
7.199999999999999734e-01
7.211538461538461453e-01
7.223113964686997956e-01
7.234726688102893766e-01
7.246376811594202882e-01
7.258064516129032473e-01
7.269789983844910930e-01
7.281553398058252524e-01
7.293354943273906432e-01
7.305194805194805685e-01
7.317073170731707155e-01
7.328990228013029240e-01
7.340946166394779482e-01
7.352941176470588758e-01
7.364975450081833186e-01
7.377049180327869271e-01
7.389162561576354538e-01
7.401315789473684736e-01
7.413509060955518759e-01
7.425742574257425677e-01
7.438016528925619486e-01
7.450331125827814871e-01
7.462686567164179552e-01
7.475083056478405430e-01
7.487520798668885202e-01
7.500000000000000000e-01
7.512520868113522488e-01
7.525083612040134318e-01
7.537688442211055717e-01
7.550335570469798308e-01
7.563025210084033390e-01
7.575757575757575690e-01
7.588532883642495896e-01
7.601351351351350871e-01
7.614213197969542657e-01
7.627118644067796271e-01
7.640067911714770732e-01
7.653061224489795533e-01
7.666098807495741463e-01
7.679180887372013542e-01
7.692307692307692735e-01
7.705479452054794232e-01
7.718696397941681164e-01
7.731958762886598224e-01
7.745266781411359602e-01
7.758620689655172376e-01
7.772020725388600892e-01
7.785467128027682149e-01
7.798960138648179941e-01
7.812500000000000000e-01
7.826086956521739468e-01
7.839721254355400681e-01
7.853403141361257056e-01
7.867132867132866636e-01
7.880910683012258833e-01
7.894736842105263275e-01
7.908611599297011852e-01
7.922535211267606181e-01
7.936507936507936067e-01
7.950530035335688916e-01
7.964601769911504592e-01
7.978723404255319007e-01
7.992895204262877584e-01
8.007117437722419684e-01
8.021390374331550666e-01
8.035714285714286031e-01
8.050089445438283198e-01
8.064516129032257563e-01
8.078994614003590646e-01
8.093525179856114748e-01
8.108108108108108558e-01
8.122743682310469282e-01
8.137432188065099048e-01
8.152173913043477826e-01
8.166969147005445073e-01
8.181818181818182323e-01
8.196721311475410054e-01
8.211678832116788840e-01
8.226691042047532543e-01
8.241758241758241343e-01
8.256880733944954587e-01
8.272058823529411242e-01
8.287292817679557944e-01
8.302583025830257979e-01
8.317929759704251191e-01
8.333333333333333703e-01
8.348794063079777450e-01
8.364312267657992850e-01
8.379888268156424624e-01
8.395522388059701857e-01
8.411214953271027861e-01
8.426966292134830949e-01
8.442776735459662785e-01
8.458646616541353191e-01
8.474576271186440302e-01
8.490566037735849392e-01
8.506616257088847055e-01
8.522727272727272929e-01
8.538899430740037877e-01
8.571428571428570953e-01
8.587786259541985157e-01
8.604206500956023129e-01
8.620689655172413257e-01
8.637236084452974971e-01
8.653846153846154188e-01
8.670520231213872941e-01
8.687258687258687662e-01
8.704061895551257200e-01
8.720930232558139483e-01
8.737864077669902363e-01
8.754863813229571967e-01
8.771929824561403022e-01
8.789062500000000000e-01
8.806262230919764677e-01
8.823529411764705621e-01
8.840864440078585185e-01
8.858267716535432879e-01
8.875739644970414011e-01
8.893280632411066922e-01
8.910891089108911034e-01
8.928571428571429047e-01
8.946322067594433269e-01
8.964143426294820527e-01
8.982035928143712322e-01
9.000000000000000222e-01
9.018036072144288706e-01
9.036144578313253239e-01
9.054325955734406906e-01
9.072580645161290036e-01
9.090909090909090606e-01
9.109311740890688736e-01
9.127789046653144167e-01
9.146341463414634498e-01
9.164969450101833059e-01
9.183673469387755306e-01
9.221311475409835756e-01
9.240246406570842286e-01
9.259259259259259300e-01
9.278350515463917869e-01
9.276859504132231038e-01
9.275362318840579823e-01
9.273858921161826085e-01
9.293139293139293100e-01
9.291666666666666963e-01
9.290187891440501167e-01
9.309623430962342683e-01
9.329140461215933433e-01
9.348739495798319421e-01
9.368421052631579204e-01
9.388185654008438519e-01
9.386892177589851727e-01
9.385593220338983578e-01
9.384288747346072324e-01
9.404255319148936421e-01
9.424307036247334679e-01
9.423076923076922906e-01
9.443254817987152272e-01
9.442060085836909700e-01
9.462365591397849940e-01
9.482758620689655249e-01
9.503239740820734749e-01
9.523809523809523281e-01
9.565217391304348116e-01
9.586056644880174282e-01
9.606986899563318971e-01
9.606126914660831906e-01
9.605263157894736725e-01
9.626373626373626591e-01
9.625550660792951962e-01
9.624724061810154829e-01
9.646017699115043698e-01
9.645232815964522866e-01
9.644444444444444375e-01
9.643652561247215704e-01
9.665178571428570953e-01
9.664429530201342766e-01
9.663677130044843189e-01
9.662921348314607028e-01
9.662162162162162282e-01
9.661399548532730863e-01
9.660633484162896023e-01
9.659863945578230915e-01
9.659090909090909394e-01
9.658314350797266856e-01
9.657534246575342207e-01
9.656750572082379858e-01
9.655963302752293975e-01
9.655172413793103869e-01
9.654377880184331628e-01
9.653579676674365340e-01
9.652777777777777901e-01
9.651162790697674909e-01
9.650349650349649977e-01
9.649532710280374070e-01
9.648711943793910617e-01
9.647887323943662441e-01
9.647058823529411908e-01
9.646226415094339979e-01
9.645390070921985304e-01
9.644549763033175571e-01
9.643705463182897786e-01
9.642857142857143016e-01
9.642004773269690077e-01
9.640287769784172678e-01
9.638554216867469826e-01
9.637681159420289356e-01
9.636803874092009226e-01
9.660194174757281704e-01
9.659367396593674382e-01
9.658536585365853355e-01
9.657701711491442076e-01
9.656862745098039325e-01
9.656019656019656505e-01
9.654320987654321229e-01
9.653465346534653158e-01
9.652605459057072013e-01
9.651741293532338783e-01
9.650872817955111760e-01
9.649999999999999689e-01
9.649122807017543879e-01
9.648241206030150341e-01
9.647355163727959759e-01
9.646464646464646409e-01
9.645569620253164889e-01
9.642857142857143016e-01
9.640102827763495918e-01
9.639175257731958935e-01
9.636363636363636243e-01
9.635416666666666297e-01
9.659685863874345468e-01
9.658792650918635037e-01
9.708222811671087804e-01
9.707446808510638014e-01
9.731903485254691510e-01
9.810298102981029889e-01
9.807162534435261980e-01
9.802259887005649874e-01
1.000000000000000000e+00
