0.000000000000000000e+00
7.711111111111110805e-01
7.911111111111110983e-01
8.044444444444444065e-01
8.066666666666666430e-01
8.111111111111111160e-01
8.133333333333333526e-01
8.177777777777778256e-01
8.199999999999999512e-01
8.222222222222221877e-01
8.244444444444444242e-01
8.311111111111111338e-01
8.333333333333333703e-01
8.466666666666666785e-01
8.688888888888889328e-01
8.733333333333332948e-01
8.844444444444444775e-01
8.844444444444444775e-01
8.888888888888888395e-01
8.977777777777777857e-01
9.222222222222222765e-01
9.266666666666666385e-01
9.622222222222222010e-01
9.622222222222222010e-01
9.688888888888889106e-01
9.688888888888889106e-01
9.733333333333333837e-01
9.733333333333333837e-01
9.777777777777777457e-01
9.777777777777777457e-01
9.777777777777777457e-01
9.777777777777777457e-01
9.799999999999999822e-01
9.799999999999999822e-01
9.822222222222222188e-01
9.822222222222222188e-01
9.888888888888889284e-01
9.888888888888889284e-01
9.933333333333332904e-01
9.933333333333332904e-01
1.000000000000000000e+00
1.000000000000000000e+00
1.000000000000000000e+00
1.000000000000000000e+00
1.000000000000000000e+00
1.000000000000000000e+00
