0.000000000000000000e+00
7.711111111111110805e-01
7.911111111111110983e-01
8.044444444444444065e-01
8.066666666666666430e-01
8.111111111111111160e-01
8.133333333333333526e-01
8.222222222222221877e-01
8.244444444444444242e-01
8.377777777777777324e-01
8.466666666666666785e-01
8.599999999999999867e-01
8.622222222222222232e-01
8.711111111111110583e-01
8.755555555555555314e-01
8.888888888888888395e-01
8.933333333333333126e-01
8.977777777777777857e-01
9.022222222222222587e-01
9.088888888888888573e-01
9.088888888888888573e-01
9.222222222222222765e-01
9.266666666666666385e-01
9.444444444444444198e-01
9.444444444444444198e-01
9.466666666666666563e-01
9.466666666666666563e-01
9.622222222222222010e-01
9.622222222222222010e-01
9.688888888888889106e-01
9.688888888888889106e-01
9.733333333333333837e-01
9.733333333333333837e-01
9.777777777777777457e-01
9.777777777777777457e-01
9.777777777777777457e-01
9.777777777777777457e-01
9.822222222222222188e-01
9.822222222222222188e-01
9.888888888888889284e-01
9.888888888888889284e-01
9.911111111111111649e-01
9.911111111111111649e-01
9.977777777777777635e-01
9.977777777777777635e-01
1.000000000000000000e+00
1.000000000000000000e+00
1.000000000000000000e+00
1.000000000000000000e+00
