4.809658261123551937e-02
4.800389483933787532e-02
4.800856948096211829e-02
4.801324503311258513e-02
4.801792149605531995e-02
4.802259887005649874e-02
4.802727715538236686e-02
4.803195635229930149e-02
4.803663646107376312e-02
4.804131748197232321e-02
4.804599941526167123e-02
4.805536602007993291e-02
4.806005069214271813e-02
4.806473627766403439e-02
4.807411019015114806e-02
4.808817791650409762e-02
4.809286898839137958e-02
4.809756097560975718e-02
4.810225387842716194e-02
4.810694769711162944e-02
4.811164243193129936e-02
4.811633808315440158e-02
4.812103465104929090e-02
4.813512985744971412e-02
4.813983009471731189e-02
4.814453124999999722e-02
4.814923332356675634e-02
4.816334505666276106e-02
4.817275747508305977e-02
4.817746506400859968e-02
4.818217357310398963e-02
4.818688300263904156e-02
4.819159335288367846e-02
4.819630462410792737e-02
4.820572993057592459e-02
4.822459160716032617e-02
4.822930933281158183e-02
4.823402798160649624e-02
4.824346804971132302e-02
4.825763508222396386e-02
4.826235927557513683e-02
4.826708439396906053e-02
4.827181043767746899e-02
4.827653740697218643e-02
4.828126530212516199e-02
4.828599412340842112e-02
4.829072387109413500e-02
4.829545454545454419e-02
4.830018614676202804e-02
4.831438651509212256e-02
4.831912182691365520e-02
4.832385806704567882e-02
4.832859523576119726e-02
4.833333333333333232e-02
4.833807236003529600e-02
4.834281231614041829e-02
4.834755320192213324e-02
4.835229501765397897e-02
4.835703776360961159e-02
4.836178144006278434e-02
4.836652604728735455e-02
4.837127158555729750e-02
4.837601805514669950e-02
4.838076545632973707e-02
4.838551378938070469e-02
4.839026305457400784e-02
4.839501325218415612e-02
4.839976438248576318e-02
4.840451644575356066e-02
4.840926944226237039e-02
4.841402337228714603e-02
4.842829076620824846e-02
4.843780703478089977e-02
4.844256657168124341e-02
4.844732704402515688e-02
4.845208845208845427e-02
4.845685079614703988e-02
4.846161407647694985e-02
4.846637829335430359e-02
4.847114344705535233e-02
4.849021343562506109e-02
4.850452577725305331e-02
4.850929843550132875e-02
4.851407203306435517e-02
4.852839846441579091e-02
4.854273335959038982e-02
4.855229466220208762e-02
4.859057756751428842e-02
4.860974166830999560e-02
4.863371806254315755e-02
4.865291621434915392e-02
4.865771812080536829e-02
4.866732477788746070e-02
4.867212952907493118e-02
4.869616752271829080e-02
4.870578936968978506e-02
4.871541501976284910e-02
4.872022927166715783e-02
4.872504447519272752e-02
4.872986063062172829e-02
4.873467773823645516e-02
4.873949579831932805e-02
4.874431481115285708e-02
4.875877756898427257e-02
4.876842417647640759e-02
4.877324891175306709e-02
4.878772884710539520e-02
4.879255740300871003e-02
4.879738691477778639e-02
4.880221738269649445e-02
4.880704880704880844e-02
4.881188118811881360e-02
4.882154882154882136e-02
4.882638407447757040e-02
4.883122028526148961e-02
4.883605745418524019e-02
4.884089558153358740e-02
4.884573466759140059e-02
4.885057471264368095e-02
4.885541571697551988e-02
4.886025768087214755e-02
4.886510060461889127e-02
4.886994448850118938e-02
4.887478933280459820e-02
4.887963513781479197e-02
4.888448190381754904e-02
4.888932963109877267e-02
4.889417831994446323e-02
4.889902797064074602e-02
4.890387858347386429e-02
4.890873015873015844e-02
4.892329066190334586e-02
4.893785983720468774e-02
4.894271815745061122e-02
4.894757744241461789e-02
4.895243769238407511e-02
4.895729890764647513e-02
4.896216108848942122e-02
4.896702423520063463e-02
4.897188834806794761e-02
4.898161947342274947e-02
4.898648648648648574e-02
4.899622341482806620e-02
4.900109333068283779e-02
4.900596421471172665e-02
4.901083606720350178e-02
4.901570888844700852e-02
4.902058267873123099e-02
4.902545743834526432e-02
4.903033316757832161e-02
4.903520986671971310e-02
4.904008753605888782e-02
4.904984578648890342e-02
4.905472636815920440e-02
4.906449044585987213e-02
4.906937394247038592e-02
4.908403026682596482e-02
4.909380601473810335e-02
4.909869534906882022e-02
4.910358565737051734e-02
4.910847693993425356e-02
4.911336919705120568e-02
4.911826242901265460e-02
4.912805181863477699e-02
4.913294797687861593e-02
4.914274322169059211e-02
4.914764230884258872e-02
4.915254237288135819e-02
4.915744341409911122e-02
4.916234543278819036e-02
4.916724842924104916e-02
4.917215240375025220e-02
4.917705735660848204e-02
4.918687019854334902e-02
4.919177808820594799e-02
4.919668695738948355e-02
4.920159680638722804e-02
4.920650763549256484e-02
4.921141944499900223e-02
4.921633223520015948e-02
4.922124600638977387e-02
4.923107649290992677e-02
4.923599320882852265e-02
4.924091090691170430e-02
4.924582958745379879e-02
4.925074925074925114e-02
4.925566989709261739e-02
4.926059152677857850e-02
4.926551414010192642e-02
4.927536231884058204e-02
4.928521443566930005e-02
4.929507049295070442e-02
4.930493049304930653e-02
4.930986197239448088e-02
4.931479443833149817e-02
4.931972789115646183e-02
4.932466233116557935e-02
4.932959775865519009e-02
4.933453417392174439e-02
4.935923107729275200e-02
4.936417342545308673e-02
4.936911676346885519e-02
4.937406109163745838e-02
4.939384831179240848e-02
4.939879759519037739e-02
4.940374787052810579e-02
4.940869913810382735e-02
4.941860465116278828e-02
4.943347036999899691e-02
4.943842759727236358e-02
4.944338581887473827e-02
4.944834503510531915e-02
4.945330524626341540e-02
4.945826645264847499e-02
4.946322865456004997e-02
4.946819185229781035e-02
4.947315604616156492e-02
4.948805460750853313e-02
4.949302278887662138e-02
4.950296214479365381e-02
4.950793331994376295e-02
4.951290549362257626e-02
4.951787866613097805e-02
4.953778135048231279e-02
4.954275952165611285e-02
4.954773869346734000e-02
4.955271886621771121e-02
4.955770004020908920e-02
4.956268221574344074e-02
4.956766539312286446e-02
4.959259631827783732e-02
4.960257571184224085e-02
4.961255912247156813e-02
4.961755233494363759e-02
4.962254655259184383e-02
4.963253800463102855e-02
4.963753523962947944e-02
4.964253348101903274e-02
4.966753979447914580e-02
4.967254408060453597e-02
4.968255567872618961e-02
4.968756299133239573e-02
4.969758064516129059e-02
4.970259098699465750e-02
4.970760233918128379e-02
4.971762807583703092e-02
4.972264246091780138e-02
4.972765785757514434e-02
4.973769168684422787e-02
4.974271012006861031e-02
4.974772956609485597e-02
4.975275002522958762e-02
4.975777149777957375e-02
4.976279398405168003e-02
4.976781748435291780e-02
4.977786752827140226e-02
4.978289407250328230e-02
4.979295020704978952e-02
4.979797979797979945e-02
4.980301040509142046e-02
4.981307466909164205e-02
4.982314300151591963e-02
4.982817869415807899e-02
4.983321540483169609e-02
4.983825313384553091e-02
4.984329188150844053e-02
4.984833164812942086e-02
4.985841423948220164e-02
4.987354577642893333e-02
4.987859166329421112e-02
4.988363857128402107e-02
4.988868650070835825e-02
4.989373545187734266e-02
4.989878542510121223e-02
4.990888843895525256e-02
4.992910674498683699e-02
4.993416388129241074e-02
4.994428122783912266e-02
4.995440267504306503e-02
4.995946493717065562e-02
4.996452822539779182e-02
4.996959254003648793e-02
4.997465788139888315e-02
4.998479164554395227e-02
4.998986006895152906e-02
5.000000000000000278e-02
5.000507150826655894e-02
5.001014404544532055e-02
5.001521761184944681e-02
5.002029220779220797e-02
5.002536783358701306e-02
5.004060089321964860e-02
5.005076142131979766e-02
5.005584323281551257e-02
5.006092607636068031e-02
5.006600995226972994e-02
5.007109486085720151e-02
5.008126777732629237e-02
5.008635578583765097e-02
5.010162601626016315e-02
5.011181134376906099e-02
5.011690556063840701e-02
5.012200081333875734e-02
5.013219442749643900e-02
5.013729278958609092e-02
5.014239218877136056e-02
5.014749262536873087e-02
5.015259409969480969e-02
5.015769661206633673e-02
5.017301038062283586e-02
5.018322475570032720e-02
5.018833350300315466e-02
5.019855411872518186e-02
5.020366598778003980e-02
5.020877889805479277e-02
5.021389284986758905e-02
5.022924095771778147e-02
5.023435907886692614e-02
5.023947824314684701e-02
5.024459845087647647e-02
5.024971970237488567e-02
5.025484199796126372e-02
5.025996533795493854e-02
5.026508972267536984e-02
5.027021515244213534e-02
5.027534162757495151e-02
5.028046914839367360e-02
5.028559771521827482e-02
5.029072732836886717e-02
5.030612244897959134e-02
5.031639110022453898e-02
5.032152699806063251e-02
5.034722222222222376e-02
5.035236441630068505e-02
5.035750766087844499e-02
5.036779730281978201e-02
5.038323965252938103e-02
5.038838920686835449e-02
5.039353981396299531e-02
5.039869147413617023e-02
5.040384418771087088e-02
5.040899795501022768e-02
5.041415277635750286e-02
5.041930865207609053e-02
5.042446558248951660e-02
5.042962356792143885e-02
5.043994270513607603e-02
5.044510385756676568e-02
5.045026606631191485e-02
5.045542933169583355e-02
5.046059365404299141e-02
5.046575903367796212e-02
5.047609296611037244e-02
5.048126151955764640e-02
5.049160180253994129e-02
5.049677353272559455e-02
5.050194632247489990e-02
5.050712017211351351e-02
5.051747105236192165e-02
5.052264808362369464e-02
5.052782617607871202e-02
5.053300533005330303e-02
5.053818554587390793e-02
5.054336682386713353e-02
5.055373256767842216e-02
5.055891703415034411e-02
5.056410256410256293e-02
5.057966553811429206e-02
5.058485532526164896e-02
5.059004617752693722e-02
5.059523809523809590e-02
5.060043107872318896e-02
5.061082024432810023e-02
5.062121367696888891e-02
5.062641199424933180e-02
5.063161137927493088e-02
5.063681183237469380e-02
5.064201335387776004e-02
5.064721594411341482e-02
5.065241960341107519e-02
5.065762433210029003e-02
5.066283013051074008e-02
5.066803699897225177e-02
5.067324493781478340e-02
5.068366402796339876e-02
5.069408740359897247e-02
5.069930069930069644e-02
5.070451506736604191e-02
5.073582381393434287e-02
5.074104569781803104e-02
5.074626865671641451e-02
5.075149269096149857e-02
5.076194398682042780e-02
5.077239958805355308e-02
5.077762900401688873e-02
5.078285949732179450e-02
5.078809106830122627e-02
5.079855744461617834e-02
5.080379225061830428e-02
5.080902813562815368e-02
5.081426509997938323e-02
5.081950314400577456e-02
5.082474226804123418e-02
5.082998247241983514e-02
5.084570957095709692e-02
5.085095410005157496e-02
5.085619971116154409e-02
5.086144640462188921e-02
5.086669418076764093e-02
5.088244400866962641e-02
5.089294931351295848e-02
5.090871540685667357e-02
5.091397294226995829e-02
5.091923156372650527e-02
5.092449127156285782e-02
5.092975206611570493e-02
5.093501394772187441e-02
5.094027691671833280e-02
5.094554097344218546e-02
5.095080611823067651e-02
5.095607235142118885e-02
5.096133967335125109e-02
5.096660808435852369e-02
5.097187758478081282e-02
5.097714817495605649e-02
5.098769262591788115e-02
5.099296648738105286e-02
5.100351748396440843e-02
5.100879461976202955e-02
5.102463258124612100e-02
5.104576516877200321e-02
5.106691526828257416e-02
5.108808290155440746e-02
5.109337755207793430e-02
5.110397014615943034e-02
5.111986727498962768e-02
5.112516851602198764e-02
5.114107883817427258e-02
5.114638447971781021e-02
5.115169122224527687e-02
5.115699906609940534e-02
5.117824146164227234e-02
5.118355481727574624e-02
5.118886927629529709e-02
5.119418483904464995e-02
5.119950150586768944e-02
5.120481927710843206e-02
5.121013815311104000e-02
5.122610141313382881e-02
5.123142471162839273e-02
5.124207462841700450e-02
5.124740124740125025e-02
5.125272897390581450e-02
5.126871880199667525e-02
5.127938423132931411e-02
5.129005409904286578e-02
5.129539069815836072e-02
5.132209036019154402e-02
5.133277800916284661e-02
5.134347011039366859e-02
5.134881783147588613e-02
5.135951661631420195e-02
5.138628309360016716e-02
5.140235637576894695e-02
5.141307748461779181e-02
5.142916753598998636e-02
5.143989983305509439e-02
5.144526766148387747e-02
5.145063661031099717e-02
5.146675018269130514e-02
5.147212361662142216e-02
5.148287385129490107e-02
5.148825065274151291e-02
5.149362857739711585e-02
5.149900762561370610e-02
5.150976909413854110e-02
5.151515151515151381e-02
5.152053506113491582e-02
5.152591973244147194e-02
5.153130552942405962e-02
5.154208050182958883e-02
5.154746967795901386e-02
5.155285998117745822e-02
5.155825141183852794e-02
5.156364397029599561e-02
5.157443247201590197e-02
5.158522548917024442e-02
5.159062369192130709e-02
5.159602302459445622e-02
5.160142348754448438e-02
5.161222780569513918e-02
5.161763166160611427e-02
5.162303664921465834e-02
5.163385002094679488e-02
5.164466792373768877e-02
5.165007857517024681e-02
5.155071248952221297e-02
5.155611442942471118e-02
5.156151750157200037e-02
5.156692170632009437e-02
5.157232704402515966e-02
5.157773351504350845e-02
5.158314111973159866e-02
5.158854985844605473e-02
5.159395973154362602e-02
5.159937073938122842e-02
5.160478288231592353e-02
5.161019616070491867e-02
5.161561057490558074e-02
5.162102612527541545e-02
5.162644281217208808e-02
5.163727959697732989e-02
5.164269969560197210e-02
5.164812093218559830e-02
5.165354330708661623e-02
5.165896682066358631e-02
5.166439147327522852e-02
5.166981726528040164e-02
5.167524419703812405e-02
5.168067226890755983e-02
5.168610148124803266e-02
5.169153183441899807e-02
5.169696332878007811e-02
5.170239596469104748e-02
5.170782974251182662e-02
5.172413793103448204e-02
5.176767676767676796e-02
5.177857293201431482e-02
5.178402273444900755e-02
5.180583342108033978e-02
5.181674565560821788e-02
5.182220349694544037e-02
5.182766248814916349e-02
5.183312262958280486e-02
5.183858392160994866e-02
5.184404636459431087e-02
5.184950995889978098e-02
5.185497470489038724e-02
5.187137585661570627e-02
5.187684521299029683e-02
5.188231572287251014e-02
5.188778738662729040e-02
5.189873417721518889e-02
5.190420930477898653e-02
5.190968558767672381e-02
5.193160227992400096e-02
5.194256756756756438e-02
5.194805194805195148e-02
5.195353748680042044e-02
5.195902418417995550e-02
5.197549123177688801e-02
5.198647506339813817e-02
5.199196872027898181e-02
5.200295951802134942e-02
5.200845665961945086e-02
5.201395496352680115e-02
5.203045685279188148e-02
5.203595980962454071e-02
5.204146393061138270e-02
5.204696921612186888e-02
5.205798328219236187e-02
5.206349206349206171e-02
5.206900201079479179e-02
5.207451312447079067e-02
5.208002540489044263e-02
5.209105346744308945e-02
5.209656925031766472e-02
5.210760432111840451e-02
5.211312360978710007e-02
5.211864406779660730e-02
5.212416569551859419e-02
5.212968849332485360e-02
5.213521246158736577e-02
5.214073760067825664e-02
5.214626391096979091e-02
5.215179139283442761e-02
5.216284987277353818e-02
5.216838087159367948e-02
5.219051660125172132e-02
5.219605346912794402e-02
5.220159151193633912e-02
5.221267112384590792e-02
5.221821269369560786e-02
5.222375543997452574e-02
5.222929936305732712e-02
5.223484446331882330e-02
5.224593819687798485e-02
5.225148683092608465e-02
5.225703664365374118e-02
5.226258763543658453e-02
5.226813980665037662e-02
5.227369315767105978e-02
5.228480340063761805e-02
5.229591836734694132e-02
5.230147762304666881e-02
5.230703806081224427e-02
5.232372647027544454e-02
5.234599425470794903e-02
5.236828100053219498e-02
5.238500851788756296e-02
5.241291147331415823e-02
5.242408098028769614e-02
5.243525524885431222e-02
5.244084416968663315e-02
5.246321177223288446e-02
5.248559846383614447e-02
5.249679897567221393e-02
5.250240102443709533e-02
5.250800426894343398e-02
5.251360870957412497e-02
5.252482118074090073e-02
5.253603844100374065e-02
5.254726049343159261e-02
5.255287331766716336e-02
5.255848734109603432e-02
5.256410256410256471e-02
5.258095543443411235e-02
5.258657545959811996e-02
5.259219668626403249e-02
5.260906757912745674e-02
5.261469361565607877e-02
5.262032085561497291e-02
5.263720979993580934e-02
5.264284185747913208e-02
5.264847512038522970e-02
5.265410958904109817e-02
5.265974526383388615e-02
5.266538214515092964e-02
5.267102023337972422e-02
5.267665952890792508e-02
5.268230003212335394e-02
5.268794174341400599e-02
5.269358466316804296e-02
5.269922879177377922e-02
5.270487412961970958e-02
5.271052067709449535e-02
5.271616843458695051e-02
5.273311897106109508e-02
5.273877157251580933e-02
5.274442538593482332e-02
5.275008041170794332e-02
5.276705276705277031e-02
5.277271264614394330e-02
5.277837373954086947e-02
5.278403604763437507e-02
5.280103026400514987e-02
5.281803542673108032e-02
5.283505154639175222e-02
5.284640171858216717e-02
5.285775676837129594e-02
5.286911669890393545e-02
5.288048151332760266e-02
5.288616575298291100e-02
5.289185121479252072e-02
5.292029686995804866e-02
5.293168370091447250e-02
5.293737895416397721e-02
5.294877313818338593e-02
5.296017222820236653e-02
5.297157622739018246e-02
5.297728006891353619e-02
5.298298513891880335e-02
5.298869143780290947e-02
5.299439896596294663e-02
5.302295505981247797e-02
5.302866997197672183e-02
5.303438611620135690e-02
5.304010349288486303e-02
5.304582210242587276e-02
5.305154194522320593e-02
5.305726302167583508e-02
5.306298533218291313e-02
5.306870887714378038e-02
5.309161540951764374e-02
5.309734513274336209e-02
5.310307609282245017e-02
5.310880829015544174e-02
5.311454172514304406e-02
5.312027639818613783e-02
5.312601230968577726e-02
5.313748784965979105e-02
5.316045380875202703e-02
5.318343962814831016e-02
5.318918918918918992e-02
5.320069204152249459e-02
5.321219987021414549e-02
5.322947095098994053e-02
5.324099123471486006e-02
5.325251650611537851e-02
5.325828101320632252e-02
5.326404676843130709e-02
5.326981377219575792e-02
5.327558202490525335e-02
5.328712227878262819e-02
5.329289428076256635e-02
5.329866753331166662e-02
5.330444203683640247e-02
5.331599479843953521e-02
5.332177305733174638e-02
5.332755256882722866e-02
5.333911535125759190e-02
5.334489862300769575e-02
5.335646892961717902e-02
5.339120998372218901e-02
5.339700455828087777e-02
5.340280039075219476e-02
5.340859748154581227e-02
5.341439583107154832e-02
5.342019543973941520e-02
5.342599630795960564e-02
5.343179843614248581e-02
5.343760182469860232e-02
5.344340647403866829e-02
5.345501955671447258e-02
5.346663768745924666e-02
5.347244864688621008e-02
5.348407435590825376e-02
5.348988910632745952e-02
5.349570512123518612e-02
5.350152240104392998e-02
5.350734094616639569e-02
5.351898183400413678e-02
5.352480417754568870e-02
5.353062778805352945e-02
5.353645266594123792e-02
5.354227881162259423e-02
5.354810622551153809e-02
5.355393490802220352e-02
5.355976485956891187e-02
5.356559608056613714e-02
5.358309736440862447e-02
5.358893366735649477e-02
5.359477124183006230e-02
5.360061008824490436e-02
5.360645020701677865e-02
5.361229159856162330e-02
5.361813426329555682e-02
5.362397820163487816e-02
5.362982341399607361e-02
5.365321701199563670e-02
5.365906860071981838e-02
5.367077560815970011e-02
5.367663102771110667e-02
5.368248772504091715e-02
5.369420495470915433e-02
5.370006548788474471e-02
5.370592730051304553e-02
5.371179039301310354e-02
5.372938735393687631e-02
5.373525557011795545e-02
5.374112506826870389e-02
5.374699584880926473e-02
5.375286791215994758e-02
5.375874125874125636e-02
5.376461588897388233e-02
5.378224748578924047e-02
5.379400830964355812e-02
5.379989065062876219e-02
5.380577427821522235e-02
5.382932166301969412e-02
5.385288966725043647e-02
5.386468141011604982e-02
5.387057921821964551e-02
5.387647831800262965e-02
5.388237870988938499e-02
5.390599320696833757e-02
5.391190006574621968e-02
5.392962841170667598e-02
5.393554045165534216e-02
5.394145378796184886e-02
5.394736842105263275e-02
5.395328435135431783e-02
5.396512010529779663e-02
5.397696105320899662e-02
5.398880719850762677e-02
5.399473222124670513e-02
5.400658616904500248e-02
5.401251509496102915e-02
5.401844532279315159e-02
5.403030968592137384e-02
5.403624382207578014e-02
5.404217926186291598e-02
5.404811600571240299e-02
5.405405405405405705e-02
5.405999340731787450e-02
5.406593406593406675e-02
5.407781930094526096e-02
5.408376387820160169e-02
5.408970976253298091e-02
5.409565695437053290e-02
5.410160545414559319e-02
5.410755526228967077e-02
5.412541254125412260e-02
5.413136758719330754e-02
5.414328161109276810e-02
5.414924058991855277e-02
5.415520088057237252e-02
5.417308962783527748e-02
5.417905517013544420e-02
5.419099019715827720e-02
5.419695968274950565e-02
5.422085078245536538e-02
5.423878293462683353e-02
5.425672695191883360e-02
5.426271092974523091e-02
5.426869622766379575e-02
5.429864253393665297e-02
5.431662618679620330e-02
5.432862190812720593e-02
5.433462175593594540e-02
5.434062292909211389e-02
5.434662542803490870e-02
5.437064869046303456e-02
5.437665782493368571e-02
5.438266828783022006e-02
5.438868007959318795e-02
5.439469320066334795e-02
5.440672343248921516e-02
5.441274054412740396e-02
5.441875898683774110e-02
5.442477876106194962e-02
5.443079986724195379e-02
5.443682230581987219e-02
5.444284607723802460e-02
5.444887118193891123e-02
5.445489762036524739e-02
5.446092539295992879e-02
5.446695450016605933e-02
5.447298494242692329e-02
5.449108428397386045e-02
5.449712007089056037e-02
5.450919565699091640e-02
5.453336289071159665e-02
5.453940804788826036e-02
5.455150238385630262e-02
5.455755156353958579e-02
5.456360208495064645e-02
5.458176170401597693e-02
5.459993341471534867e-02
5.460599334073251709e-02
5.461205461205461548e-02
5.461811722912966044e-02
5.462418119240590453e-02
5.463024650233178070e-02
5.463631315935591620e-02
5.464845051649450114e-02
5.466059326741472962e-02
5.467274141571285689e-02
5.467881751500333620e-02
5.470313542361574660e-02
5.471530249110320016e-02
5.472138805472138989e-02
5.472747497219132562e-02
5.473356324396484729e-02
5.475183618962831122e-02
5.477621910487642104e-02
5.480672830567004383e-02
5.481894150417827155e-02
5.484949832775919826e-02
5.485561378080053285e-02
5.486173059768064547e-02
5.487396832478250858e-02
5.488008923591745913e-02
5.488621151271753928e-02
5.489233515563985560e-02
5.491684339770063622e-02
5.492297387809778886e-02
5.493523894595801760e-02
5.494750949296403619e-02
5.495364682229419984e-02
5.495978552278820567e-02
5.497206703910614833e-02
5.497820985584981474e-02
5.498435404559678247e-02
5.499664654594232233e-02
5.500279485746226854e-02
5.502124804294341448e-02
5.504587155963303058e-02
5.506435366536094334e-02
5.507051712558764384e-02
5.510752688172042973e-02
5.512605042016806983e-02
5.513840636557211516e-02
5.514458641560188168e-02
5.515076785113776775e-02
5.515695067264574092e-02
5.516313488059199771e-02
5.516932047544292200e-02
5.518169582772543963e-02
5.518788558609085543e-02
5.519407673322863223e-02
5.523125280646609681e-02
5.523745368811047718e-02
5.524365596227262531e-02
5.524985962942167289e-02
5.525606469002695281e-02
5.526227114455801309e-02
5.527468823727670760e-02
5.528089887640449257e-02
5.528711091133835243e-02
5.529332434254888989e-02
5.529953917050691586e-02
5.531197301854974546e-02
5.532441245923760270e-02
5.533063427800270079e-02
5.533685749634462137e-02
5.535553555355535865e-02
5.538045925258892194e-02
5.538669368456602266e-02
5.540540540540540848e-02
5.541164545556932081e-02
5.541788691146654761e-02
5.543037404236142440e-02
5.543661971830986246e-02
5.544911529358728663e-02
5.545536519386835145e-02
5.546786922209695492e-02
5.547412335099785596e-02
5.549289420257162014e-02
5.549915397631133979e-02
5.551794177386594475e-02
5.552420720009028365e-02
5.554301196658387868e-02
5.554928305295246671e-02
5.556182947487295354e-02
5.557438156557099190e-02
5.558065973791233294e-02
5.559950276867442476e-02
5.560578661844484821e-02
5.561207188877585750e-02
5.561835858014922002e-02
5.562464669304691828e-02
5.563093622795114990e-02
5.563722718534434147e-02
5.564351956570911389e-02
5.564981336952833091e-02
5.565610859728506443e-02
5.566870332654446502e-02
5.567500282901437225e-02
5.568130375735626941e-02
5.569390989359293553e-02
5.570021510245669327e-02
5.570652173913043237e-02
5.571282980409919539e-02
5.571913929784824693e-02
5.573807635663306087e-02
5.574439157036029796e-02
5.575070821529744952e-02
5.576334580074804315e-02
5.576966674223531734e-02
5.578231292517006612e-02
5.578863816759269817e-02
5.580129295678802614e-02
5.580762250453720485e-02
5.582028590878148483e-02
5.583295506128007485e-02
5.585831062670299635e-02
5.586465311683887908e-02
5.588368923216719547e-02
5.589638718473074336e-02
5.590273832519031955e-02
5.590909090909090828e-02
5.591544493692465062e-02
5.592180040918390271e-02
5.592815732636125664e-02
5.593451568894951959e-02
5.594087549744172772e-02
5.595359945411122748e-02
5.596632920031850700e-02
5.597269624573378982e-02
5.597906474001593247e-02
5.598543468365953235e-02
5.599817892101070088e-02
5.601092896174863361e-02
5.601730615962655091e-02
5.602368480983830473e-02
5.603644646924828970e-02
5.604282947943957371e-02
5.604921394395078610e-02
5.605559986327902228e-02
5.606198723792160665e-02
5.608115809871195429e-02
5.609394595827157937e-02
5.610034207525655542e-02
5.610673965104345101e-02
5.611953918101972999e-02
5.612594113620807817e-02
5.613234455219623387e-02
5.615156356996119785e-02
5.616438356164383389e-02
5.617079575293983107e-02
5.618362452894826858e-02
5.619004111466423257e-02
5.619645916619074588e-02
5.622214604045251696e-02
5.622857142857142637e-02
5.623499828551834639e-02
5.624142661179698521e-02
5.624785640791128694e-02
5.625428767436542465e-02
5.626072041166380738e-02
5.626715462031107312e-02
5.627359030081207497e-02
5.628002745367192972e-02
5.628646607939594843e-02
5.629290617848970585e-02
5.629934775145897796e-02
5.630579079880979748e-02
5.631223532104841223e-02
5.631868131868131983e-02
5.632512879221522606e-02
5.633157774215708652e-02
5.634448007329363045e-02
5.635738831615120376e-02
5.637676177380543385e-02
5.638322255328902244e-02
5.640261377966296341e-02
5.641554867561059811e-02
5.642201834862385634e-02
5.643496214728148386e-02
5.644143627394745955e-02
5.645438898450946819e-02
5.646086756942850921e-02
5.646734764145529967e-02
5.648031224888072632e-02
5.648679678530425102e-02
5.649328281088528830e-02
5.650625933157230052e-02
5.651274982770503053e-02
5.652573529411764747e-02
5.653223026542571195e-02
5.653872672948747485e-02
5.654522468681760783e-02
5.655822508334291260e-02
5.657123145912383577e-02
5.657773689052437993e-02
5.658424381828636857e-02
5.659726216496031165e-02
5.660377358490566169e-02
5.661028650327925432e-02
5.661680092059839103e-02
5.662331683738059535e-02
5.662983425414364752e-02
5.664939550949913555e-02
5.665591893136803087e-02
5.666244385581020726e-02
5.666897028334485359e-02
5.668202764976958824e-02
5.668855858969927553e-02
5.669509103480064455e-02
5.670816044260027639e-02
5.672123587733456096e-02
5.673431734317343350e-02
5.674086033906124149e-02
5.674740484429065951e-02
5.675395085938401279e-02
5.676049838486386945e-02
5.678015002885170026e-02
5.678670360110803228e-02
5.679325868636730945e-02
5.679981528515354317e-02
5.680637339799099461e-02
5.681949416791777507e-02
5.683262100034654207e-02
5.683918669131238222e-02
5.684575389948007262e-02
5.685232262537554676e-02
5.685889286952502258e-02
5.686546463245492622e-02
5.687203791469194053e-02
5.687861271676300512e-02
5.688518903919528164e-02
5.690492713393476704e-02
5.693785441499826100e-02
5.694444444444444337e-02
5.695103599953698498e-02
5.695762908080573977e-02
5.696422368878082537e-02
5.697081982399258837e-02
5.697741748697162517e-02
5.699721964782205469e-02
5.701042873696408192e-02
5.701703557770309433e-02
5.703686529098075247e-02
5.704347826086956369e-02
5.705009276437848081e-02
5.706332637439109207e-02
5.706994548196264727e-02
5.707656612529002360e-02
5.708318830490775875e-02
5.708981202135066102e-02
5.709643727515376771e-02
5.710306406685236591e-02
5.711632226607847584e-02
5.714285714285714107e-02
5.714949471483331267e-02
5.715613382899627920e-02
5.718270571827056836e-02
5.719600093001627611e-02
5.720265085455179810e-02
5.720930232558139872e-02
5.721595534364461166e-02
5.722926602303129301e-02
5.723592368543508474e-02
5.724258289703315628e-02
5.725590596997556098e-02
5.726923524618787037e-02
5.728257073000349309e-02
5.728924080111783695e-02
5.729591242575986926e-02
5.730258560447239885e-02
5.731593662628145514e-02
5.732261447046486935e-02
5.732929387089256285e-02
5.734934141508334082e-02
5.735602704593145001e-02
5.736271423574676454e-02
5.736940298507462593e-02
5.737609329446063944e-02
5.738278516445066701e-02
5.740287014350717310e-02
5.741626794258373329e-02
5.743637637170207616e-02
5.744308231173379797e-02
5.744978981784212846e-02
5.745649889057573290e-02
5.746320953048353330e-02
5.746992173811470844e-02
5.747663551401869381e-02
5.748335085874518163e-02
5.749006777284412090e-02
5.749678625686572425e-02
5.750350631136044721e-02
5.751022793687901591e-02
5.751695113397241321e-02
5.752367590319186486e-02
5.753040224508886719e-02
5.753713016021518023e-02
5.755059071236402063e-02
5.755732335049134479e-02
5.757753071971913328e-02
5.758426966292135019e-02
5.760449596066034156e-02
5.762473647224174156e-02
5.763823805060918487e-02
5.765174595734708085e-02
5.765850228524551507e-02
5.766526019690576543e-02
5.767878077373974482e-02
5.768554344002813777e-02
5.769907353113638837e-02
5.770584095707248506e-02
5.771260997067449022e-02
5.771938057250117216e-02
5.773292654306500654e-02
5.774647887323943601e-02
5.776003756750410639e-02
5.776681930257132613e-02
5.778038755137991644e-02
5.778717406624383351e-02
5.780754317941487475e-02
5.781433607520564122e-02
5.782113056763427128e-02
5.782792665726375209e-02
5.783472434465734141e-02
5.784832451499118122e-02
5.785512699905926565e-02
5.786193108314712646e-02
5.787554405364074561e-02
5.788235294117646812e-02
5.789597552365262356e-02
5.790278921972460968e-02
5.792323993407110655e-02
5.793006004945248921e-02
5.795053003533568586e-02
5.796418473138548882e-02
5.797784586377562749e-02
5.798467884502062769e-02
5.799151343705798850e-02
5.800518745578872593e-02
5.801202688362221138e-02
5.802571057907772445e-02
5.803255484784147072e-02
5.803940073139082084e-02
5.804624823029731068e-02
5.805309734513274672e-02
5.805994807646919914e-02
5.807365439093484238e-02
5.808050997520954051e-02
5.808736717827626961e-02
5.809422600070846682e-02
5.810794850596433248e-02
5.811481218993621439e-02
5.812854442344045358e-02
5.814915494622385078e-02
5.816290341647949169e-02
5.817665838949982043e-02
5.818353831598864490e-02
5.819041986989946513e-02
5.819730305180979141e-02
5.820418786229741154e-02
5.821107430194037008e-02
5.821796237131700302e-02
5.822485207100591698e-02
5.823174340158598916e-02
5.823863636363636048e-02
5.824553095773647715e-02
5.825242718446602130e-02
5.826622453813358471e-02
5.827312566623238377e-02
5.828002842928216298e-02
5.828693282786399921e-02
5.830074653394951706e-02
5.830765584261673323e-02
5.831456678914306163e-02
5.832147937411095301e-02
5.832839359810314261e-02
5.833530946170262937e-02
5.834222696549271059e-02
5.835606689597912233e-02
5.836991339423418940e-02
5.837683910773611845e-02
5.838376646493414340e-02
5.839069546641348363e-02
5.839762611275964299e-02
5.840455840455840292e-02
5.841149234239582239e-02
5.841842792685823099e-02
5.842536515853224283e-02
5.843230403800474954e-02
5.843924456586292726e-02
5.844618674269422970e-02
5.845313056908637422e-02
5.846007604562737658e-02
5.846702317290552314e-02
5.847397195150939170e-02
5.848092238202781679e-02
5.849482820116513881e-02
5.850874063503389011e-02
5.853658536585366196e-02
5.856445661230805927e-02
5.857142857142857290e-02
5.859235441229010410e-02
5.862726406101048671e-02
5.864123957091776224e-02
5.865522174535050398e-02
5.867620751341681706e-02
5.868320610687022959e-02
5.871121718377088350e-02
5.873925501432664814e-02
5.875328397420587212e-02
5.876030096739520009e-02
5.877433998327559472e-02
5.878136200716845700e-02
5.879541108986615500e-02
5.880243814987450718e-02
5.882352941176470507e-02
5.884463580911374059e-02
5.886575735821966693e-02
5.887280124446571394e-02
5.888689407540394910e-02
5.889394302130716158e-02
5.890099365497426104e-02
5.890804597701149170e-02
5.891509998802538922e-02
5.892215568862275293e-02
5.892921307941070830e-02
5.893627216099664445e-02
5.894333293398825585e-02
5.895039539899352837e-02
5.895745955662073240e-02
5.897866219132102267e-02
5.898573312552451986e-02
5.899280575539568583e-02
5.900695610458143309e-02
5.902111324376199675e-02
5.890821835632873565e-02
5.879529637628989891e-02
5.880940950552088209e-02
5.881646861121114095e-02
5.882352941176470507e-02
5.883765609990394135e-02
5.885885885885885904e-02
5.888007690459023946e-02
5.888715298641990226e-02
5.889423076923076816e-02
5.890839144025006302e-02
5.891547432968618353e-02
5.892255892255892497e-02
5.892964521948286516e-02
5.893673322107288726e-02
5.894382292794418665e-02
5.895091434071222242e-02
5.895800745999277975e-02
5.896510228640192836e-02
5.897219882055602241e-02
5.897929706307173531e-02
5.898639701456603185e-02
5.899349867565615441e-02
5.900060204695966454e-02
5.901481392267855092e-02
5.903614457831325019e-02
5.904325822388239303e-02
5.905749065927443781e-02
5.906460945033751436e-02
5.907172995780590741e-02
5.907885218230046059e-02
5.909310178485287224e-02
5.910022916415390293e-02
5.911448908191579282e-02
5.912162162162162143e-02
5.912875588270785632e-02
5.913589186579772811e-02
5.914302957151478662e-02
5.915016900048285925e-02
5.915731015332609255e-02
5.916445303066891759e-02
5.917874396135265613e-02
5.918589201594395138e-02
5.919304179753563655e-02
5.920019330675365538e-02
5.920734654422426385e-02
5.921450151057401634e-02
5.923597678916827508e-02
5.924313867730625349e-02
5.925746765026000673e-02
5.927180355630821268e-02
5.927897411081538975e-02
5.928614640048397028e-02
5.929332042594385316e-02
5.930049618782524262e-02
5.931485292337489168e-02
5.932203389830508627e-02
5.920813657827823928e-02
5.921530636958101390e-02
5.923682616596002287e-02
5.924400290768112171e-02
5.925118138858596895e-02
5.925836160930683660e-02
5.927272727272727554e-02
5.927991271669293127e-02
5.928709990300679022e-02
5.929428883230265790e-02
5.930147950521465205e-02
5.930867192237719576e-02
5.931586608442503822e-02
5.933745904623225625e-02
5.935186309018084666e-02
5.935906773488711097e-02
5.936627412893043243e-02
5.937348227294803049e-02
5.938790381345639829e-02
5.940954926497388211e-02
5.941676792223572062e-02
5.943121050072922018e-02
5.945288753799392312e-02
5.946011673151750665e-02
5.946734768332725268e-02
5.947458039406470359e-02
5.948181486437172788e-02
5.948905109489051324e-02
5.949628908626353879e-02
5.950352883913360980e-02
5.952525867315885261e-02
5.953250547845142376e-02
5.953975404845975733e-02
5.954700438382854594e-02
5.955425648520277365e-02
5.956151035322777149e-02
5.956876598854915494e-02
5.957602339181286566e-02
5.958328256366516446e-02
5.960507069722086743e-02
5.961233694989637871e-02
5.961960497439648676e-02
5.963414634146341209e-02
5.964141968532747640e-02
5.964869480361063847e-02
5.967053081147041110e-02
5.969967036991820353e-02
5.970695970695970994e-02
5.972154372252076043e-02
5.973613486440263604e-02
5.979457079970652844e-02
5.981651376146789045e-02
5.982383166136530372e-02
5.986777668952007747e-02
5.987510713848414462e-02
5.989710926016658665e-02
5.991178632688066996e-02
5.991912755789731426e-02
5.992647058823529632e-02
5.993381541855619804e-02
5.994116204952194132e-02
5.996321275291232461e-02
5.997792223721329363e-02
5.998527968596663318e-02
5.999999999999999778e-02
6.000736286660939695e-02
6.002209402233951024e-02
6.004420432220039516e-02
6.006633091757769549e-02
6.008109104312569365e-02
6.011063306699446912e-02
6.011802311285960321e-02
6.013280865715690815e-02
6.014020415693027005e-02
6.014760147601475732e-02
6.015500061508180507e-02
6.016240157480314682e-02
6.016980435585086995e-02
6.018461538461538501e-02
6.020684560453090639e-02
6.022167487684729204e-02
6.023651145602364892e-02
6.025878003696857887e-02
6.028106508875739900e-02
6.029593094944513121e-02
6.031824349327741253e-02
6.034057255676208986e-02
6.035546778573191995e-02
6.037782442276824063e-02
6.040765904879555337e-02
6.044499381953028633e-02
6.045994065281899005e-02
6.050482553823310905e-02
6.053478583807873209e-02
6.054977711738484397e-02
6.056477582363140738e-02
6.057227796358231192e-02
6.058728782059224355e-02
6.060230511835419664e-02
6.060981655924640304e-02
6.061732986240238319e-02
6.063236205827650382e-02
6.063988095238095205e-02
6.064740171152176867e-02
6.065492433639295411e-02
6.066244882768886959e-02
6.066997518610421636e-02
6.068503350707371569e-02
6.069256547101899157e-02
6.070009930486593847e-02
6.070763500931098539e-02
6.071517258505090830e-02
6.072271203278281626e-02
6.073025335320417217e-02
6.073779654701279285e-02
6.074534161490683509e-02
6.076043737574552545e-02
6.079065141720536858e-02
6.081333167516478344e-02
6.082089552238805624e-02
6.086631814787154399e-02
6.087389518237271147e-02
6.088147410358565881e-02
6.088905491221516947e-02
6.089663760896637384e-02
6.090422219454477704e-02
6.091180866965620333e-02
6.092698729130326118e-02
6.093457943925233850e-02
6.094217347956131653e-02
6.095736724008975205e-02
6.096496696172547247e-02
6.098017209128320237e-02
6.098777750062359809e-02
6.101821811829298559e-02
6.102583302134031995e-02
6.104868913857677826e-02
6.105631164939442912e-02
6.107156238291495259e-02
6.108682073703935317e-02
6.109445277361319482e-02
6.110208671748094261e-02
6.110972256935766345e-02
6.111736032995875728e-02
6.112499999999999878e-02
6.113264158019752342e-02
6.114028507126781364e-02
6.114793047392771963e-02
6.116322701688555602e-02
6.117087815861896316e-02
6.118618618618618804e-02
6.119384307345764051e-02
6.120150187734668679e-02
6.122448979591836593e-02
6.124749498997995867e-02
6.129355728252695173e-02
6.131661442006269835e-02
6.132430398796086951e-02
6.134738426797139293e-02
6.138589003263871663e-02
6.139359698681732397e-02
6.140901670224789555e-02
6.141672946495855406e-02
6.142444416530586787e-02
6.143216080402010004e-02
6.143987938183188835e-02
6.144759989947223139e-02
6.146304675716440097e-02
6.149396378269617741e-02
6.151717197131714721e-02
6.152491192752893717e-02
6.157139259632334743e-02
6.157914620324896060e-02
6.159465927698702659e-02
6.160241874527588868e-02
6.161018016882953419e-02
6.161794354838709409e-02
6.163347617847239612e-02
6.166456494325346649e-02
6.168790210672385477e-02
6.169568508705525894e-02
6.170347003154574156e-02
6.171125694093892305e-02
6.171904581597879857e-02
6.172683665740974490e-02
6.173462946597652046e-02
6.174242424242424448e-02
6.175022098749842481e-02
6.175801970194493701e-02
6.176582038651003831e-02
6.178142766898294530e-02
6.178923426838513894e-02
6.179704284089473226e-02
6.180485338725985600e-02
6.181266590822905027e-02
6.182048040455120214e-02
6.182829687697559418e-02
6.183611532625189755e-02
6.184393575313013730e-02
6.185175815836074092e-02
6.185958254269449674e-02
6.186740890688258859e-02
6.187523725167658195e-02
6.188306757782839618e-02
6.189089988609036697e-02
6.189873417721519083e-02
6.192224895529947759e-02
6.193009118541033253e-02
6.193793540215326160e-02
6.196147997972630689e-02
6.196933215055126093e-02
6.197718631178707194e-02
6.198504246419064834e-02
6.199290060851926631e-02
6.200076074553061839e-02
6.200862287598275097e-02
6.202435312024352776e-02
6.203222123557021461e-02
6.204796345641416105e-02
6.205583756345177393e-02
6.206371366924736538e-02
6.207947188015742329e-02
6.208735398679533085e-02
6.209523809523809224e-02
6.211890243902438991e-02
6.214258482653450127e-02
6.215048296898830621e-02
6.215838311935934640e-02
6.218209562563580678e-02
6.221374045801526809e-02
6.226126814362108186e-02
6.230093005478404972e-02
6.234859110034425556e-02
6.237244897959183521e-02
6.238836437866802920e-02
6.239632512440985296e-02
6.240428790199081116e-02
6.241225271218889259e-02
6.242021955578248849e-02
6.242818843355036479e-02
6.243615934627170377e-02
6.244413229472609017e-02
6.245210727969348341e-02
6.246008430195427313e-02
6.246806336228921674e-02
6.247604446147949492e-02
6.248402760030666997e-02
6.249201277955271361e-02
6.251598056762976141e-02
6.253996674766594543e-02
6.255596776256876212e-02
6.256397134083929723e-02
6.257197696737043513e-02
6.257998464294856067e-02
6.258799436836041952e-02
6.260401997183459577e-02
6.261203585147247230e-02
6.262005378409526979e-02
6.262807377049180169e-02
6.264411990776326544e-02
6.265214606021780874e-02
6.266017426960533709e-02
6.266820453671664848e-02
6.267623686234298497e-02
6.268427124727599109e-02
6.270034619823054711e-02
6.270838676583739835e-02
6.273252084669660167e-02
6.274862055691005081e-02
6.276472853292260068e-02
6.277278562259307193e-02
6.278890600924499910e-02
6.281310211946050659e-02
6.282117163412127836e-02
6.282924322240780735e-02
6.283731688511950964e-02
6.285347043701799974e-02
6.286963229622011262e-02
6.287771634306288382e-02
6.288580246913580418e-02
6.289389067524116250e-02
6.291007333076031882e-02
6.291816778178074832e-02
6.292626431604683712e-02
6.293436293436292794e-02
6.295056642636456812e-02
6.297488731487443925e-02
6.298299845440494260e-02
6.299111168362746260e-02
6.299922700334965875e-02
6.300734441437959299e-02
6.301546391752577136e-02
6.303170920340293859e-02
6.304796286745745215e-02
6.305609284332688858e-02
6.306422491617229287e-02
6.307235908680511316e-02
6.308049535603715841e-02
6.308863372468068165e-02
6.309677419354839389e-02
6.310491676345335310e-02
6.311306143520908907e-02
6.312120820962953405e-02
6.312935708752905051e-02
6.314566115702478777e-02
6.315381635025184293e-02
6.316197365021958277e-02
6.317013305774447918e-02
6.317829457364340651e-02
6.318645819873368319e-02
6.319462393383303012e-02
6.320279177975959839e-02
6.321096173733195545e-02
6.321913380736909893e-02
6.322730799069045671e-02
6.323548428811587296e-02
6.324366270046559435e-02
6.326002587322121506e-02
6.327639751552795178e-02
6.328458651481816410e-02
6.330097087378640242e-02
6.330916623511134711e-02
6.331736371876213465e-02
6.332556332556332768e-02
6.333376505633984965e-02
6.334196891191709589e-02
6.335838300077741014e-02
6.336659323571336433e-02
6.338302009073233656e-02
6.339123671247083591e-02
6.339945546479969218e-02
6.341589936454415655e-02
6.342412451361867376e-02
6.343235179660138001e-02
6.344058121432277764e-02
6.331906059426495315e-02
6.332727744614585763e-02
6.333549643088903780e-02
6.335194080228481739e-02
6.336016619059985089e-02
6.336839371510193109e-02
6.337662337662337830e-02
6.339308911405559799e-02
6.340132519163310665e-02
6.340956340956341308e-02
6.342604626982063787e-02
6.345078663372773209e-02
6.345903771131339299e-02
6.346729093510208863e-02
6.347554630593131575e-02
6.349206349206348854e-02
6.350032530904359263e-02
6.350858927641853113e-02
6.351685539502797961e-02
6.352512366571205771e-02
6.353339408931128751e-02
6.355821828601197765e-02
6.358306188925080815e-02
6.359134740682825804e-02
6.359963508406099586e-02
6.362451108213820761e-02
6.364940654754140670e-02
6.365770936603182273e-02
6.371588980284632886e-02
6.374918354016982647e-02
6.377417668583376664e-02
6.379918943652765351e-02
6.382422181532827754e-02
6.384092098377812385e-02
6.384927384534869188e-02
6.385762889295995559e-02
6.386598612747022841e-02
6.387434554973822620e-02
6.389107096098455008e-02
6.389943695168259774e-02
6.390780513357778581e-02
6.391617550753110610e-02
6.392454807440398068e-02
6.393292283505830342e-02
6.394129979035639844e-02
6.394967894116104778e-02
6.395806028833551926e-02
6.396644383274348311e-02
6.397482957524908143e-02
6.400000000000000133e-02
6.401679128951856534e-02
6.402519023878247562e-02
6.405040031500196240e-02
6.406721806485493609e-02
6.407563025210083474e-02
6.408404464871962636e-02
6.410930110352075495e-02
6.411772434634081808e-02
6.412614980289092770e-02
6.413457747404389953e-02
6.414300736067297948e-02
6.416831032215647435e-02
6.418519005655662357e-02
6.421897618107645644e-02
6.422742827059751969e-02
6.423588258523101058e-02
6.424433912585571227e-02
6.425279789335089364e-02
6.426125888859625379e-02
6.426972211247201916e-02
6.427818756585880478e-02
6.428665524963772526e-02
6.430359731189880246e-02
6.431207169214549213e-02
6.432054830631342424e-02
6.433750823994725809e-02
6.434599156118143981e-02
6.435447711987339614e-02
6.436296491690846056e-02
6.437145495317241062e-02
6.437994722955145410e-02
6.438844174693231226e-02
6.439693850620216431e-02
6.440543750824864744e-02
6.441393875395987068e-02
6.442244224422442878e-02
6.443094797993134670e-02
6.443945596197016290e-02
6.447351037125115258e-02
6.448202959830866277e-02
6.449907480835316564e-02
6.450760079312624351e-02
6.451612903225806273e-02
6.454172728475068843e-02
6.457588990340082380e-02
6.458443620963472132e-02
6.464432375149026244e-02
6.467002385369732820e-02
6.472148541114058906e-02
6.474724691521825670e-02
6.476443264764432384e-02
6.477302893549242990e-02
6.479022835900159760e-02
6.480743691899069903e-02
6.481604462744056105e-02
6.483326690580576424e-02
6.484188147754450793e-02
6.485911749069643573e-02
6.486773893393593671e-02
6.487636266950279340e-02
6.488498869831139937e-02
6.489361702127659226e-02
6.490224763931373708e-02
6.491088055333865681e-02
6.492815327301756922e-02
6.493679308050565036e-02
6.494543518764972490e-02
6.495407959536803055e-02
6.498002663115845512e-02
6.498868025036622087e-02
6.500599440522179806e-02
6.501465494271249645e-02
6.502331778814124386e-02
6.503198294243070499e-02
6.504065040650407192e-02
6.506666666666666154e-02
6.507534337911721756e-02
6.508402240597492561e-02
6.509270374816593374e-02
6.511007338225484331e-02
6.511876167600746945e-02
6.512745228880288673e-02
6.514484047523695642e-02
6.517964471751035160e-02
6.520577231427043818e-02
6.523192086619436503e-02
6.524064171122995193e-02
6.524936488835406112e-02
6.525809039850227755e-02
6.526681824261067189e-02
6.528428093645484431e-02
6.530175297738524676e-02
6.531049250535331252e-02
6.532797858099062549e-02
6.534547402249597792e-02
6.522030266505959850e-02
6.509509777658720187e-02
6.510381781647689436e-02
6.511254019292604667e-02
6.512999195926025275e-02
6.515618715645528358e-02
6.517366233069599168e-02
6.518240343347639354e-02
6.519114688128772872e-02
6.519989267507378394e-02
6.523489932885906395e-02
6.524365686669351960e-02
6.525241675617615700e-02
6.526117899825432944e-02
6.529625151148731044e-02
6.532258064516129059e-02
6.533136174216964964e-02
6.535771920387305201e-02
6.536650975117686002e-02
6.540169559951554412e-02
6.548982616897992826e-02
6.560475161987040782e-02
6.565793028911105778e-02
6.573786013796835415e-02
6.577344701583434650e-02
6.578234975636167159e-02
6.581798483206934003e-02
6.582689963429499969e-02
6.583581685180167620e-02
6.584473648557105652e-02
6.585365853658536883e-02
6.587150989428029735e-02
6.588937093275487600e-02
6.589830508474575632e-02
6.590724165988608163e-02
6.591618065916181324e-02
6.592512208355941206e-02
6.593406593406593574e-02
6.595196091735650024e-02
6.596091205211726538e-02
6.596986561694040407e-02
6.597882161281563851e-02
6.599674090168386464e-02
6.601466992665036559e-02
6.603260869565216740e-02
6.604158173664900766e-02
6.605055721663495583e-02
6.605953513660459131e-02
6.606851549755302089e-02
6.608648354636932620e-02
6.610446137105549513e-02
6.611345395184328733e-02
6.612244897959183854e-02
6.613144645530004417e-02
6.614944875459370655e-02
6.615845358017968802e-02
6.616746085772634567e-02
6.617647058823529493e-02
6.618548277270870639e-02
6.620351450756027656e-02
6.621253405994551033e-02
6.622155607030930091e-02
6.609430362496593325e-02
6.610331198037344702e-02
6.613035178620126076e-02
6.613936997136234119e-02
6.618449781659388464e-02
6.620256620256620428e-02
6.623873258672494102e-02
6.626588331739308169e-02
6.629305631492618534e-02
6.632025160672774811e-02
6.632932166301969135e-02
6.634746922024624405e-02
6.636562671045430351e-02
6.638379414180126115e-02
6.639288158795345063e-02
6.640197152245344570e-02
6.641106394632342869e-02
6.642925626626489111e-02
6.644745855596656536e-02
6.647478070175438791e-02
6.649300795174115097e-02
6.652036757646413723e-02
6.654774972557628288e-02
6.657515442690459251e-02
6.660258170832189517e-02
6.661172915808268036e-02
6.662087912087912012e-02
6.663003159774694151e-02
6.663918658972245446e-02
6.664834409784252400e-02
6.666666666666666574e-02
6.668499931252577784e-02
6.669416941694170098e-02
6.670334204373538911e-02
6.671251719394773183e-02
6.673087506879471498e-02
6.674005779551396567e-02
6.675843083275981305e-02
6.676762114537444781e-02
6.677681398870989604e-02
6.678600936381162700e-02
6.680440771349861750e-02
6.682281620281069201e-02
6.683202425244591516e-02
6.684123484013231031e-02
6.685966363385718869e-02
6.686888184199642204e-02
6.688732588608467533e-02
6.689655172413792872e-02
6.690578010760105110e-02
6.691501103752758861e-02
6.692424451497171189e-02
6.693348054098813282e-02
6.694271911663216001e-02
6.695196024295968495e-02
6.697045015189173611e-02
6.699820417184694510e-02
6.700746062448190155e-02
6.701671963520795805e-02
6.702598120508568291e-02
6.704451202654133912e-02
6.705378128024333528e-02
6.706305309734512943e-02
6.707232747891024582e-02
6.709088393968737352e-02
6.710016602102933381e-02
6.711873789094935372e-02
6.713732004429678879e-02
6.714661497992524541e-02
6.715591248961506887e-02
6.716521257443566761e-02
6.717451523545706071e-02
6.718382047374982236e-02
6.719312829038515122e-02
6.720243868643480112e-02
6.722106722106721555e-02
6.723038536179651303e-02
6.725835529052835715e-02
6.727701484255790843e-02
6.729568475093658519e-02
6.732370905052748045e-02
6.737982772992498481e-02
6.738918994025287768e-02
6.744541788346544720e-02
6.745479833101529488e-02
6.747356705620478901e-02
6.750173973556020113e-02
6.752053459557287585e-02
6.752993595098857882e-02
6.753933992480155857e-02
6.754874651810584274e-02
6.756756756756757132e-02
6.757698202591612413e-02
6.758639910813823981e-02
6.760524114859213507e-02
6.761466610901993579e-02
6.764295676429567250e-02
6.766183035714286309e-02
6.767127110366959186e-02
6.769016050244243410e-02
6.769960915689558767e-02
6.770906044953231562e-02
6.771851438145769231e-02
6.772797095377740273e-02
6.773743016759777025e-02
6.776582366913511124e-02
6.777529346003353938e-02
6.778476589797344243e-02
6.780371871941842654e-02
6.781319910514541083e-02
6.783216783216783341e-02
6.785114717403468998e-02
6.786064082831957944e-02
6.787013713965854567e-02
6.787963610916725177e-02
6.788913773796192985e-02
6.789864202715945041e-02
6.791765859123372051e-02
6.792717086834733353e-02
6.795572369342861574e-02
6.797477224947441610e-02
6.800336511497476200e-02
6.806062307044624671e-02
6.808928822125509539e-02
6.811797752808988748e-02
6.814669102149782665e-02
6.815626756604833969e-02
6.817542873207758924e-02
6.818501335582735634e-02
6.819460067491563138e-02
6.821378340365681636e-02
6.822337881558587780e-02
6.823297692740573628e-02
6.824257774025609125e-02
6.826178747361012766e-02
6.827139639639639990e-02
6.829062235989862006e-02
6.830023940290100293e-02
6.830985915492958360e-02
6.831948161712916856e-02
6.832910679064525816e-02
6.833873467662392176e-02
6.834836527621195035e-02
6.835799859055673167e-02
6.837727336810940637e-02
6.839655901847412067e-02
6.844482077335591053e-02
6.846414455110107211e-02
6.849315068493150305e-02
6.853186378408930579e-02
6.860942141745650369e-02
6.869688385269122344e-02
6.873582766439909064e-02
6.875531613269067477e-02
6.876506451155536825e-02
6.878456956460077265e-02
6.880408568591289686e-02
6.882361288491556373e-02
6.883338064149872870e-02
6.885292447473026489e-02
6.886270055374130172e-02
6.887247940925873835e-02
6.888226104246555903e-02
6.891162262006252093e-02
6.893121091529277877e-02
6.894100923951669568e-02
6.896061424712071619e-02
6.898023040819228902e-02
6.900967558338076679e-02
6.901949622883164770e-02
6.902931966979788947e-02
6.903914590747331492e-02
6.904897494305238526e-02
6.905880677773031107e-02
6.907847884916679115e-02
6.909816213135774876e-02
6.911785663388912704e-02
6.912770809578107356e-02
6.914741944682063768e-02
6.915727933837159669e-02
6.918687589158345475e-02
6.919674703952061190e-02
6.920662100456620447e-02
6.922637739080787778e-02
6.923625981441827726e-02
6.925603312865914740e-02
6.928571428571428381e-02
6.930551586167475742e-02
6.931542089466914691e-02
6.932532875929102445e-02
6.933523945675482136e-02
6.934515298827566288e-02
6.935506935506935422e-02
6.937491059934200455e-02
6.938483547925608508e-02
6.940469376073268859e-02
6.941462716473451033e-02
6.942456341253935848e-02
6.944444444444444753e-02
6.946433686622743853e-02
6.949419687634331155e-02
6.952408256880733550e-02
6.954402064812159612e-02
6.955399397676753637e-02
6.957394921818964295e-02
6.958393113342897784e-02
6.959391591333045912e-02
6.960390355912743354e-02
6.961389407205396951e-02
6.963388370423546914e-02
6.965388481976159119e-02
6.966388968687159400e-02
6.967389742853039025e-02
6.969392154045121746e-02
6.970393791319344501e-02
6.971395716544487309e-02
6.972397929844738329e-02
6.974403221167672917e-02
6.975406299439090851e-02
6.976409666283084343e-02
6.980426021876799669e-02
6.983441324694024399e-02
6.984447004608294873e-02
6.985452974218638034e-02
6.986459233650245404e-02
6.988472622478386631e-02
6.989479752125667134e-02
6.990487172095705137e-02
6.993511175198269259e-02
6.994519757715604580e-02
6.995528631184191881e-02
6.996537795729948495e-02
6.998556998556998421e-02
6.999567037090488608e-02
7.000577367205543244e-02
7.001587989028439096e-02
7.004621606008087920e-02
7.006645478185495601e-02
7.007657852911429452e-02
7.012724117987276240e-02
7.001301894980471729e-02
7.002314814814815380e-02
6.989869753979739697e-02
6.991893456861610068e-02
6.992905747792095561e-02
6.994931209268645533e-02
6.996957844415471750e-02
6.997971602434077676e-02
6.998985654253006561e-02
7.000000000000000666e-02
7.001014639802870254e-02
7.003044802087864118e-02
7.006092254134028974e-02
7.007108660960394142e-02
7.010159651669085890e-02
7.018308631211857274e-02
7.022390229717941079e-02
7.025454545454545840e-02
7.028521536670546965e-02
7.029544462232571733e-02
7.030567685589519944e-02
7.031591206871451449e-02
7.032615026208503817e-02
7.036713286713286442e-02
7.043896747848912843e-02
7.052124397722295268e-02
7.054184314298232727e-02
7.056245434623813206e-02
7.059339374451914506e-02
7.062436028659160869e-02
7.064501974550241314e-02
7.067603160667251805e-02
7.069672131147540506e-02
7.071742313323572948e-02
7.072777859130180422e-02
7.074849860846638139e-02
7.077960140679953605e-02
7.080035180299032449e-02
7.081073156428675797e-02
7.082111436950146166e-02
7.086267605633803091e-02
7.089387934830471139e-02
7.091469681397738478e-02
7.095636844424857426e-02
7.096679400528944914e-02
7.097722263041880697e-02
7.098765432098765038e-02
7.100852690385181520e-02
7.101896779885311095e-02
7.102941176470588258e-02
7.103985880276511566e-02
7.107121836374337420e-02
7.108167770419425435e-02
7.111307420494700215e-02
7.115497937536829909e-02
7.118644067796610353e-02
7.121792981421409818e-02
7.122843238460403736e-02
7.125995868987902715e-02
7.127047366091190939e-02
7.129151291512915434e-02
7.133362871067788769e-02
7.135470527404343122e-02
7.136524822695035353e-02
7.138634348211646274e-02
7.139689578713968865e-02
7.140745121230041015e-02
7.141800975898270065e-02
7.142857142857142461e-02
7.144970414201183562e-02
7.147084936371707331e-02
7.148142666863993577e-02
7.149200710479573784e-02
7.150259067357513099e-02
7.151317737636955774e-02
7.154495630276995477e-02
7.155555555555555280e-02
7.157676348547717393e-02
7.159798399051289786e-02
7.168299198575245335e-02
7.170427553444180813e-02
7.177886758805171463e-02
7.184292726461401213e-02
7.187499999999999445e-02
7.190710138454667333e-02
7.191780821917807820e-02
7.194994786235661688e-02
7.196066746126340841e-02
7.197139025480554786e-02
7.198211624441132328e-02
7.199284543150991089e-02
7.207879420981942731e-02
7.208955223880597618e-02
7.213261648745519783e-02
7.215416791156259446e-02
7.219730941704036176e-02
7.221889952153109915e-02
7.226211849192100412e-02
7.229456668163448951e-02
7.232704402515723052e-02
7.237039256817501265e-02
7.238123782406713502e-02
7.239208633093524581e-02
7.240293809024134219e-02
7.243551289742052035e-02
7.244637768111594767e-02
7.246811702925731735e-02
7.257700976709241525e-02
7.265342960288809215e-02
7.266435986159169858e-02
7.268623024830700441e-02
7.270811380400421520e-02
7.274096385542168364e-02
7.275192046995029860e-02
7.276288038565832672e-02
7.278481012658227778e-02
7.282870928829915380e-02
7.288365776369397364e-02
7.297174799818703650e-02
7.300483675937122219e-02
7.307110438729198798e-02
7.308216068996822856e-02
7.309322033898305038e-02
7.310428333585590466e-02
7.314856883234893692e-02
7.328174783796086167e-02
7.332624867162593207e-02
7.334851936218678148e-02
7.335965978128797249e-02
7.337080358499165067e-02
7.338195077484047091e-02
7.340425531914893109e-02
7.341541267669858539e-02
7.342657342657342434e-02
7.343773757032082128e-02
7.344890510948905160e-02
7.346007604562737603e-02
7.347125038028597122e-02
7.348242811501597138e-02
7.350479379089940035e-02
7.351598173515981605e-02
7.352717308570558274e-02
7.356076759061833115e-02
7.357197258187357647e-02
7.358318098720292855e-02
7.361682670324645739e-02
7.365050320219579394e-02
7.368421052631578261e-02
7.370669922173050947e-02
7.371794871794871973e-02
7.372920164860326253e-02
7.376298106291998002e-02
7.377424774705972077e-02
7.379679144385026257e-02
7.380806845965770524e-02
7.381934892251261482e-02
7.384192019568873444e-02
7.385321100917431603e-02
7.386450527603609373e-02
7.387580299785867499e-02
7.390971690895180302e-02
7.392102846648301862e-02
7.394366197183098455e-02
7.395498392282957856e-02
7.396630934150076608e-02
7.398897058823529493e-02
7.400030641948827925e-02
7.401164572479312920e-02
7.404568450099648091e-02
7.413660782808902117e-02
7.418215327906620138e-02
7.421634910878918689e-02
7.422775472568003685e-02
7.425057647963105578e-02
7.427341227125941470e-02
7.429626211352099996e-02
7.430769230769231071e-02
7.431912601938760188e-02
7.438780224857538537e-02
7.444512946979038592e-02
7.451403887688984318e-02
7.459459459459459596e-02
7.469842251778534281e-02
7.474466109563603078e-02
7.482571649883811016e-02
7.486050836949782739e-02
7.487211285072081779e-02
7.488372093023255849e-02
7.489533260970693274e-02
7.491856677524430519e-02
7.493018926466026020e-02
7.494181536074476235e-02
7.497671530580564403e-02
7.502329916123019748e-02
7.504661280298322024e-02
7.515170374980550960e-02
7.522192804859055559e-02
7.528054862842892270e-02
7.536277110313621685e-02
7.545695985002343065e-02
7.556320400500625423e-02
7.558685446009390241e-02
7.570532915360501935e-02
7.576470588235294235e-02
7.581227436823104182e-02
7.583608101742816965e-02
7.584798994974874253e-02
7.585990262289932229e-02
7.588373919874312479e-02
7.589566310496542734e-02
7.596728530984586669e-02
7.601510859301227607e-02
7.613493064312736036e-02
7.632743362831857781e-02
7.637571157495255669e-02
7.639987345776652616e-02
7.641196013289036637e-02
7.642405063291139722e-02
7.643614495964551336e-02
7.644824311490977520e-02
7.646034510052239497e-02
7.648456057007126108e-02
7.654516640253565540e-02
7.658157602663706598e-02
7.660586835844568343e-02
7.664233576642336121e-02
7.672756155679109902e-02
7.683741648106903743e-02
7.695984703632886836e-02
7.698437998087344358e-02
7.700892857142857539e-02
7.702120873863817219e-02
7.703349282296650946e-02
7.704578082628808777e-02
7.707036859741503432e-02
7.709497206703910810e-02
7.710727969348658839e-02
7.711959125019958450e-02
7.713190673906100692e-02
7.714422616195495963e-02
7.716887681738296423e-02
7.718120805369127480e-02
7.719354323158063302e-02
7.723057243364246649e-02
7.724292339676955277e-02
7.728000000000000147e-02
7.735426008968609990e-02
7.740384615384615641e-02
7.741625260458406821e-02
7.745349583066067634e-02
7.749077490774908261e-02
7.750320924261874800e-02
7.751564756860856997e-02
7.752808988764045561e-02
7.755298651252408304e-02
7.757789913266945059e-02
7.760282776349614053e-02
7.764025076354283406e-02
7.766521948866376979e-02
7.771520514883346886e-02
7.775273663876368369e-02
7.777777777777777901e-02
7.779030439684329890e-02
7.782790847566871395e-02
7.786554892793809413e-02
7.787810383747177656e-02
7.789066279632317347e-02
7.790322580645160644e-02
7.795351839896708102e-02
7.800387596899224785e-02
7.802907915993538557e-02
7.804168686379059361e-02
7.805429864253393690e-02
7.810478654592496739e-02
7.811741872877243920e-02
7.813005499838239498e-02
7.814269535673838696e-02
7.815533980582524409e-02
7.816798834762907211e-02
7.818064098413726737e-02
7.821862348178137969e-02
7.825664290343486984e-02
7.828200972447325878e-02
7.830739299610894877e-02
7.835820895522388474e-02
7.839636422658659287e-02
7.842182172430589571e-02
7.843455667424488464e-02
7.844729576092253354e-02
7.846003898635477147e-02
7.849829351535836386e-02
7.854935761912505698e-02
7.861328125000000000e-02
7.862607846329154604e-02
7.863887984369911932e-02
7.867730900798175497e-02
7.871577574967406066e-02
7.872860635696821152e-02
7.876712328767122850e-02
7.880567792462066234e-02
7.881853785900783116e-02
7.883140199118654490e-02
7.888290053895150034e-02
7.889578569095066773e-02
7.890867505309590024e-02
7.897318508829299921e-02
7.899901864573111165e-02
7.901194176345492648e-02
7.905073649754500165e-02
7.915437561455260229e-02
7.924528301886792081e-02
7.925828683951427478e-02
7.929732392053849555e-02
7.932337001149614153e-02
7.933639947437581830e-02
7.940161104718067298e-02
7.944078947368421462e-02
7.945385754235893827e-02
7.946692991115499038e-02
7.948000658219515902e-02
7.949308755760368939e-02
7.950617283950617287e-02
7.951926243002963024e-02
7.954545454545454419e-02
7.957166392092257512e-02
7.962413452027695959e-02
7.966353290450271796e-02
7.970297029702970437e-02
7.972928359194453307e-02
7.974244675581970698e-02
7.975561426684280031e-02
7.979514290434495949e-02
7.984790874524715087e-02
7.986111111111110494e-02
7.988752894475686928e-02
7.990074441687344819e-02
7.991396426207809933e-02
7.994041708043693462e-02
7.998012916045703358e-02
7.999337528983106738e-02
8.000662580752028463e-02
8.001988071570576011e-02
8.008622119051567179e-02
8.024588802126599030e-02
8.071524064171123336e-02
8.078273958855995696e-02
8.079625292740047482e-02
8.080977078802074887e-02
8.086388749372175333e-02
8.087742799732082488e-02
8.089097303634232294e-02
8.090452261306532722e-02
8.095876634260811000e-02
8.097233864207879772e-02
8.098591549295774961e-02
8.099949689753480064e-02
8.102667337695017291e-02
8.104026845637583853e-02
8.109469442578912113e-02
8.117647058823529438e-02
8.119011598587998202e-02
8.121742054817554513e-02
8.124474348191758344e-02
8.127208480565370485e-02
8.128576236957253676e-02
8.131313131313130937e-02
8.132682269742380621e-02
8.134051869316268057e-02
8.139534883720930813e-02
8.143651997976732171e-02
8.145025295109611929e-02
8.147773279352227283e-02
8.157405843607498652e-02
8.167061210686506201e-02
8.173971907260112191e-02
8.180894308943088833e-02
8.185053380782918164e-02
8.187828445499237273e-02
8.191994572591587698e-02
8.201732042791645694e-02
8.211492689561374070e-02
8.212888964461825814e-02
8.218478815722307651e-02
8.226877874297393312e-02
8.231083844580777686e-02
8.235294117647058709e-02
8.240914519706535324e-02
8.242320819112627928e-02
8.250768705158866012e-02
8.256410256410257054e-02
8.262059527882312238e-02
8.264887063655031174e-02
8.267716535433071445e-02
8.273381294964028687e-02
8.274798697961281702e-02
8.260497000856897865e-02
8.244772026054164593e-02
8.246185496314074881e-02
8.267445857683052013e-02
8.280254777070063243e-02
8.287388008270157869e-02
8.293103448275862544e-02
8.297395204416077585e-02
8.307426597582037719e-02
8.310297166551486314e-02
8.320359799342674778e-02
8.324679820006922193e-02
8.359402155022592484e-02
8.369584130850878101e-02
8.371040723981899856e-02
8.372497824194952143e-02
8.376872169975618787e-02
8.385634588563459224e-02
8.388559469829089121e-02
8.390022675736961977e-02
8.391486392184228926e-02
8.394415357766142616e-02
8.397346368715083442e-02
8.398812641871834794e-02
8.403214535290007281e-02
8.407621045271805593e-02
8.409090909090909116e-02
8.414975507347795258e-02
8.416447944006999471e-02
8.419394363731839970e-02
8.423817863397548011e-02
8.431200701139351938e-02
8.432678821879383002e-02
8.435636618730270320e-02
8.437116295386774822e-02
8.440077206527460407e-02
8.446005267778752823e-02
8.448972422272967020e-02
8.465329109468497371e-02
8.472784921613528419e-02
8.481749250573090981e-02
8.484741576997706369e-02
8.486238532110092214e-02
8.493731237859791783e-02
8.505747126436781491e-02
8.531394111387016754e-02
8.541999644823299043e-02
8.546552949538023525e-02
8.555674137317680061e-02
8.564814814814815380e-02
8.573975044563279801e-02
8.589285714285714579e-02
8.624708624708624094e-02
8.632447954055993966e-02
8.637098222302029560e-02
8.646413805500628713e-02
8.649523467002337429e-02
8.651079136690648097e-02
8.655749505128666754e-02
8.657307415406767515e-02
8.660424918977313591e-02
8.666666666666666963e-02
8.676046176046176006e-02
8.687014628860394161e-02
8.693294776793782097e-02
8.696438257096365809e-02
8.698010849909583453e-02
8.699584011575330067e-02
8.701157742402315654e-02
8.704306912775967853e-02
8.707458363504706755e-02
8.720087019579404741e-02
8.731167180976583120e-02
8.734338115126202839e-02
8.743864751863297813e-02
8.769371011850501940e-02
8.780576852866009419e-02
8.782180025561438230e-02
8.783783783783784271e-02
8.786993058092802678e-02
8.788598574821852860e-02
8.793418647166362234e-02
8.799853640687889389e-02
8.801463860933211869e-02
8.803074670571010840e-02
8.804686069924949621e-02
8.806298059318930227e-02
8.809523809523810145e-02
8.817598533455545118e-02
8.819215254858819852e-02
8.830548926014319955e-02
8.845163663111438312e-02
8.864725396240324962e-02
8.881093057607089558e-02
8.894230769230769551e-02
8.904109589041095396e-02
8.918969033932876156e-02
8.932219127205200115e-02
8.935537804198402656e-02
8.943845295648940319e-02
8.950502419054708059e-02
8.955501768758145076e-02
8.957169459962756319e-02
8.958837772397094945e-02
8.960506706408345734e-02
8.962176262343954369e-02
8.963846440551621886e-02
8.967188665175242213e-02
8.968860712287898829e-02
8.978906104162777402e-02
8.987294469357250126e-02
8.988974023547000036e-02
8.990654205607476190e-02
8.999064546304957890e-02
9.012553869214914859e-02
9.015932521087159646e-02
9.017622797150355585e-02
9.021005251312828876e-02
9.039654200338281820e-02
9.056674825833176123e-02
9.061793519216276849e-02
9.073759667987171817e-02
9.082326283987915416e-02
9.084041548630783502e-02
9.089191232048375590e-02
9.097787024777756471e-02
9.089187653853436633e-02
9.115077857956703500e-02
9.125475285171102957e-02
9.128946367440091136e-02
9.151572926596758528e-02
9.165552797403093976e-02
9.169054441260744703e-02
9.151700420328620633e-02
9.155198776758409485e-02
9.158699808795410513e-02
9.162203519510328520e-02
9.167464114832535316e-02
9.185043144774687751e-02
9.190330007674596402e-02
9.192093648052197807e-02
9.193857965451056324e-02
9.199154983675821018e-02
9.200922013061851867e-02
9.223955324475255346e-02
9.239969135802468536e-02
9.248889747055416555e-02
9.257827599536141983e-02
9.263198607619416158e-02
9.270369653570736945e-02
9.275755228505035144e-02
9.284745105640627993e-02
9.286545172547498728e-02
9.288345937560597843e-02
9.295993776740567316e-02
9.312293006039353005e-02
9.321372854914196371e-02
9.323190949873219613e-02
9.339585775693630409e-02
9.357870007830854098e-02
9.361535448491969946e-02
9.363369245837414867e-02
9.367038996668626549e-02
9.370711625171534997e-02
9.383588535531998953e-02
9.418719211822659809e-02
9.428007889546351217e-02
9.429867824028408119e-02
9.446640316205533183e-02
9.463472579687190467e-02
9.476605868358445317e-02
9.508653272329421757e-02
9.554267439536277828e-02
9.556177528988404890e-02
9.565739443666199104e-02
9.567654123298638402e-02
9.569569569569569278e-02
9.573402763869416632e-02
9.581078372419322975e-02
9.582999198075381475e-02
9.619641779029985962e-02
9.629331184528605592e-02
9.635154202781696930e-02
9.642929191042969028e-02
9.644874899112186595e-02
9.650716737330911066e-02
9.672197490894374194e-02
9.680032401782097395e-02
9.681993113226655678e-02
9.687880016214024670e-02
9.689843908372187953e-02
9.691808596918086161e-02
9.709526711354865558e-02
9.737217355876960634e-02
9.753111609875535215e-02
9.775051124744375819e-02
9.779050736497545138e-02
9.781051770002045787e-02
9.783053622595169752e-02
9.793075189510346001e-02
9.813180045165263710e-02
9.829323462882993967e-02
9.831345125462773171e-02
9.837415105988886466e-02
9.849577580877807992e-02
9.857702619096721242e-02
9.867877786952931884e-02
9.935564331739762944e-02
9.972877112455665050e-02
1.000000000000000056e-01
1.000209248796819356e-01
1.000418585182084596e-01
1.004412691741962543e-01
1.005046257359125256e-01
1.006739679865206460e-01
1.007163927517909785e-01
1.008226112634465349e-01
1.008651614264612778e-01
1.009716941275876634e-01
1.009930276780054981e-01
1.010143702451394704e-01
1.010357218347072566e-01
1.011854360711261641e-01
1.012497352255878058e-01
1.014431239388794564e-01
1.016156462585034032e-01
1.016804935120187159e-01
1.017021276595744678e-01
1.017237710151095986e-01
1.017670853736427489e-01
1.018755328218243772e-01
1.021149327066866036e-01
1.026411853124328949e-01
1.026632302405498243e-01
1.026852846401718616e-01
1.027735970758976575e-01
1.028399311531841692e-01
1.016803102111158985e-01
1.018338727076591177e-01
1.022308858566168543e-01
1.022530329289428053e-01
1.025195482189400487e-01
1.028546524297232478e-01
1.028770706190060974e-01
1.028994985829518177e-01
1.033501204291657483e-01
1.034180543382997308e-01
1.034407188253342047e-01
1.035769146368224758e-01
1.038047063998240593e-01
1.038503850385038563e-01
1.039647577092511072e-01
1.039876624807226230e-01
1.046563192904656353e-01
1.056874160322436168e-01
1.059959577812710496e-01
1.061628430049482708e-01
1.062106210621062141e-01
1.064021641118124417e-01
1.064981949458483762e-01
1.069082672706681836e-01
1.070294784580498870e-01
1.070780399274047223e-01
1.072483526471256499e-01
1.072971129802227780e-01
1.073215097771714477e-01
1.074681238615664836e-01
1.077871660196391829e-01
1.080338750286106708e-01
1.080586080586080633e-01
1.081081081081081141e-01
1.081328751431844259e-01
1.081824432729773106e-01
1.084808090094231264e-01
1.089817594089124847e-01
1.095127610208816715e-01
1.097674418604651231e-01
1.100746268656716403e-01
1.102288650163475020e-01
1.103061462958635219e-01
1.104610344020594409e-01
1.106682297772567380e-01
1.107981220657276999e-01
1.108501643964302508e-01
1.106933019976498178e-01
1.106142621793363146e-01
1.110586011342155066e-01
1.113216485078162010e-01
1.113744075829383867e-01
1.114272166903745864e-01
1.115604186489057986e-01
1.117997616209773504e-01
1.120401337792642088e-01
1.121472979435676753e-01
1.127403846153846173e-01
1.127674921856215429e-01
1.129848229342327176e-01
1.135043562439496667e-01
1.135318324860808553e-01
1.136143410852713115e-01
1.138349514563106735e-01
1.135700389105058355e-01
1.137359961032635147e-01
1.139580283064909744e-01
1.140415140415140388e-01
1.141530188218039532e-01
1.143486777668951959e-01
1.148548942449581917e-01
1.152801777338928607e-01
1.153086419753086428e-01
1.153371202766115128e-01
1.154226396440929253e-01
1.155940594059405996e-01
1.157372986369268886e-01
1.159672212565184962e-01
1.166333666333666391e-01
1.167500000000000066e-01
1.169546706736789426e-01
1.170132798797293844e-01
1.170426065162907259e-01
1.170719478566056709e-01
1.171013039117352050e-01
1.171306746927514436e-01
1.172188755020080325e-01
1.175434180719859001e-01
1.176322418136020176e-01
1.181680161943319818e-01
1.181979245760566982e-01
1.184077079107505037e-01
1.188295165394401970e-01
1.199897225077081186e-01
1.206406613278222656e-01
1.206718346253229934e-01
1.210158072039388411e-01
1.212672033238119951e-01
1.219958202716823342e-01
1.233166094533931917e-01
1.233491811938721566e-01
1.248997058036908220e-01
1.249331193151417829e-01
1.250000000000000000e-01
1.250669523299410835e-01
1.269711799891245219e-01
1.270057111775904357e-01
1.272479564032697463e-01
1.273867975995635615e-01
1.271834061135371230e-01
1.274268526114301359e-01
1.274617067833697936e-01
1.284454244762954778e-01
1.287292817679558110e-01
1.286662977310459310e-01
1.287731930213237286e-01
1.288802660753880225e-01
1.291307970008331030e-01
1.293463143254520165e-01
1.298882681564245689e-01
1.301791713325867739e-01
1.304713804713804604e-01
1.320272572402044209e-01
1.327812678469446062e-01
1.338514680483592345e-01
1.364036374303314869e-01
1.367924528301886766e-01
1.378900445765230409e-01
1.390053924505691985e-01
1.402236325173768505e-01
1.405634656164798657e-01
1.409866017052375242e-01
1.426787386824851789e-01
1.469453376205787920e-01
1.479791395045632341e-01
1.508174841508174713e-01
1.507416350465677901e-01
1.605839416058394142e-01
1.000000000000000000e+00
