0.000000000000000000e+00
5.240174672489082697e-02
5.630889450700988369e-02
6.113537117903929813e-02
6.343369340381521670e-02
6.481268673868076369e-02
6.688117674097908416e-02
6.803033785336703998e-02
6.963916341071017813e-02
7.147782119053090744e-02
7.193748563548608976e-02
7.285681452539645442e-02
7.331647897035163675e-02
7.423580786026201528e-02
7.538496897264997110e-02
7.607446564008274459e-02
7.722362675247070041e-02
7.745345897494829157e-02
7.860262008733624739e-02
7.883245230981383855e-02
7.929211675476902088e-02
7.952194897724661204e-02
7.975178119972420321e-02
7.975178119972420321e-02
7.998161342220179437e-02
8.067111008963456786e-02
8.090094231211215903e-02
8.113077453458975019e-02
8.159043897954493252e-02
8.227993564697770601e-02
8.250976786945529717e-02
8.319926453688807066e-02
8.434842564927602648e-02
8.457825787175361765e-02
8.572741898414157347e-02
8.595725120661916463e-02
8.595725120661916463e-02
8.641691565157434696e-02
8.641691565157434696e-02
8.687658009652952928e-02
8.687658009652952928e-02
8.756607676396230278e-02
8.802574120891748510e-02
8.802574120891748510e-02
8.848540565387266743e-02
8.917490232130544092e-02
8.940473454378303209e-02
8.940473454378303209e-02
8.986439898873821441e-02
9.009423121121580558e-02
9.032406343369341062e-02
9.055389565617100178e-02
9.055389565617100178e-02
9.078372787864859295e-02
9.124339232360377527e-02
9.170305676855895760e-02
9.193288899103654876e-02
9.216272121351413993e-02
9.216272121351413993e-02
9.262238565846932226e-02
9.262238565846932226e-02
9.262238565846932226e-02
9.285221788094691342e-02
9.285221788094691342e-02
9.308205010342450458e-02
9.331188232590209575e-02
9.331188232590209575e-02
9.354171454837968691e-02
9.354171454837968691e-02
9.354171454837968691e-02
9.354171454837968691e-02
9.377154677085727807e-02
9.377154677085727807e-02
9.377154677085727807e-02
9.400137899333486924e-02
9.400137899333486924e-02
9.423121121581246040e-02
9.423121121581246040e-02
9.446104343829005157e-02
9.446104343829005157e-02
9.469087566076764273e-02
9.469087566076764273e-02
9.561020455067800738e-02
9.561020455067800738e-02
9.606986899563318971e-02
9.606986899563318971e-02
9.629970121811078088e-02
9.629970121811078088e-02
9.629970121811078088e-02
9.675936566306596320e-02
9.698919788554355437e-02
9.698919788554355437e-02
9.721903010802114553e-02
9.721903010802114553e-02
9.767869455297632786e-02
9.790852677545391902e-02
9.790852677545391902e-02
9.790852677545391902e-02
9.813835899793151019e-02
9.836819122040910135e-02
9.836819122040910135e-02
9.882785566536428368e-02
9.882785566536428368e-02
9.882785566536428368e-02
9.951735233279705717e-02
9.997701677775223950e-02
9.997701677775223950e-02
1.002068490002298307e-01
1.004366812227074218e-01
1.006665134451850130e-01
1.006665134451850130e-01
1.008963456676626042e-01
1.008963456676626042e-01
1.013560101126177865e-01
1.020455067800505600e-01
1.020455067800505600e-01
1.022753390025281511e-01
1.022753390025281511e-01
1.029648356699609246e-01
1.036543323373936981e-01
1.036543323373936981e-01
1.038841645598712893e-01
1.041139967823488804e-01
1.045736612273040628e-01
1.045736612273040628e-01
1.048034934497816539e-01
1.052631578947368363e-01
1.052631578947368363e-01
1.054929901172144274e-01
1.054929901172144274e-01
1.057228223396920186e-01
1.057228223396920186e-01
1.064123190071247921e-01
1.064123190071247921e-01
1.068719834520799883e-01
1.068719834520799883e-01
1.073316478970351706e-01
1.075614801195127618e-01
1.075614801195127618e-01
1.077913123419903529e-01
1.082509767869455353e-01
1.084808090094231264e-01
1.087106412319007176e-01
1.089404734543783088e-01
1.091703056768558999e-01
1.094001378993334911e-01
1.098598023442886734e-01
1.100896345667662646e-01
1.100896345667662646e-01
1.103194667892438557e-01
1.107791312341990381e-01
1.112387956791542204e-01
1.114686279016318116e-01
1.114686279016318116e-01
1.116984601241094027e-01
1.116984601241094027e-01
1.119282923465869939e-01
1.119282923465869939e-01
1.128476212364973585e-01
1.128476212364973585e-01
1.135371179039301320e-01
1.135371179039301320e-01
1.139967823488853144e-01
1.139967823488853144e-01
1.142266145713629055e-01
1.142266145713629055e-01
1.144564467938404967e-01
1.146862790163180879e-01
1.146862790163180879e-01
1.149161112387956790e-01
1.149161112387956790e-01
1.158354401287060437e-01
1.158354401287060437e-01
1.160652723511836348e-01
1.160652723511836348e-01
1.162951045736612260e-01
1.165249367961388172e-01
1.169846012410939995e-01
1.183635945759595465e-01
1.185934267984371376e-01
1.185934267984371376e-01
1.188232590209147288e-01
1.192829234658699111e-01
1.192829234658699111e-01
1.197425879108250935e-01
1.197425879108250935e-01
1.202022523557802758e-01
1.202022523557802758e-01
1.204320845782578669e-01
1.206619168007354581e-01
1.206619168007354581e-01
1.211215812456906404e-01
1.215812456906458228e-01
1.218110779131234139e-01
1.222707423580785963e-01
1.227304068030337786e-01
1.227304068030337786e-01
1.234199034704665660e-01
1.234199034704665660e-01
1.236497356929441571e-01
1.236497356929441571e-01
1.243392323603769306e-01
1.245690645828545218e-01
1.247988968053321129e-01
1.247988968053321129e-01
1.257182256952424637e-01
1.257182256952424637e-01
1.266375545851528284e-01
1.266375545851528284e-01
1.270972190301080107e-01
1.275568834750631930e-01
1.280165479200183754e-01
1.280165479200183754e-01
1.284762123649735577e-01
1.289358768099287400e-01
1.293955412548839223e-01
1.293955412548839223e-01
1.298552056998391047e-01
1.300850379223167097e-01
1.300850379223167097e-01
1.307745345897494693e-01
1.307745345897494693e-01
1.319236957021374390e-01
1.319236957021374390e-01
1.323833601470926213e-01
1.323833601470926213e-01
1.326131923695702264e-01
1.333026890370029860e-01
1.337623534819581683e-01
1.337623534819581683e-01
1.342220179269133506e-01
1.346816823718685330e-01
1.349115145943461380e-01
1.349115145943461380e-01
1.360606757067340800e-01
1.365203401516892623e-01
1.372098368191220497e-01
1.376695012640772320e-01
1.378993334865548093e-01
1.381291657090324143e-01
1.381291657090324143e-01
1.388186623764651739e-01
1.388186623764651739e-01
1.395081590438979613e-01
1.395081590438979613e-01
1.404274879338083259e-01
1.404274879338083259e-01
1.415766490461962679e-01
1.415766490461962679e-01
1.418064812686738729e-01
1.418064812686738729e-01
1.445644679384049669e-01
1.450241323833601492e-01
1.457136290507929088e-01
1.459434612732705139e-01
1.464031257182256962e-01
1.464031257182256962e-01
1.470926223856584558e-01
1.470926223856584558e-01
1.480119512755688482e-01
1.480119512755688482e-01
1.484716157205240306e-01
1.484716157205240306e-01
1.487014479430016078e-01
1.489312801654792129e-01
1.489312801654792129e-01
1.491611123879567902e-01
1.491611123879567902e-01
1.496207768329119725e-01
1.496207768329119725e-01
1.503102735003447599e-01
1.505401057228223372e-01
1.512296023902551245e-01
1.512296023902551245e-01
1.523787635026430665e-01
1.523787635026430665e-01
1.535279246150310362e-01
1.535279246150310362e-01
1.546770857274189781e-01
1.546770857274189781e-01
1.549069179498965831e-01
1.549069179498965831e-01
1.551367501723741604e-01
1.551367501723741604e-01
1.553665823948517655e-01
1.555964146173293428e-01
1.565157435072397074e-01
1.565157435072397074e-01
1.588140657320156190e-01
1.588140657320156190e-01
1.590438979544932241e-01
1.590438979544932241e-01
1.599632268444035887e-01
1.604228912893587711e-01
1.613422201792691357e-01
1.613422201792691357e-01
1.615720524017467130e-01
1.618018846242243181e-01
1.618018846242243181e-01
1.620317168467018953e-01
1.620317168467018953e-01
1.622615490691795004e-01
1.622615490691795004e-01
1.624913812916570777e-01
1.627212135141346827e-01
1.629510457366122600e-01
1.629510457366122600e-01
1.650195357389105943e-01
1.650195357389105943e-01
1.661686968512985640e-01
1.661686968512985640e-01
1.663985290737761413e-01
1.677775224086416883e-01
1.677775224086416883e-01
1.689266835210296580e-01
1.689266835210296580e-01
1.693863479659848403e-01
1.693863479659848403e-01
1.698460124109400227e-01
1.703056768558952050e-01
1.705355090783727823e-01
1.705355090783727823e-01
1.719145024132383293e-01
1.719145024132383293e-01
1.739829924155366636e-01
1.739829924155366636e-01
1.762813146403125752e-01
1.762813146403125752e-01
1.776603079751781222e-01
1.776603079751781222e-01
1.788094690875660642e-01
1.797287979774764288e-01
1.817972879797747632e-01
1.817972879797747632e-01
1.820271202022523682e-01
1.824867846472075505e-01
1.847851068719834622e-01
1.847851068719834622e-01
1.859342679843714041e-01
1.859342679843714041e-01
1.893817513215352855e-01
1.893817513215352855e-01
1.903010802114456501e-01
1.907607446564008324e-01
1.969662146632958077e-01
1.969662146632958077e-01
1.997242013330269017e-01
2.006435302229372664e-01
2.070788324523098189e-01
2.070788324523098189e-01
2.098368191220409129e-01
2.098368191220409129e-01
2.130544702367271892e-01
2.130544702367271892e-01
2.162721213514134655e-01
2.162721213514134655e-01
2.443116524936796152e-01
2.443116524936796152e-01
2.746495058607216766e-01
2.751091703056768312e-01
3.231441048034934260e-01
3.236037692484486361e-01
4.385198804872443290e-01
4.389795449321994836e-01
5.715927373017697377e-01
5.720524017467248923e-01
7.377614341530682740e-01
7.382210985980234286e-01
8.981843254424269896e-01
8.986439898873822552e-01
9.535738910595265017e-01
9.540335555044817673e-01
1.000000000000000000e+00
