0.000000000000000000e+00
5.814755228683061300e-02
6.389335784877039903e-02
6.780050563088944882e-02
6.986899563318776929e-02
7.124798896805331627e-02
7.400597563778442411e-02
7.538496897264997110e-02
7.630429786256033575e-02
7.699379452999310924e-02
7.768329119742588273e-02
7.952194897724661204e-02
7.998161342220179437e-02
8.182027120202252368e-02
8.296943231441047950e-02
8.319926453688807066e-02
8.388876120432084416e-02
8.480809009423120881e-02
8.549758676166398230e-02
8.595725120661916463e-02
8.687658009652952928e-02
8.756607676396230278e-02
8.825557343139507627e-02
8.848540565387266743e-02
8.917490232130544092e-02
8.963456676626062325e-02
8.963456676626062325e-02
8.986439898873821441e-02
9.032406343369341062e-02
9.078372787864859295e-02
9.101356010112618411e-02
9.124339232360377527e-02
9.147322454608136644e-02
9.147322454608136644e-02
9.216272121351413993e-02
9.239255343599173109e-02
9.239255343599173109e-02
9.262238565846932226e-02
9.354171454837968691e-02
9.354171454837968691e-02
9.377154677085727807e-02
9.423121121581246040e-02
9.515054010572282506e-02
9.538037232820041622e-02
9.584003677315559855e-02
9.606986899563318971e-02
9.675936566306596320e-02
9.698919788554355437e-02
9.744886233049873669e-02
9.813835899793151019e-02
9.813835899793151019e-02
9.836819122040910135e-02
9.882785566536428368e-02
9.905768788784187484e-02
9.997701677775223950e-02
1.002068490002298307e-01
1.006665134451850130e-01
1.008963456676626042e-01
1.013560101126177865e-01
1.015858423350953776e-01
1.020455067800505600e-01
1.027350034474833335e-01
1.029648356699609246e-01
1.036543323373936981e-01
1.038841645598712893e-01
1.041139967823488804e-01
1.045736612273040628e-01
1.048034934497816539e-01
1.052631578947368363e-01
1.057228223396920186e-01
1.057228223396920186e-01
1.059526545621696098e-01
1.064123190071247921e-01
1.064123190071247921e-01
1.068719834520799883e-01
1.073316478970351706e-01
1.073316478970351706e-01
1.077913123419903529e-01
1.082509767869455353e-01
1.084808090094231264e-01
1.087106412319007176e-01
1.089404734543783088e-01
1.089404734543783088e-01
1.091703056768558999e-01
1.096299701218110823e-01
1.096299701218110823e-01
1.100896345667662646e-01
1.100896345667662646e-01
1.103194667892438557e-01
1.107791312341990381e-01
1.110089634566766292e-01
1.119282923465869939e-01
1.123879567915421762e-01
1.128476212364973585e-01
1.128476212364973585e-01
1.130774534589749497e-01
1.133072856814525409e-01
1.137669501264077232e-01
1.142266145713629055e-01
1.146862790163180879e-01
1.151459434612732702e-01
1.165249367961388172e-01
1.167547690186164083e-01
1.172144334635715907e-01
1.174442656860491818e-01
1.179039301310043641e-01
1.183635945759595465e-01
1.185934267984371376e-01
1.190530912433923200e-01
1.195127556883475023e-01
1.199724201333026846e-01
1.199724201333026846e-01
1.206619168007354581e-01
1.208917490232130493e-01
1.211215812456906404e-01
1.218110779131234139e-01
1.220409101356010051e-01
1.225005745805561874e-01
1.227304068030337786e-01
1.227304068030337786e-01
1.231900712479889748e-01
1.234199034704665660e-01
1.234199034704665660e-01
1.238795679154217483e-01
1.238795679154217483e-01
1.241094001378993394e-01
1.245690645828545218e-01
1.245690645828545218e-01
1.247988968053321129e-01
1.247988968053321129e-01
1.252585612502872814e-01
1.252585612502872814e-01
1.254883934727648864e-01
1.261778901401976460e-01
1.268673868076304334e-01
1.268673868076304334e-01
1.270972190301080107e-01
1.270972190301080107e-01
1.275568834750631930e-01
1.280165479200183754e-01
1.280165479200183754e-01
1.287060445874511627e-01
1.291657090324063450e-01
1.298552056998391047e-01
1.300850379223167097e-01
1.305447023672718920e-01
1.305447023672718920e-01
1.310043668122270744e-01
1.314640312571822567e-01
1.314640312571822567e-01
1.319236957021374390e-01
1.321535279246150441e-01
1.321535279246150441e-01
1.326131923695702264e-01
1.333026890370029860e-01
1.339921857044357734e-01
1.339921857044357734e-01
1.342220179269133506e-01
1.351413468168237153e-01
1.351413468168237153e-01
1.353711790393013203e-01
1.358308434842565027e-01
1.358308434842565027e-01
1.362905079292116850e-01
1.369800045966444446e-01
1.372098368191220497e-01
1.376695012640772320e-01
1.376695012640772320e-01
1.381291657090324143e-01
1.383589979315099916e-01
1.385888301539875966e-01
1.385888301539875966e-01
1.390484945989427790e-01
1.390484945989427790e-01
1.395081590438979613e-01
1.397379912663755386e-01
1.406573201562859032e-01
1.411169846012410856e-01
1.415766490461962679e-01
1.415766490461962679e-01
1.418064812686738729e-01
1.422661457136290553e-01
1.429556423810618149e-01
1.434153068260169972e-01
1.436451390484946022e-01
1.436451390484946022e-01
1.445644679384049669e-01
1.445644679384049669e-01
1.447943001608825442e-01
1.447943001608825442e-01
1.454837968283153316e-01
1.459434612732705139e-01
1.477821190530912432e-01
1.477821190530912432e-01
1.484716157205240306e-01
1.487014479430016078e-01
1.496207768329119725e-01
1.498506090553895775e-01
1.503102735003447599e-01
1.505401057228223372e-01
1.509997701677775195e-01
1.512296023902551245e-01
1.512296023902551245e-01
1.514594346127327018e-01
1.523787635026430665e-01
1.530682601700758538e-01
1.535279246150310362e-01
1.537577568375086134e-01
1.537577568375086134e-01
1.542174212824637958e-01
1.546770857274189781e-01
1.549069179498965831e-01
1.549069179498965831e-01
1.551367501723741604e-01
1.551367501723741604e-01
1.553665823948517655e-01
1.558262468398069478e-01
1.560560790622845251e-01
1.565157435072397074e-01
1.567455757297173125e-01
1.567455757297173125e-01
1.569754079521948897e-01
1.572052401746724948e-01
1.572052401746724948e-01
1.574350723971500721e-01
1.574350723971500721e-01
1.578947368421052544e-01
1.581245690645828594e-01
1.581245690645828594e-01
1.583544012870604367e-01
1.583544012870604367e-01
1.590438979544932241e-01
1.590438979544932241e-01
1.592737301769708014e-01
1.597333946219259837e-01
1.599632268444035887e-01
1.601930590668811660e-01
1.606527235118363484e-01
1.629510457366122600e-01
1.634107101815674423e-01
1.636405424040450474e-01
1.636405424040450474e-01
1.638703746265226247e-01
1.638703746265226247e-01
1.657090324063433817e-01
1.657090324063433817e-01
1.659388646288209590e-01
1.663985290737761413e-01
1.668581935187313237e-01
1.670880257412089287e-01
1.682371868535968706e-01
1.682371868535968706e-01
1.686968512985520530e-01
1.686968512985520530e-01
1.691565157435072353e-01
1.696161801884624176e-01
1.696161801884624176e-01
1.714548379682831469e-01
1.714548379682831469e-01
1.723741668581935116e-01
1.723741668581935116e-01
1.728338313031486939e-01
1.730636635256262990e-01
1.730636635256262990e-01
1.749023213054470283e-01
1.749023213054470283e-01
1.753619857504022106e-01
1.758216501953573929e-01
1.758216501953573929e-01
1.762813146403125752e-01
1.762813146403125752e-01
1.781199724201333046e-01
1.785796368650884869e-01
1.815674557572971859e-01
1.820271202022523682e-01
1.827166168696851278e-01
1.827166168696851278e-01
1.840956102045506748e-01
1.840956102045506748e-01
1.870834290967593738e-01
1.870834290967593738e-01
1.886922546541024981e-01
1.886922546541024981e-01
1.944380602160422911e-01
1.944380602160422911e-01
1.983452079981613547e-01
1.988048724431165371e-01
1.988048724431165371e-01
2.001838657779820840e-01
2.006435302229372664e-01
2.038611813376235427e-01
2.038611813376235427e-01
2.070788324523098189e-01
2.070788324523098189e-01
2.084578257871753659e-01
2.084578257871753659e-01
2.144334635715927362e-01
2.144334635715927362e-01
2.176511146862790125e-01
2.181107791312341948e-01
2.199494369110549241e-01
2.199494369110549241e-01
2.247759135830843524e-01
2.252355780280395348e-01
2.270742358078602641e-01
2.275339002528154464e-01
2.289128935876809934e-01
2.289128935876809934e-01
2.339692024821879990e-01
2.344288669271431813e-01
2.431624913812916455e-01
2.431624913812916455e-01
2.523557802803952921e-01
2.523557802803952921e-01
2.679843714088715467e-01
2.684440358538267013e-01
2.702826936336474306e-01
2.707423580786026407e-01
2.964835669960928510e-01
2.969432314410480611e-01
3.472764881636405399e-01
3.477361526085957499e-01
3.987589059986210160e-01
3.992185704435761706e-01
5.844633417605148429e-01
5.849230062054699975e-01
7.871753619857504436e-01
7.876350264307055982e-01
9.241553665823948327e-01
9.246150310273499873e-01
1.000000000000000000e+00
