0.000000000000000000e+00
7.569444444444444198e-01
7.812500000000000000e-01
7.899305555555555802e-01
8.055555555555555802e-01
8.090277777777777901e-01
8.107638888888888395e-01
8.177083333333333703e-01
8.211805555555555802e-01
8.368055555555555802e-01
8.385416666666666297e-01
8.420138888888888395e-01
8.437500000000000000e-01
8.437500000000000000e-01
8.454861111111111605e-01
8.489583333333333703e-01
8.506944444444444198e-01
8.541666666666666297e-01
8.541666666666666297e-01
8.541666666666666297e-01
8.559027777777777901e-01
8.576388888888888395e-01
8.576388888888888395e-01
8.593750000000000000e-01
8.628472222222222099e-01
8.645833333333333703e-01
8.663194444444444198e-01
8.680555555555555802e-01
8.697916666666666297e-01
8.715277777777777901e-01
8.715277777777777901e-01
8.750000000000000000e-01
8.750000000000000000e-01
8.802083333333333703e-01
8.802083333333333703e-01
8.836805555555555802e-01
8.854166666666666297e-01
8.854166666666666297e-01
8.871527777777777901e-01
8.906250000000000000e-01
8.923611111111111605e-01
8.923611111111111605e-01
8.923611111111111605e-01
8.923611111111111605e-01
8.940972222222222099e-01
8.940972222222222099e-01
8.958333333333333703e-01
8.975694444444444198e-01
9.010416666666666297e-01
9.010416666666666297e-01
9.045138888888888395e-01
9.045138888888888395e-01
9.045138888888888395e-01
9.062500000000000000e-01
9.114583333333333703e-01
9.114583333333333703e-01
9.131944444444444198e-01
9.131944444444444198e-01
9.166666666666666297e-01
9.166666666666666297e-01
9.218750000000000000e-01
9.236111111111111605e-01
9.236111111111111605e-01
9.253472222222222099e-01
9.253472222222222099e-01
9.253472222222222099e-01
9.288194444444444198e-01
9.288194444444444198e-01
9.288194444444444198e-01
9.288194444444444198e-01
9.305555555555555802e-01
9.305555555555555802e-01
9.375000000000000000e-01
9.375000000000000000e-01
9.375000000000000000e-01
9.392361111111111605e-01
9.392361111111111605e-01
9.392361111111111605e-01
9.409722222222222099e-01
9.409722222222222099e-01
9.444444444444444198e-01
9.444444444444444198e-01
9.548611111111111605e-01
9.548611111111111605e-01
9.565972222222222099e-01
9.565972222222222099e-01
9.600694444444444198e-01
9.600694444444444198e-01
9.618055555555555802e-01
9.618055555555555802e-01
9.652777777777777901e-01
9.652777777777777901e-01
9.670138888888888395e-01
9.670138888888888395e-01
9.687500000000000000e-01
9.687500000000000000e-01
9.704861111111111605e-01
9.704861111111111605e-01
9.756944444444444198e-01
9.756944444444444198e-01
9.774305555555555802e-01
9.774305555555555802e-01
9.791666666666666297e-01
9.791666666666666297e-01
9.826388888888888395e-01
9.826388888888888395e-01
9.843750000000000000e-01
9.843750000000000000e-01
9.843750000000000000e-01
9.843750000000000000e-01
9.861111111111111605e-01
9.861111111111111605e-01
9.878472222222222099e-01
9.878472222222222099e-01
9.895833333333333703e-01
9.895833333333333703e-01
9.913194444444444198e-01
9.913194444444444198e-01
9.930555555555555802e-01
9.930555555555555802e-01
9.947916666666666297e-01
9.947916666666666297e-01
9.965277777777777901e-01
9.965277777777777901e-01
9.965277777777777901e-01
9.965277777777777901e-01
9.982638888888888395e-01
9.982638888888888395e-01
1.000000000000000000e+00
1.000000000000000000e+00
1.000000000000000000e+00
1.000000000000000000e+00
1.000000000000000000e+00
1.000000000000000000e+00
1.000000000000000000e+00
1.000000000000000000e+00
1.000000000000000000e+00
1.000000000000000000e+00
1.000000000000000000e+00
1.000000000000000000e+00
