0.000000000000000000e+00
7.812500000000000000e-02
7.986111111111110494e-02
8.333333333333332871e-02
8.506944444444444753e-02
8.680555555555555247e-02
8.680555555555555247e-02
8.680555555555555247e-02
8.854166666666667129e-02
8.854166666666667129e-02
8.854166666666667129e-02
9.027777777777777624e-02
9.027777777777777624e-02
9.375000000000000000e-02
9.375000000000000000e-02
9.548611111111110494e-02
9.722222222222222376e-02
9.722222222222222376e-02
9.895833333333332871e-02
1.024305555555555525e-01
1.024305555555555525e-01
1.076388888888888951e-01
1.111111111111111049e-01
1.111111111111111049e-01
1.111111111111111049e-01
1.111111111111111049e-01
1.128472222222222238e-01
1.128472222222222238e-01
1.145833333333333287e-01
1.145833333333333287e-01
1.163194444444444475e-01
1.163194444444444475e-01
1.197916666666666713e-01
1.197916666666666713e-01
1.232638888888888951e-01
1.232638888888888951e-01
1.232638888888888951e-01
1.250000000000000000e-01
1.250000000000000000e-01
1.250000000000000000e-01
1.250000000000000000e-01
1.267361111111111049e-01
1.302083333333333426e-01
1.319444444444444475e-01
1.319444444444444475e-01
1.371527777777777901e-01
1.388888888888888951e-01
1.388888888888888951e-01
1.388888888888888951e-01
1.423611111111111049e-01
1.423611111111111049e-01
1.458333333333333426e-01
1.493055555555555525e-01
1.493055555555555525e-01
1.493055555555555525e-01
1.527777777777777901e-01
1.527777777777777901e-01
1.545138888888888951e-01
1.545138888888888951e-01
1.614583333333333426e-01
1.614583333333333426e-01
1.614583333333333426e-01
1.649305555555555525e-01
1.649305555555555525e-01
1.666666666666666574e-01
1.701388888888888951e-01
1.701388888888888951e-01
1.718750000000000000e-01
1.753472222222222099e-01
1.770833333333333426e-01
1.770833333333333426e-01
1.822916666666666574e-01
1.822916666666666574e-01
1.857638888888888951e-01
1.927083333333333426e-01
1.927083333333333426e-01
1.961805555555555525e-01
1.979166666666666574e-01
1.979166666666666574e-01
2.013888888888888951e-01
2.013888888888888951e-01
2.048611111111111049e-01
2.048611111111111049e-01
2.065972222222222099e-01
2.065972222222222099e-01
2.100694444444444475e-01
2.100694444444444475e-01
2.118055555555555525e-01
2.118055555555555525e-01
2.152777777777777901e-01
2.152777777777777901e-01
2.187500000000000000e-01
2.187500000000000000e-01
2.326388888888888951e-01
2.326388888888888951e-01
2.343750000000000000e-01
2.343750000000000000e-01
2.361111111111111049e-01
2.361111111111111049e-01
2.378472222222222099e-01
2.378472222222222099e-01
2.413194444444444475e-01
2.413194444444444475e-01
2.447916666666666574e-01
2.447916666666666574e-01
2.586805555555555802e-01
2.586805555555555802e-01
2.708333333333333148e-01
2.743055555555555802e-01
2.795138888888888951e-01
2.795138888888888951e-01
2.829861111111111049e-01
2.829861111111111049e-01
2.916666666666666852e-01
2.916666666666666852e-01
2.934027777777777901e-01
2.934027777777777901e-01
3.038194444444444198e-01
3.038194444444444198e-01
3.107638888888888951e-01
3.107638888888888951e-01
3.159722222222222099e-01
3.159722222222222099e-01
3.385416666666666852e-01
3.420138888888888951e-01
3.784722222222222099e-01
3.784722222222222099e-01
4.201388888888888951e-01
4.201388888888888951e-01
7.100694444444444198e-01
7.135416666666666297e-01
7.621527777777777901e-01
7.656250000000000000e-01
8.020833333333333703e-01
8.055555555555555802e-01
9.097222222222222099e-01
9.131944444444444198e-01
9.583333333333333703e-01
9.618055555555555802e-01
1.000000000000000000e+00
