0.000000000000000000e+00
6.909722222222222099e-01
6.909722222222222099e-01
6.909722222222222099e-01
6.909722222222222099e-01
6.909722222222222099e-01
6.909722222222222099e-01
6.927083333333333703e-01
6.927083333333333703e-01
6.927083333333333703e-01
6.927083333333333703e-01
6.927083333333333703e-01
6.927083333333333703e-01
6.927083333333333703e-01
6.927083333333333703e-01
6.927083333333333703e-01
6.927083333333333703e-01
6.927083333333333703e-01
6.927083333333333703e-01
6.927083333333333703e-01
6.927083333333333703e-01
6.927083333333333703e-01
6.927083333333333703e-01
6.944444444444444198e-01
6.944444444444444198e-01
6.944444444444444198e-01
6.944444444444444198e-01
6.944444444444444198e-01
6.944444444444444198e-01
6.961805555555555802e-01
6.961805555555555802e-01
6.961805555555555802e-01
6.961805555555555802e-01
6.961805555555555802e-01
6.961805555555555802e-01
6.979166666666666297e-01
6.979166666666666297e-01
6.979166666666666297e-01
6.979166666666666297e-01
6.979166666666666297e-01
6.979166666666666297e-01
6.979166666666666297e-01
6.979166666666666297e-01
6.979166666666666297e-01
6.979166666666666297e-01
6.979166666666666297e-01
6.979166666666666297e-01
6.979166666666666297e-01
6.979166666666666297e-01
6.979166666666666297e-01
6.979166666666666297e-01
6.979166666666666297e-01
6.979166666666666297e-01
6.979166666666666297e-01
6.979166666666666297e-01
6.979166666666666297e-01
6.979166666666666297e-01
6.979166666666666297e-01
6.979166666666666297e-01
6.979166666666666297e-01
6.979166666666666297e-01
6.979166666666666297e-01
6.979166666666666297e-01
6.979166666666666297e-01
6.979166666666666297e-01
6.979166666666666297e-01
6.979166666666666297e-01
6.979166666666666297e-01
6.979166666666666297e-01
6.979166666666666297e-01
6.979166666666666297e-01
6.979166666666666297e-01
6.979166666666666297e-01
6.979166666666666297e-01
6.979166666666666297e-01
6.979166666666666297e-01
6.979166666666666297e-01
6.979166666666666297e-01
6.979166666666666297e-01
6.979166666666666297e-01
6.979166666666666297e-01
6.979166666666666297e-01
6.979166666666666297e-01
6.979166666666666297e-01
6.979166666666666297e-01
6.979166666666666297e-01
6.979166666666666297e-01
6.979166666666666297e-01
6.996527777777777901e-01
6.996527777777777901e-01
6.996527777777777901e-01
6.996527777777777901e-01
6.996527777777777901e-01
6.996527777777777901e-01
6.996527777777777901e-01
6.996527777777777901e-01
6.996527777777777901e-01
7.013888888888888395e-01
7.013888888888888395e-01
7.013888888888888395e-01
7.013888888888888395e-01
7.013888888888888395e-01
7.013888888888888395e-01
7.013888888888888395e-01
7.013888888888888395e-01
7.013888888888888395e-01
7.013888888888888395e-01
7.031250000000000000e-01
7.031250000000000000e-01
7.031250000000000000e-01
7.031250000000000000e-01
7.031250000000000000e-01
7.031250000000000000e-01
7.031250000000000000e-01
7.048611111111111605e-01
7.048611111111111605e-01
7.048611111111111605e-01
7.048611111111111605e-01
7.048611111111111605e-01
7.048611111111111605e-01
7.048611111111111605e-01
7.048611111111111605e-01
7.048611111111111605e-01
7.048611111111111605e-01
7.048611111111111605e-01
7.048611111111111605e-01
7.048611111111111605e-01
7.048611111111111605e-01
7.048611111111111605e-01
7.048611111111111605e-01
7.048611111111111605e-01
7.048611111111111605e-01
7.048611111111111605e-01
7.048611111111111605e-01
7.048611111111111605e-01
7.048611111111111605e-01
7.048611111111111605e-01
7.048611111111111605e-01
7.048611111111111605e-01
7.048611111111111605e-01
7.048611111111111605e-01
7.048611111111111605e-01
7.048611111111111605e-01
7.048611111111111605e-01
7.048611111111111605e-01
7.048611111111111605e-01
7.048611111111111605e-01
7.048611111111111605e-01
7.048611111111111605e-01
7.048611111111111605e-01
7.048611111111111605e-01
7.065972222222222099e-01
7.065972222222222099e-01
7.065972222222222099e-01
7.065972222222222099e-01
7.065972222222222099e-01
7.065972222222222099e-01
7.065972222222222099e-01
7.065972222222222099e-01
7.065972222222222099e-01
7.065972222222222099e-01
7.083333333333333703e-01
7.083333333333333703e-01
7.083333333333333703e-01
7.083333333333333703e-01
7.083333333333333703e-01
7.083333333333333703e-01
7.083333333333333703e-01
7.083333333333333703e-01
7.083333333333333703e-01
7.083333333333333703e-01
7.083333333333333703e-01
7.083333333333333703e-01
7.083333333333333703e-01
7.100694444444444198e-01
7.100694444444444198e-01
7.100694444444444198e-01
7.100694444444444198e-01
7.100694444444444198e-01
7.100694444444444198e-01
7.118055555555555802e-01
7.118055555555555802e-01
7.118055555555555802e-01
7.118055555555555802e-01
7.118055555555555802e-01
7.118055555555555802e-01
7.118055555555555802e-01
7.118055555555555802e-01
7.118055555555555802e-01
7.118055555555555802e-01
7.118055555555555802e-01
7.118055555555555802e-01
7.118055555555555802e-01
7.118055555555555802e-01
7.118055555555555802e-01
7.118055555555555802e-01
7.118055555555555802e-01
7.118055555555555802e-01
7.118055555555555802e-01
7.118055555555555802e-01
7.118055555555555802e-01
7.118055555555555802e-01
7.118055555555555802e-01
7.118055555555555802e-01
7.118055555555555802e-01
7.118055555555555802e-01
7.118055555555555802e-01
7.118055555555555802e-01
7.118055555555555802e-01
7.118055555555555802e-01
7.118055555555555802e-01
7.118055555555555802e-01
7.118055555555555802e-01
7.118055555555555802e-01
7.118055555555555802e-01
7.118055555555555802e-01
7.118055555555555802e-01
7.118055555555555802e-01
7.118055555555555802e-01
7.118055555555555802e-01
7.118055555555555802e-01
7.118055555555555802e-01
7.118055555555555802e-01
7.118055555555555802e-01
7.118055555555555802e-01
7.118055555555555802e-01
7.118055555555555802e-01
7.118055555555555802e-01
7.118055555555555802e-01
7.118055555555555802e-01
7.118055555555555802e-01
7.118055555555555802e-01
7.118055555555555802e-01
7.118055555555555802e-01
7.118055555555555802e-01
7.118055555555555802e-01
7.118055555555555802e-01
7.118055555555555802e-01
7.118055555555555802e-01
7.118055555555555802e-01
7.118055555555555802e-01
7.118055555555555802e-01
7.118055555555555802e-01
7.118055555555555802e-01
7.118055555555555802e-01
7.118055555555555802e-01
7.118055555555555802e-01
7.118055555555555802e-01
7.118055555555555802e-01
7.118055555555555802e-01
7.118055555555555802e-01
7.118055555555555802e-01
7.118055555555555802e-01
7.118055555555555802e-01
7.118055555555555802e-01
7.118055555555555802e-01
7.118055555555555802e-01
7.118055555555555802e-01
7.118055555555555802e-01
7.118055555555555802e-01
7.118055555555555802e-01
7.118055555555555802e-01
7.118055555555555802e-01
7.118055555555555802e-01
7.118055555555555802e-01
7.118055555555555802e-01
7.118055555555555802e-01
7.118055555555555802e-01
7.118055555555555802e-01
7.118055555555555802e-01
7.118055555555555802e-01
7.118055555555555802e-01
7.118055555555555802e-01
7.118055555555555802e-01
7.118055555555555802e-01
7.118055555555555802e-01
7.118055555555555802e-01
7.118055555555555802e-01
7.118055555555555802e-01
7.118055555555555802e-01
7.118055555555555802e-01
7.118055555555555802e-01
7.118055555555555802e-01
7.118055555555555802e-01
7.118055555555555802e-01
7.118055555555555802e-01
7.118055555555555802e-01
7.118055555555555802e-01
7.118055555555555802e-01
7.118055555555555802e-01
7.118055555555555802e-01
7.118055555555555802e-01
7.118055555555555802e-01
7.118055555555555802e-01
7.118055555555555802e-01
7.118055555555555802e-01
7.118055555555555802e-01
7.118055555555555802e-01
7.118055555555555802e-01
7.118055555555555802e-01
7.118055555555555802e-01
7.118055555555555802e-01
7.118055555555555802e-01
7.118055555555555802e-01
7.118055555555555802e-01
7.118055555555555802e-01
7.118055555555555802e-01
7.118055555555555802e-01
7.118055555555555802e-01
7.118055555555555802e-01
7.118055555555555802e-01
7.118055555555555802e-01
7.118055555555555802e-01
7.118055555555555802e-01
7.118055555555555802e-01
7.118055555555555802e-01
7.118055555555555802e-01
7.118055555555555802e-01
7.118055555555555802e-01
7.118055555555555802e-01
7.118055555555555802e-01
7.118055555555555802e-01
7.118055555555555802e-01
7.118055555555555802e-01
7.118055555555555802e-01
7.118055555555555802e-01
7.118055555555555802e-01
7.118055555555555802e-01
7.118055555555555802e-01
7.118055555555555802e-01
7.118055555555555802e-01
7.118055555555555802e-01
7.118055555555555802e-01
7.118055555555555802e-01
7.118055555555555802e-01
7.118055555555555802e-01
7.118055555555555802e-01
7.118055555555555802e-01
7.118055555555555802e-01
7.118055555555555802e-01
7.118055555555555802e-01
7.118055555555555802e-01
7.118055555555555802e-01
7.118055555555555802e-01
7.118055555555555802e-01
7.118055555555555802e-01
7.118055555555555802e-01
7.118055555555555802e-01
7.118055555555555802e-01
7.118055555555555802e-01
7.118055555555555802e-01
7.118055555555555802e-01
7.118055555555555802e-01
7.118055555555555802e-01
7.118055555555555802e-01
7.118055555555555802e-01
7.118055555555555802e-01
7.118055555555555802e-01
7.118055555555555802e-01
7.118055555555555802e-01
7.118055555555555802e-01
7.118055555555555802e-01
7.118055555555555802e-01
7.118055555555555802e-01
7.118055555555555802e-01
7.118055555555555802e-01
7.118055555555555802e-01
7.118055555555555802e-01
7.118055555555555802e-01
7.118055555555555802e-01
7.118055555555555802e-01
7.118055555555555802e-01
7.118055555555555802e-01
7.118055555555555802e-01
7.118055555555555802e-01
7.118055555555555802e-01
7.118055555555555802e-01
7.118055555555555802e-01
7.118055555555555802e-01
7.118055555555555802e-01
7.118055555555555802e-01
7.118055555555555802e-01
7.135416666666666297e-01
7.135416666666666297e-01
7.135416666666666297e-01
7.135416666666666297e-01
7.135416666666666297e-01
7.135416666666666297e-01
7.135416666666666297e-01
7.135416666666666297e-01
7.135416666666666297e-01
7.135416666666666297e-01
7.135416666666666297e-01
7.135416666666666297e-01
7.135416666666666297e-01
7.135416666666666297e-01
7.135416666666666297e-01
7.135416666666666297e-01
7.135416666666666297e-01
7.135416666666666297e-01
7.135416666666666297e-01
7.135416666666666297e-01
7.135416666666666297e-01
7.135416666666666297e-01
7.135416666666666297e-01
7.135416666666666297e-01
7.135416666666666297e-01
7.135416666666666297e-01
7.135416666666666297e-01
7.135416666666666297e-01
7.135416666666666297e-01
7.135416666666666297e-01
7.135416666666666297e-01
7.135416666666666297e-01
7.135416666666666297e-01
7.135416666666666297e-01
7.135416666666666297e-01
7.135416666666666297e-01
7.135416666666666297e-01
7.135416666666666297e-01
7.135416666666666297e-01
7.135416666666666297e-01
7.135416666666666297e-01
7.135416666666666297e-01
7.135416666666666297e-01
7.135416666666666297e-01
7.135416666666666297e-01
7.135416666666666297e-01
7.135416666666666297e-01
7.135416666666666297e-01
7.135416666666666297e-01
7.135416666666666297e-01
7.135416666666666297e-01
7.135416666666666297e-01
7.135416666666666297e-01
7.135416666666666297e-01
7.135416666666666297e-01
7.135416666666666297e-01
7.135416666666666297e-01
7.135416666666666297e-01
7.135416666666666297e-01
7.135416666666666297e-01
7.135416666666666297e-01
7.135416666666666297e-01
7.135416666666666297e-01
7.135416666666666297e-01
7.135416666666666297e-01
7.135416666666666297e-01
7.135416666666666297e-01
7.135416666666666297e-01
7.135416666666666297e-01
7.135416666666666297e-01
7.135416666666666297e-01
7.135416666666666297e-01
7.135416666666666297e-01
7.135416666666666297e-01
7.135416666666666297e-01
7.135416666666666297e-01
7.135416666666666297e-01
7.135416666666666297e-01
7.135416666666666297e-01
7.135416666666666297e-01
7.135416666666666297e-01
7.135416666666666297e-01
7.135416666666666297e-01
7.135416666666666297e-01
7.135416666666666297e-01
7.135416666666666297e-01
7.135416666666666297e-01
7.135416666666666297e-01
7.135416666666666297e-01
7.135416666666666297e-01
7.135416666666666297e-01
7.135416666666666297e-01
7.135416666666666297e-01
7.135416666666666297e-01
7.135416666666666297e-01
7.135416666666666297e-01
7.135416666666666297e-01
7.135416666666666297e-01
7.135416666666666297e-01
7.135416666666666297e-01
7.135416666666666297e-01
7.135416666666666297e-01
7.135416666666666297e-01
7.135416666666666297e-01
7.135416666666666297e-01
7.135416666666666297e-01
7.135416666666666297e-01
7.135416666666666297e-01
7.135416666666666297e-01
7.135416666666666297e-01
7.135416666666666297e-01
7.135416666666666297e-01
7.135416666666666297e-01
7.135416666666666297e-01
7.135416666666666297e-01
7.135416666666666297e-01
7.135416666666666297e-01
7.135416666666666297e-01
7.135416666666666297e-01
7.135416666666666297e-01
7.135416666666666297e-01
7.135416666666666297e-01
7.135416666666666297e-01
7.135416666666666297e-01
7.135416666666666297e-01
7.135416666666666297e-01
7.135416666666666297e-01
7.135416666666666297e-01
7.135416666666666297e-01
7.135416666666666297e-01
7.135416666666666297e-01
7.135416666666666297e-01
7.135416666666666297e-01
7.135416666666666297e-01
7.135416666666666297e-01
7.135416666666666297e-01
7.135416666666666297e-01
7.135416666666666297e-01
7.135416666666666297e-01
7.135416666666666297e-01
7.135416666666666297e-01
7.135416666666666297e-01
7.135416666666666297e-01
7.135416666666666297e-01
7.135416666666666297e-01
7.135416666666666297e-01
7.135416666666666297e-01
7.135416666666666297e-01
7.135416666666666297e-01
7.135416666666666297e-01
7.135416666666666297e-01
7.135416666666666297e-01
7.135416666666666297e-01
7.135416666666666297e-01
7.135416666666666297e-01
7.135416666666666297e-01
7.135416666666666297e-01
7.135416666666666297e-01
7.135416666666666297e-01
7.135416666666666297e-01
7.135416666666666297e-01
7.135416666666666297e-01
7.135416666666666297e-01
7.135416666666666297e-01
7.135416666666666297e-01
7.135416666666666297e-01
7.135416666666666297e-01
7.135416666666666297e-01
7.135416666666666297e-01
7.135416666666666297e-01
7.135416666666666297e-01
7.135416666666666297e-01
7.135416666666666297e-01
7.135416666666666297e-01
7.135416666666666297e-01
7.135416666666666297e-01
7.135416666666666297e-01
7.135416666666666297e-01
7.135416666666666297e-01
7.135416666666666297e-01
7.135416666666666297e-01
7.135416666666666297e-01
7.135416666666666297e-01
7.135416666666666297e-01
7.135416666666666297e-01
7.135416666666666297e-01
7.135416666666666297e-01
7.135416666666666297e-01
7.135416666666666297e-01
7.135416666666666297e-01
7.135416666666666297e-01
7.135416666666666297e-01
7.135416666666666297e-01
7.135416666666666297e-01
7.135416666666666297e-01
7.135416666666666297e-01
7.135416666666666297e-01
7.135416666666666297e-01
7.135416666666666297e-01
7.135416666666666297e-01
7.135416666666666297e-01
7.135416666666666297e-01
7.135416666666666297e-01
7.135416666666666297e-01
7.135416666666666297e-01
7.135416666666666297e-01
7.135416666666666297e-01
7.135416666666666297e-01
7.135416666666666297e-01
7.135416666666666297e-01
7.135416666666666297e-01
7.135416666666666297e-01
7.135416666666666297e-01
7.135416666666666297e-01
7.135416666666666297e-01
7.135416666666666297e-01
7.135416666666666297e-01
7.135416666666666297e-01
7.135416666666666297e-01
7.135416666666666297e-01
7.135416666666666297e-01
7.135416666666666297e-01
7.152777777777777901e-01
7.152777777777777901e-01
7.152777777777777901e-01
7.152777777777777901e-01
7.152777777777777901e-01
7.152777777777777901e-01
7.152777777777777901e-01
7.152777777777777901e-01
7.152777777777777901e-01
7.152777777777777901e-01
7.152777777777777901e-01
7.152777777777777901e-01
7.152777777777777901e-01
7.152777777777777901e-01
7.152777777777777901e-01
7.152777777777777901e-01
7.152777777777777901e-01
7.152777777777777901e-01
7.152777777777777901e-01
7.152777777777777901e-01
7.152777777777777901e-01
7.152777777777777901e-01
7.152777777777777901e-01
7.152777777777777901e-01
7.152777777777777901e-01
7.152777777777777901e-01
7.152777777777777901e-01
7.152777777777777901e-01
7.152777777777777901e-01
7.152777777777777901e-01
7.152777777777777901e-01
7.152777777777777901e-01
7.152777777777777901e-01
7.152777777777777901e-01
7.152777777777777901e-01
7.152777777777777901e-01
7.152777777777777901e-01
7.152777777777777901e-01
7.152777777777777901e-01
7.152777777777777901e-01
7.152777777777777901e-01
7.152777777777777901e-01
7.152777777777777901e-01
7.152777777777777901e-01
7.152777777777777901e-01
7.152777777777777901e-01
7.152777777777777901e-01
7.152777777777777901e-01
7.152777777777777901e-01
7.152777777777777901e-01
7.152777777777777901e-01
7.152777777777777901e-01
7.152777777777777901e-01
7.152777777777777901e-01
7.152777777777777901e-01
7.152777777777777901e-01
7.152777777777777901e-01
7.152777777777777901e-01
7.152777777777777901e-01
7.152777777777777901e-01
7.152777777777777901e-01
7.152777777777777901e-01
7.152777777777777901e-01
7.152777777777777901e-01
7.152777777777777901e-01
7.152777777777777901e-01
7.152777777777777901e-01
7.152777777777777901e-01
7.152777777777777901e-01
7.152777777777777901e-01
7.152777777777777901e-01
7.152777777777777901e-01
7.152777777777777901e-01
7.152777777777777901e-01
7.152777777777777901e-01
7.152777777777777901e-01
7.152777777777777901e-01
7.152777777777777901e-01
7.152777777777777901e-01
7.152777777777777901e-01
7.152777777777777901e-01
7.152777777777777901e-01
7.152777777777777901e-01
7.152777777777777901e-01
7.152777777777777901e-01
7.152777777777777901e-01
7.152777777777777901e-01
7.152777777777777901e-01
7.152777777777777901e-01
7.152777777777777901e-01
7.152777777777777901e-01
7.152777777777777901e-01
7.152777777777777901e-01
7.152777777777777901e-01
7.152777777777777901e-01
7.152777777777777901e-01
7.152777777777777901e-01
7.152777777777777901e-01
7.152777777777777901e-01
7.152777777777777901e-01
7.152777777777777901e-01
7.152777777777777901e-01
7.152777777777777901e-01
7.152777777777777901e-01
7.152777777777777901e-01
7.152777777777777901e-01
7.152777777777777901e-01
7.152777777777777901e-01
7.152777777777777901e-01
7.152777777777777901e-01
7.152777777777777901e-01
7.152777777777777901e-01
7.152777777777777901e-01
7.152777777777777901e-01
7.152777777777777901e-01
7.152777777777777901e-01
7.152777777777777901e-01
7.152777777777777901e-01
7.152777777777777901e-01
7.152777777777777901e-01
7.152777777777777901e-01
7.152777777777777901e-01
7.152777777777777901e-01
7.152777777777777901e-01
7.152777777777777901e-01
7.152777777777777901e-01
7.152777777777777901e-01
7.152777777777777901e-01
7.152777777777777901e-01
7.152777777777777901e-01
7.152777777777777901e-01
7.152777777777777901e-01
7.152777777777777901e-01
7.152777777777777901e-01
7.152777777777777901e-01
7.152777777777777901e-01
7.152777777777777901e-01
7.152777777777777901e-01
7.152777777777777901e-01
7.152777777777777901e-01
7.152777777777777901e-01
7.152777777777777901e-01
7.152777777777777901e-01
7.152777777777777901e-01
7.152777777777777901e-01
7.152777777777777901e-01
7.152777777777777901e-01
7.152777777777777901e-01
7.152777777777777901e-01
7.152777777777777901e-01
7.152777777777777901e-01
7.152777777777777901e-01
7.152777777777777901e-01
7.152777777777777901e-01
7.152777777777777901e-01
7.152777777777777901e-01
7.152777777777777901e-01
7.152777777777777901e-01
7.152777777777777901e-01
7.152777777777777901e-01
7.152777777777777901e-01
7.152777777777777901e-01
7.152777777777777901e-01
7.152777777777777901e-01
7.152777777777777901e-01
7.152777777777777901e-01
7.152777777777777901e-01
7.152777777777777901e-01
7.152777777777777901e-01
7.152777777777777901e-01
7.152777777777777901e-01
7.152777777777777901e-01
7.152777777777777901e-01
7.152777777777777901e-01
7.152777777777777901e-01
7.152777777777777901e-01
7.152777777777777901e-01
7.152777777777777901e-01
7.152777777777777901e-01
7.152777777777777901e-01
7.152777777777777901e-01
7.152777777777777901e-01
7.152777777777777901e-01
7.152777777777777901e-01
7.152777777777777901e-01
7.152777777777777901e-01
7.152777777777777901e-01
7.152777777777777901e-01
7.152777777777777901e-01
7.152777777777777901e-01
7.152777777777777901e-01
7.152777777777777901e-01
7.152777777777777901e-01
7.152777777777777901e-01
7.152777777777777901e-01
7.152777777777777901e-01
7.152777777777777901e-01
7.152777777777777901e-01
7.152777777777777901e-01
7.152777777777777901e-01
7.152777777777777901e-01
7.152777777777777901e-01
7.152777777777777901e-01
7.152777777777777901e-01
7.152777777777777901e-01
7.152777777777777901e-01
7.152777777777777901e-01
7.152777777777777901e-01
7.152777777777777901e-01
7.152777777777777901e-01
7.152777777777777901e-01
7.152777777777777901e-01
7.152777777777777901e-01
7.152777777777777901e-01
7.152777777777777901e-01
7.152777777777777901e-01
7.152777777777777901e-01
7.152777777777777901e-01
7.152777777777777901e-01
7.152777777777777901e-01
7.152777777777777901e-01
7.152777777777777901e-01
7.152777777777777901e-01
7.152777777777777901e-01
7.152777777777777901e-01
7.152777777777777901e-01
7.152777777777777901e-01
7.152777777777777901e-01
7.152777777777777901e-01
7.152777777777777901e-01
7.152777777777777901e-01
7.152777777777777901e-01
7.152777777777777901e-01
7.152777777777777901e-01
7.152777777777777901e-01
7.152777777777777901e-01
7.152777777777777901e-01
7.152777777777777901e-01
7.152777777777777901e-01
7.152777777777777901e-01
7.152777777777777901e-01
7.152777777777777901e-01
7.152777777777777901e-01
7.152777777777777901e-01
7.152777777777777901e-01
7.152777777777777901e-01
7.152777777777777901e-01
7.152777777777777901e-01
7.170138888888888395e-01
7.170138888888888395e-01
7.170138888888888395e-01
7.170138888888888395e-01
7.170138888888888395e-01
7.170138888888888395e-01
7.170138888888888395e-01
7.170138888888888395e-01
7.170138888888888395e-01
7.170138888888888395e-01
7.170138888888888395e-01
7.170138888888888395e-01
7.170138888888888395e-01
7.170138888888888395e-01
7.170138888888888395e-01
7.170138888888888395e-01
7.170138888888888395e-01
7.170138888888888395e-01
7.170138888888888395e-01
7.170138888888888395e-01
7.170138888888888395e-01
7.170138888888888395e-01
7.170138888888888395e-01
7.170138888888888395e-01
7.170138888888888395e-01
7.170138888888888395e-01
7.170138888888888395e-01
7.170138888888888395e-01
7.170138888888888395e-01
7.170138888888888395e-01
7.170138888888888395e-01
7.170138888888888395e-01
7.170138888888888395e-01
7.170138888888888395e-01
7.170138888888888395e-01
7.170138888888888395e-01
7.170138888888888395e-01
7.170138888888888395e-01
7.170138888888888395e-01
7.170138888888888395e-01
7.170138888888888395e-01
7.170138888888888395e-01
7.170138888888888395e-01
7.170138888888888395e-01
7.170138888888888395e-01
7.170138888888888395e-01
7.170138888888888395e-01
7.170138888888888395e-01
7.170138888888888395e-01
7.170138888888888395e-01
7.170138888888888395e-01
7.170138888888888395e-01
7.170138888888888395e-01
7.170138888888888395e-01
7.170138888888888395e-01
7.170138888888888395e-01
7.170138888888888395e-01
7.170138888888888395e-01
7.170138888888888395e-01
7.170138888888888395e-01
7.170138888888888395e-01
7.170138888888888395e-01
7.170138888888888395e-01
7.170138888888888395e-01
7.170138888888888395e-01
7.187500000000000000e-01
7.187500000000000000e-01
7.187500000000000000e-01
7.187500000000000000e-01
7.187500000000000000e-01
7.187500000000000000e-01
7.187500000000000000e-01
7.187500000000000000e-01
7.187500000000000000e-01
7.187500000000000000e-01
7.187500000000000000e-01
7.187500000000000000e-01
7.187500000000000000e-01
7.187500000000000000e-01
7.187500000000000000e-01
7.187500000000000000e-01
7.187500000000000000e-01
7.187500000000000000e-01
7.187500000000000000e-01
7.187500000000000000e-01
7.187500000000000000e-01
7.187500000000000000e-01
7.187500000000000000e-01
7.187500000000000000e-01
7.187500000000000000e-01
7.187500000000000000e-01
7.187500000000000000e-01
7.187500000000000000e-01
7.187500000000000000e-01
7.187500000000000000e-01
7.187500000000000000e-01
7.187500000000000000e-01
7.187500000000000000e-01
7.187500000000000000e-01
7.187500000000000000e-01
7.187500000000000000e-01
7.187500000000000000e-01
7.187500000000000000e-01
7.187500000000000000e-01
7.187500000000000000e-01
7.187500000000000000e-01
7.187500000000000000e-01
7.187500000000000000e-01
7.187500000000000000e-01
7.187500000000000000e-01
7.187500000000000000e-01
7.187500000000000000e-01
7.204861111111111605e-01
7.204861111111111605e-01
7.204861111111111605e-01
7.204861111111111605e-01
7.204861111111111605e-01
7.204861111111111605e-01
7.204861111111111605e-01
7.204861111111111605e-01
7.204861111111111605e-01
7.204861111111111605e-01
7.204861111111111605e-01
7.204861111111111605e-01
7.204861111111111605e-01
7.204861111111111605e-01
7.204861111111111605e-01
7.204861111111111605e-01
7.204861111111111605e-01
7.204861111111111605e-01
7.204861111111111605e-01
7.204861111111111605e-01
7.204861111111111605e-01
7.204861111111111605e-01
7.204861111111111605e-01
7.204861111111111605e-01
7.204861111111111605e-01
7.204861111111111605e-01
7.204861111111111605e-01
7.204861111111111605e-01
7.204861111111111605e-01
7.204861111111111605e-01
7.204861111111111605e-01
7.204861111111111605e-01
7.222222222222222099e-01
7.239583333333333703e-01
7.256944444444444198e-01
1.000000000000000000e+00
