0.000000000000000000e+00
7.070562719615326730e-02
7.081911262798634699e-02
7.094941071638730112e-02
7.103347399922661787e-02
7.108811513307217167e-02
7.115116259520166964e-02
7.121000689318919552e-02
7.126885119117672140e-02
7.130247650431244255e-02
7.133610181744817758e-02
7.138233662300980109e-02
7.140755560786159195e-02
7.143277459271339669e-02
7.147060306999108992e-02
7.150843154726878315e-02
7.152944736797861580e-02
7.155466635283040666e-02
7.157568217354023932e-02
7.160930748667597434e-02
7.163452647152776520e-02
7.165974545637955606e-02
7.168076127708938872e-02
7.171438659022512374e-02
7.173540241093495640e-02
7.175221506750281697e-02
7.177323088821264963e-02
7.179844987306444049e-02
7.181526252963230106e-02
7.183627835034213371e-02
7.186990366347786874e-02
7.189932581247163168e-02
7.192034163318146434e-02
7.194135745389128311e-02
7.198338909531094842e-02
7.200440491602078108e-02
7.202542073673061374e-02
7.204643655744044639e-02
7.207165554229223725e-02
7.208846819886009782e-02
7.210528085542797228e-02
7.212209351199583285e-02
7.214310933270566550e-02
7.215992198927352608e-02
7.217673464584138665e-02
7.219354730240924722e-02
7.221876628726105196e-02
7.223978210797088462e-02
7.225659476453874519e-02
7.227340742110660576e-02
7.230282957010036871e-02
7.232384539081020136e-02
7.234486121152003402e-02
7.236587703222986667e-02
7.238268968879772725e-02
7.239950234536558782e-02
7.242051816607542047e-02
7.244153398678525313e-02
7.246254980749508579e-02
7.248356562820491844e-02
7.250037828477277901e-02
7.252139410548261167e-02
7.253820676205047224e-02
7.255501941861833282e-02
7.257603523932816547e-02
7.259705106003799813e-02
7.261386371660585870e-02
7.263067637317371927e-02
7.264748902974159372e-02
7.266850485045142638e-02
7.268111434287731487e-02
7.269792699944517544e-02
7.271473965601304990e-02
7.273995864086484076e-02
7.276097446157467341e-02
7.277778711814253398e-02
7.279880293885236664e-02
7.281561559542022721e-02
7.283663141613005987e-02
7.285344407269792044e-02
7.287445989340775310e-02
7.289127254997562755e-02
7.290808520654348812e-02
7.292489786311134869e-02
7.294591368382118135e-02
7.296272634038904192e-02
7.297953899695690250e-02
7.299635165352477695e-02
7.301736747423460960e-02
7.303418013080247018e-02
7.305099278737033075e-02
7.308461810050606577e-02
7.310563392121588455e-02
7.312244657778375900e-02
7.314346239849359166e-02
7.316027505506145223e-02
7.318129087577128489e-02
7.319810353233914546e-02
7.321911935304897812e-02
7.323593200961683869e-02
7.326115099446862955e-02
7.328216681517846220e-02
7.329897947174633666e-02
7.331999529245615543e-02
7.334521427730796017e-02
7.336202693387582074e-02
7.337883959044368132e-02
7.339985541115351397e-02
7.341666806772137455e-02
7.343348072428924900e-02
7.345029338085710957e-02
7.347130920156694223e-02
7.348812185813480280e-02
7.350493451470266337e-02
7.352174717127053782e-02
7.354276299198035660e-02
7.355957564854823105e-02
7.357638830511609163e-02
7.361001361825182665e-02
7.363523260310361751e-02
7.367306108038131074e-02
7.368987373694917131e-02
7.370668639351704576e-02
7.373190537836883662e-02
7.376553069150455777e-02
7.378234334807243222e-02
7.380756233292422308e-02
7.382437498949208365e-02
7.384118764605995811e-02
7.386220346676979076e-02
7.388321928747960954e-02
7.390423510818944219e-02
7.392104776475730277e-02
7.393786042132517722e-02
7.396307940617696808e-02
7.397989206274482865e-02
7.399670471931270310e-02
7.401351737588056368e-02
7.403453319659039633e-02
7.405134585315825690e-02
7.406395534558415927e-02
7.408076800215201985e-02
7.410178382286185250e-02
7.411859647942971308e-02
7.413540913599757365e-02
7.415222179256544810e-02
7.417323761327526688e-02
7.419005026984314133e-02
7.420686292641100190e-02
7.422367558297886247e-02
7.424469140368869513e-02
7.426150406025655570e-02
7.427831671682443015e-02
7.429933253753424893e-02
7.431614519410212338e-02
7.433295785066998396e-02
7.434977050723784453e-02
7.437078632794767719e-02
7.439180214865750984e-02
7.440861480522537041e-02
7.442542746179324487e-02
7.444644328250306364e-02
7.446325593907093809e-02
7.448006859563879867e-02
7.449688125220665924e-02
7.451789707291649190e-02
7.453470972948435247e-02
7.455152238605222692e-02
7.456833504262008749e-02
7.460616351989778072e-02
7.462297617646564130e-02
7.464399199717547395e-02
7.466080465374333452e-02
7.468182047445316718e-02
7.469863313102102775e-02
7.471544578758890220e-02
7.473646160829872098e-02
7.475327426486659543e-02
7.477008692143445601e-02
7.478689957800231658e-02
7.480791539871214924e-02
7.482472805528000981e-02
7.484154071184788426e-02
7.485835336841574483e-02
7.487936918912557749e-02
7.489618184569343806e-02
7.491299450226129863e-02
7.492980715882917309e-02
7.495082297953899186e-02
7.496763563610686631e-02
7.498444829267472689e-02
7.500126094924258746e-02
7.502227676995242012e-02
7.503908942652028069e-02
7.506010524723011335e-02
7.507691790379797392e-02
7.509793372450780657e-02
7.511474638107566715e-02
7.513155903764354160e-02
7.514837169421140217e-02
7.516938751492123483e-02
7.518620017148909540e-02
7.521141915634090014e-02
7.523243497705071892e-02
7.524924763361859337e-02
7.527446661847038423e-02
7.529127927503824480e-02
7.531229509574807746e-02
7.532910775231593803e-02
7.534592040888381248e-02
7.536273306545167305e-02
7.538374888616150571e-02
7.540056154272936628e-02
7.541737419929722686e-02
7.543418685586510131e-02
7.545520267657492008e-02
7.547201533314279454e-02
7.548882798971065511e-02
7.550143748213655748e-02
7.552665646698834834e-02
7.554346912355620891e-02
7.556028178012408336e-02
7.557709443669194394e-02
7.559811025740177659e-02
7.561492291396963716e-02
7.565275139124733039e-02
7.567376721195716305e-02
7.569057986852502362e-02
7.570739252509288419e-02
7.573681467408664714e-02
7.576203365893845187e-02
7.577884631550631245e-02
7.579565897207417302e-02
7.581247162864204747e-02
7.583769061349383833e-02
7.585450327006169891e-02
7.587131592662957336e-02
7.588812858319743393e-02
7.590914440390726659e-02
7.592595706047512716e-02
7.594276971704298773e-02
7.595958237361084830e-02
7.598059819432068096e-02
7.599741085088855541e-02
7.601422350745641598e-02
7.603103616402427656e-02
7.605205198473410921e-02
7.606886464130196979e-02
7.608567729786983036e-02
7.610248995443770481e-02
7.612350577514753747e-02
7.614031843171539804e-02
7.615713108828325861e-02
7.617394374485111919e-02
7.619075640141899364e-02
7.620756905798685421e-02
7.622438171455471478e-02
7.624539753526454744e-02
7.626221019183240801e-02
7.627902284840028246e-02
7.629583550496814304e-02
7.631685132567797569e-02
7.633366398224583627e-02
7.635047663881369684e-02
7.637569562366550158e-02
7.639671144437532035e-02
7.641352410094319481e-02
7.643033675751105538e-02
7.644714941407891595e-02
7.646816523478874861e-02
7.648497789135660918e-02
7.650179054792448363e-02
7.651860320449234421e-02
7.653961902520217686e-02
7.655643168177003743e-02
7.657324433833789801e-02
7.659426015904773066e-02
7.661107281561559124e-02
7.662788547218346569e-02
7.664469812875132626e-02
7.666571394946115892e-02
7.668252660602901949e-02
7.669933926259688006e-02
7.671615191916474064e-02
7.673716773987457329e-02
7.675398039644244774e-02
7.677079305301030832e-02
7.678760570957816889e-02
7.680862153028800154e-02
7.682543418685586212e-02
7.684224684342372269e-02
7.685905949999159714e-02
7.688007532070142980e-02
7.689688797726929037e-02
7.691370063383715094e-02
7.693051329040501152e-02
7.695152911111484417e-02
7.696834176768270475e-02
7.698515442425057920e-02
7.700617024496041185e-02
7.702298290152827243e-02
7.703979555809613300e-02
7.705660821466399357e-02
7.707762403537382623e-02
7.709443669194168680e-02
7.711124934850956125e-02
7.712806200507742183e-02
7.714907782578725448e-02
7.716589048235511505e-02
7.718270313892297563e-02
7.719951579549085008e-02
7.722053161620068273e-02
7.723314110862657123e-02
7.724995376519443180e-02
7.726676642176230625e-02
7.728778224247213890e-02
7.730459489903999948e-02
7.732140755560786005e-02
7.733822021217572062e-02
7.735923603288555328e-02
7.737604868945341385e-02
7.739286134602128830e-02
7.740967400258914888e-02
7.743068982329898153e-02
7.744750247986684211e-02
7.746431513643470268e-02
7.748533095714453534e-02
7.750214361371239591e-02
7.751895627028027036e-02
7.753576892684813093e-02
7.755678474755796359e-02
7.757359740412582416e-02
7.759041006069368474e-02
7.760722271726155919e-02
7.762823853797137796e-02
7.764505119453925241e-02
7.766186385110711299e-02
7.767867650767497356e-02
7.769969232838480622e-02
7.771650498495266679e-02
7.773331764152054124e-02
7.775013029808840181e-02
7.777114611879823447e-02
7.778795877536609504e-02
7.780477143193395562e-02
7.782158408850183007e-02
7.784259990921164885e-02
7.785941256577952330e-02
7.787622522234738387e-02
7.789303787891524444e-02
7.791405369962507710e-02
7.793086635619293767e-02
7.794767901276081212e-02
7.796869483347063090e-02
7.798550749003850535e-02
7.800232014660636592e-02
7.801913280317422650e-02
7.804014862388405915e-02
7.805696128045191973e-02
7.807377393701979418e-02
7.809058659358765475e-02
7.811160241429748741e-02
7.812841507086534798e-02
7.814522772743320855e-02
7.816204038400106913e-02
7.818305620471090178e-02
7.819986886127877623e-02
7.821668151784663681e-02
7.823349417441449738e-02
7.825450999512433004e-02
7.827132265169219061e-02
7.828813530826006506e-02
7.830494796482792563e-02
7.832596378553775829e-02
7.834277644210561886e-02
7.835958909867347943e-02
7.838060491938331209e-02
7.839741757595117266e-02
7.841423023251904711e-02
7.843104288908690769e-02
7.845205870979674034e-02
7.846887136636460092e-02
7.848568402293246149e-02
7.850249667950032206e-02
7.852351250021015472e-02
7.854032515677802917e-02
7.855713781334588974e-02
7.857395046991375032e-02
7.859496629062358297e-02
7.861177894719144355e-02
7.862859160375930412e-02
7.864540426032717857e-02
7.866642008103701122e-02
7.868323273760487180e-02
7.870004539417273237e-02
7.871685805074059294e-02
7.873787387145042560e-02
7.875468652801828617e-02
7.877149918458616062e-02
7.878831184115402120e-02
7.880932766186385385e-02
7.883454664671564471e-02
7.885135930328350529e-02
7.887237512399333794e-02
7.888918778056121239e-02
7.890600043712907297e-02
7.892701625783890562e-02
7.894803207854873828e-02
7.896484473511659885e-02
7.898165739168445942e-02
7.899847004825232000e-02
7.901948586896215265e-02
7.903629852553001323e-02
7.905311118209788768e-02
7.906992383866574825e-02
7.909093965937558091e-02
7.910775231594344148e-02
7.912456497251130205e-02
7.914137762907917650e-02
7.916239344978899528e-02
7.917920610635686973e-02
7.919601876292473031e-02
7.921283141949259088e-02
7.923384724020242353e-02
7.925065989677028411e-02
7.926747255333815856e-02
7.928848837404797734e-02
7.930530103061585179e-02
7.932211368718371236e-02
7.933892634375157293e-02
7.935994216446140559e-02
7.937675482102926616e-02
7.939356747759714061e-02
7.941038013416500119e-02
7.943139595487483384e-02
7.944820861144269442e-02
7.946502126801055499e-02
7.948183392457842944e-02
7.950284974528824822e-02
7.951966240185612267e-02
7.953647505842398324e-02
7.955328771499184382e-02
7.957430353570167647e-02
7.959111619226953704e-02
7.960792884883741150e-02
7.962474150540527207e-02
7.964575732611510472e-02
7.966256998268296530e-02
7.967938263925082587e-02
7.969619529581868644e-02
7.971721111652851910e-02
7.973402377309639355e-02
7.975083642966425412e-02
7.977185225037408678e-02
7.979286807108390556e-02
7.980968072765178001e-02
7.982649338421964058e-02
7.984750920492947324e-02
7.986432186149733381e-02
7.988113451806519438e-02
7.989794717463306883e-02
7.991896299534288761e-02
7.993577565191076206e-02
7.995258830847862264e-02
7.996940096504648321e-02
7.999041678575631587e-02
8.000722944232417644e-02
8.002404209889205089e-02
8.004085475545991146e-02
8.006187057616974412e-02
8.008288639687957677e-02
8.009969905344743735e-02
8.011651171001529792e-02
8.013752753072513058e-02
8.015434018729299115e-02
8.017115284386085172e-02
8.019216866457068438e-02
8.020898132113855883e-02
8.022579397770641940e-02
8.024260663427427998e-02
8.026362245498411263e-02
8.028043511155197320e-02
8.029724776811983378e-02
8.031406042468770823e-02
8.033507624539754088e-02
8.035188890196540146e-02
8.036870155853326203e-02
8.038551421510112260e-02
8.040653003581095526e-02
8.042334269237882971e-02
8.044015534894669028e-02
8.046117116965652294e-02
8.048639015450831380e-02
8.050320281107617437e-02
8.052001546764404882e-02
8.053682812421190940e-02
8.055784394492174205e-02
8.057465660148960263e-02
8.060828191462532377e-02
8.062509457119319822e-02
8.064611039190303088e-02
8.067132937675482174e-02
8.068814203332268231e-02
8.070915785403251497e-02
8.072597051060037554e-02
8.074278316716824999e-02
8.075959582373611056e-02
8.080583062929773408e-02
8.082264328586559465e-02
8.083945594243346910e-02
8.085626859900132968e-02
8.087728441971116233e-02
8.089409707627902291e-02
8.091090973284688348e-02
8.092772238941475793e-02
8.094873821012457671e-02
8.096555086669245116e-02
8.098236352326031173e-02
8.099917617982817231e-02
8.102019200053800496e-02
8.103700465710586553e-02
8.105381731367373999e-02
8.107062997024160056e-02
8.109164579095143321e-02
8.110845844751929379e-02
8.112527110408715436e-02
8.114628692479698702e-02
8.116309958136484759e-02
8.117991223793272204e-02
8.119672489450058261e-02
8.121774071521041527e-02
8.123875653592023405e-02
8.125556919248810850e-02
8.127238184905596907e-02
8.129339766976580173e-02
8.131021032633366230e-02
8.132702298290152287e-02
8.134383563946939733e-02
8.136485146017921610e-02
8.138166411674709055e-02
8.139847677331495113e-02
8.141528942988281170e-02
8.143630525059264436e-02
8.145311790716050493e-02
8.146993056372837938e-02
8.148674322029623995e-02
8.150775904100607261e-02
8.152457169757393318e-02
8.154138435414179376e-02
8.155819701070966821e-02
8.157921283141948698e-02
8.159602548798736144e-02
8.161283814455522201e-02
8.163385396526505466e-02
8.165066662183291524e-02
8.166747927840077581e-02
8.168429193496865026e-02
8.170530775567846904e-02
8.172212041224634349e-02
8.173893306881420406e-02
8.175574572538206464e-02
8.177676154609189729e-02
8.179357420265975787e-02
8.181038685922763232e-02
8.182719951579549289e-02
8.184821533650532555e-02
8.186502799307318612e-02
8.188184064964104669e-02
8.189865330620890727e-02
8.191966912691873992e-02
8.193648178348661437e-02
8.195329444005447495e-02
8.197010709662233552e-02
8.199112291733216817e-02
8.200373240975807054e-02
8.202054506632593112e-02
8.204156088703576377e-02
8.205837354360362434e-02
8.207938936431345700e-02
8.209620202088131757e-02
8.211721784159115023e-02
8.213403049815901080e-02
8.215084315472688525e-02
8.216765581129474583e-02
8.218867163200457848e-02
8.220548428857243906e-02
8.222229694514029963e-02
8.223910960170816020e-02
8.226012542241799286e-02
8.227693807898586731e-02
8.229375073555372788e-02
8.231056339212158846e-02
8.233157921283142111e-02
8.234418870525732348e-02
8.236100136182518405e-02
8.237781401839304463e-02
8.239882983910287728e-02
8.241564249567073785e-02
8.243245515223859843e-02
8.244926780880647288e-02
8.247028362951630553e-02
8.248709628608416611e-02
8.250390894265202668e-02
8.252492476336185934e-02
8.254173741992971991e-02
8.255855007649758048e-02
8.257536273306545493e-02
8.259637855377528759e-02
8.261319121034314816e-02
8.263000386691100874e-02
8.264681652347886931e-02
8.266783234418870197e-02
8.268464500075657642e-02
8.270145765732443699e-02
8.271827031389229756e-02
8.273928613460213022e-02
8.275609879116999079e-02
8.277711461187982345e-02
8.279392726844768402e-02
8.281494308915751668e-02
8.283175574572537725e-02
8.284856840229325170e-02
8.286538105886111227e-02
8.288639687957094493e-02
8.290320953613880550e-02
8.292002219270666608e-02
8.294103801341649873e-02
8.295785066998435930e-02
8.297466332655223376e-02
8.299147598312009433e-02
8.301249180382992698e-02
8.302930446039778756e-02
8.304611711696564813e-02
8.306292977353352258e-02
8.308394559424334136e-02
8.310075825081121581e-02
8.311757090737907638e-02
8.313438356394693696e-02
8.315539938465676961e-02
8.317221204122463019e-02
8.318902469779250464e-02
8.320583735436036521e-02
8.322685317507019787e-02
8.324366583163805844e-02
8.326047848820591901e-02
8.327729114477377959e-02
8.329830696548361224e-02
8.331932278619344490e-02
8.333613544276130547e-02
8.335294809932917992e-02
8.337396392003899870e-02
8.339077657660687315e-02
8.340758923317473372e-02
8.342860505388456638e-02
8.344541771045242695e-02
8.346223036702028752e-02
8.347904302358816198e-02
8.350005884429798075e-02
8.351687150086585520e-02
8.353368415743371578e-02
8.355049681400157635e-02
8.357151263471140901e-02
8.358832529127926958e-02
8.360513794784714403e-02
8.362195060441500460e-02
8.364296642512483726e-02
8.365977908169269783e-02
8.367659173826055841e-02
8.369340439482843286e-02
8.371442021553825164e-02
8.373123287210612609e-02
8.375224869281595874e-02
8.376906134938381931e-02
8.379007717009365197e-02
8.380688982666151254e-02
8.382370248322937312e-02
8.384471830393920577e-02
8.386153096050706635e-02
8.387834361707494080e-02
8.389515627364280137e-02
8.391617209435263403e-02
8.393298475092049460e-02
8.394979740748835517e-02
8.396661006405621575e-02
8.398762588476604840e-02
8.400443854133392285e-02
8.402125119790178343e-02
8.403806385446964400e-02
8.405907967517947665e-02
8.407589233174733723e-02
8.409270498831519780e-02
8.410951764488307225e-02
8.413053346559290491e-02
8.414734612216076548e-02
8.416415877872862605e-02
8.418097143529648663e-02
8.420198725600631928e-02
8.421879991257417986e-02
8.423561256914205431e-02
8.425242522570991488e-02
8.427344104641974754e-02
8.429025370298760811e-02
8.430706635955546868e-02
8.432808218026530134e-02
8.434489483683316191e-02
8.436170749340103636e-02
8.437852014996889694e-02
8.439953597067872959e-02
8.441634862724659016e-02
8.443736444795642282e-02
8.445417710452428339e-02
8.447519292523411605e-02
8.449200558180197662e-02
8.450881823836985107e-02
8.452563089493771165e-02
8.455084987978950251e-02
8.456766253635736308e-02
8.458447519292523753e-02
8.460128784949309810e-02
8.462230367020293076e-02
8.463911632677079133e-02
8.465592898333865191e-02
8.467274163990652636e-02
8.469375746061634513e-02
8.471057011718421959e-02
8.472738277375208016e-02
8.475260175860387102e-02
8.476941441517174547e-02
8.478622707173960604e-02
8.480303972830746662e-02
8.482405554901729927e-02
8.484086820558515984e-02
8.485768086215303430e-02
8.487449351872089487e-02
8.489971250357268573e-02
8.491652516014056018e-02
8.493333781670842075e-02
8.495015047327628133e-02
8.497116629398611398e-02
8.498797895055397456e-02
8.500479160712183513e-02
8.502160426368970958e-02
8.504262008439954224e-02
8.505943274096740281e-02
8.507624539753526338e-02
8.509305805410312395e-02
8.511407387481295661e-02
8.513088653138081718e-02
8.514769918794869163e-02
8.516451184451655221e-02
8.518552766522638486e-02
8.520234032179424544e-02
8.521915297836210601e-02
8.524016879907193867e-02
8.525698145563979924e-02
8.527379411220767369e-02
8.529060676877553426e-02
8.531162258948536692e-02
8.533263841019519957e-02
8.534945106676306015e-02
8.536626372333092072e-02
8.538727954404075338e-02
8.540409220060861395e-02
8.542090485717648840e-02
8.543771751374434897e-02
8.545873333445418163e-02
8.547554599102204220e-02
8.549656181173187486e-02
8.551337446829973543e-02
8.553439028900956809e-02
8.555540610971940074e-02
8.557221876628726132e-02
8.558903142285512189e-02
8.561004724356495454e-02
8.562685990013281512e-02
8.564367255670068957e-02
8.566468837741050835e-02
8.568150103397838280e-02
8.569831369054624337e-02
8.571512634711410394e-02
8.574034533196590868e-02
8.575715798853376926e-02
8.577397064510162983e-02
8.579498646581146248e-02
8.581600228652129514e-02
8.583281494308915571e-02
8.585383076379898837e-02
8.587064342036684894e-02
8.589165924107668160e-02
8.590847189764454217e-02
8.592528455421241662e-02
8.594209721078027719e-02
8.596311303149010985e-02
8.597992568805797042e-02
8.600514467290976128e-02
8.602195732947763573e-02
8.604297315018745451e-02
8.605978580675532896e-02
8.607659846332318954e-02
8.609341111989105011e-02
8.611442694060088276e-02
8.613123959716874334e-02
8.614805225373661779e-02
8.616906807444643657e-02
8.618588073101431102e-02
8.620689655172414367e-02
8.622791237243396245e-02
8.624892819314379511e-02
8.626994401385362776e-02
8.628675667042148834e-02
8.630356932698936279e-02
8.632878831184115365e-02
8.634560096840901422e-02
8.636241362497688867e-02
8.637922628154474924e-02
8.640024210225458190e-02
8.642125792296440068e-02
8.643807057953227513e-02
8.645488323610013570e-02
8.647589905680996836e-02
8.649271171337782893e-02
8.650952436994568950e-02
8.652633702651356395e-02
8.654735284722339661e-02
8.656416550379125718e-02
8.658097816035911776e-02
8.660199398106895041e-02
8.661880663763681099e-02
8.663561929420467156e-02
8.665663511491450421e-02
8.667765093562433687e-02
8.669446359219219744e-02
8.671127624876007189e-02
8.672808890532793247e-02
8.674910472603776512e-02
8.677012054674759778e-02
8.678693320331545835e-02
8.680374585988331892e-02
8.682476168059315158e-02
8.684577750130298424e-02
8.686259015787084481e-02
8.687940281443870538e-02
8.690462179929051012e-02
8.692143445585837069e-02
8.693824711242623127e-02
8.695505976899409184e-02
8.697607558970392450e-02
8.699288824627179895e-02
8.700970090283965952e-02
8.702651355940752009e-02
8.705593570840128304e-02
8.707695152911111569e-02
8.709796734982094835e-02
8.711898317053078100e-02
8.713579582709864157e-02
8.715681164780847423e-02
8.717362430437633480e-02
8.719464012508616746e-02
8.721985910993795832e-02
8.723667176650581889e-02
8.725348442307369334e-02
8.727870340792548420e-02
8.730812555691924715e-02
8.732914137762907980e-02
8.734595403419694037e-02
8.737117301904874511e-02
8.739639200390053597e-02
8.741320466046839655e-02
8.743001731703627100e-02
8.746364263017199214e-02
8.748045528673985272e-02
8.749726794330772717e-02
8.751408059987558774e-02
8.753929958472737860e-02
8.756031540543721126e-02
8.757712806200507183e-02
8.760234704685687657e-02
8.761915970342473714e-02
8.764437868827652800e-02
8.766539450898636066e-02
8.768641032969619331e-02
8.770322298626405388e-02
8.772003564283192834e-02
8.774945779182569128e-02
8.777887994081945422e-02
8.779569259738731479e-02
8.781250525395517537e-02
8.783352107466500802e-02
8.786294322365877096e-02
8.789656853679449211e-02
8.791758435750432477e-02
8.793860017821415742e-02
8.795961599892399008e-02
8.797642865549185065e-02
8.800164764034365539e-02
8.801846029691151596e-02
8.805208561004723711e-02
8.807310143075706976e-02
8.809411725146690242e-02
8.811513307217673507e-02
8.813614889288656773e-02
8.815716471359640038e-02
8.817397737016426096e-02
8.820760268329998210e-02
8.822441533986785656e-02
8.824122799643571713e-02
8.826224381714554978e-02
8.829166596613931273e-02
8.832108811513307567e-02
8.835471342826879682e-02
8.839254190554649004e-02
8.843457354696615536e-02
8.845138620353401593e-02
8.848080835252777887e-02
8.851443366566351389e-02
8.854805897879923504e-02
8.858168429193497007e-02
8.861951276921266329e-02
8.864473175406445415e-02
8.867415390305821710e-02
8.870357605205198004e-02
8.872459187276181269e-02
8.874560769347164535e-02
8.877923300660738037e-02
8.880445199145917123e-02
8.883387414045293418e-02
8.886749945358865532e-02
8.889271843844046006e-02
8.892214058743422300e-02
8.895156273642798594e-02
8.898098488542174889e-02
8.901040703441551183e-02
8.903562601926730269e-02
8.906504816826106563e-02
8.909867348139680066e-02
8.912809563039056360e-02
8.917012727181021503e-02
8.920375258494595005e-02
8.924158106222364328e-02
8.926680004707543414e-02
8.929201903192723888e-02
8.932564434506296003e-02
8.938869180719245799e-02
8.942652028447015122e-02
8.948116141831570503e-02
8.951058356730946797e-02
8.956522470115503565e-02
8.958624052186485442e-02
8.961566267085861737e-02
8.964508481985238031e-02
8.969552278955597591e-02
8.972494493854973885e-02
8.976697657996940416e-02
8.980480505724709739e-02
8.983422720624086033e-02
8.986785251937658148e-02
8.990147783251231650e-02
8.994771263807394002e-02
8.997293162292574475e-02
8.999815060777753561e-02
9.004018224919720093e-02
9.007801072647489415e-02
9.011583920375258738e-02
9.017048033759814119e-02
9.022512147144370886e-02
9.030498159014105353e-02
9.036382588812857941e-02
9.041846702197414709e-02
9.047310815581970089e-02
9.056137460280098972e-02
9.062442206493047381e-02
9.066225054220818091e-02
9.073790749676356737e-02
9.082617394374485620e-02
9.089762773415827057e-02
9.097328468871365703e-02
9.109097328468870880e-02
9.114561441853427648e-02
9.124228719379949559e-02
9.133055364078078442e-02
9.153650868373711114e-02
9.170043208527380030e-02
9.183493333781671264e-02
9.196523142621765290e-02
9.207871685805074646e-02
9.219640545402578435e-02
9.232670354242673849e-02
9.248222061567948349e-02
9.267976933035189380e-02
9.283948956774659700e-02
9.300761613342524436e-02
9.327661863851106905e-02
9.356663696430672639e-02
9.378099833554699727e-02
9.420551791388556695e-02
9.456699003009465254e-02
9.504194757813681782e-02
9.577750130298087750e-02
9.764790934615578955e-02
1.000000000000000000e+00
