1.000000000000000000e+00
2.990907041406778294e-02
2.992706218512670296e-02
2.995634502483817546e-02
2.998342624679825250e-02
2.999472454593413162e-02
3.001734670789652296e-02
2.979168222205629685e-02
2.979613173026659720e-02
2.980280848521063564e-02
2.980726131779471225e-02
2.981617097593782656e-02
2.982731554160125698e-02
2.983177570093457909e-02
2.984739676840215267e-02
2.986750505277340970e-02
2.988540184255860863e-02
2.989659823167990435e-02
2.991004497751124577e-02
2.992125984251968462e-02
2.994596217352146414e-02
2.995720399429386421e-02
2.997070532562157164e-02
2.983071071668282406e-02
2.983516073692846909e-02
2.984183825723664418e-02
2.984851876725617623e-02
2.985520226899537194e-02
2.985965959988056209e-02
2.986964618249534492e-02
2.987632245566979733e-02
2.988077496274217648e-02
2.988522879713817124e-02
2.989191203876257960e-02
2.989636919406545718e-02
2.962853773584905523e-02
2.963509030593438828e-02
2.963946029639460272e-02
2.964383157584249071e-02
2.965039091311402752e-02
2.965476541752729359e-02
2.965914121292607258e-02
2.966570732787248213e-02
2.967008635323640023e-02
2.967665731581278776e-02
2.968103957471943458e-02
2.968542312804607966e-02
2.969200088632838533e-02
2.969638767821526290e-02
2.970077576653121568e-02
2.970736033106709945e-02
2.971175166297117601e-02
2.971834109558660342e-02
2.972273567467652658e-02
2.972713155364933857e-02
2.973372781065088816e-02
2.973812694185530570e-02
2.974252737496300633e-02
2.974913046695774541e-02
2.975573649148778588e-02
2.976234545050714456e-02
2.976895734597156257e-02
2.977336690860613380e-02
2.977998370249648058e-02
2.978439653256279018e-02
2.979322611724597933e-02
2.979764287302646281e-02
2.980206093854251628e-02
2.980869049384547026e-02
2.981311183625037081e-02
2.981753449043168802e-02
2.982417093256176446e-02
2.983081032947462047e-02
2.984188256254175636e-02
2.984631375751726351e-02
2.985296301797118676e-02
2.985961524177374940e-02
2.986627043090639075e-02
2.987292858735230566e-02
2.987958971309647577e-02
2.988403211418376448e-02
2.989069819317421300e-02
2.989514389826727209e-02
2.990181493603094251e-02
2.990848895171490177e-02
2.992630090076676963e-02
2.993075720348447460e-02
2.993967379161391329e-02
2.965633968651115032e-02
2.966070508574372711e-02
2.966507177033492898e-02
2.967162420851126442e-02
2.967599410898379836e-02
2.968255137364660817e-02
2.968692449355432930e-02
2.969129890223237353e-02
2.969786293294031029e-02
2.967751414089473197e-02
2.968187495408125889e-02
2.968841857730746686e-02
2.969278259591356592e-02
2.969714789767715496e-02
2.970369825748106832e-02
2.970806676961541132e-02
2.971462194763165726e-02
2.971899367367956610e-02
2.972336668628604989e-02
2.971386647101980846e-02
2.972040801350260553e-02
2.972477064220183443e-02
2.972913455186082521e-02
2.973568281938325855e-02
2.974004993391100166e-02
2.974660301138450091e-02
2.959615104242600825e-02
2.960262486328836887e-02
2.960694231750893302e-02
2.961126103128874573e-02
2.961774146483804951e-02
2.962206332992849828e-02
2.962854849303072149e-02
2.963287351288227192e-02
2.963719979560551845e-02
2.964369158878504829e-02
2.964802103110851517e-02
2.965235173824130877e-02
2.965885017167068510e-02
2.966318404325272301e-02
2.966968722595732244e-02
2.967402426545826671e-02
2.967836257309941494e-02
2.968487241354098027e-02
2.968921389396709382e-02
2.969355664448182497e-02
2.970007315288953828e-02
2.970441908106526141e-02
2.971094035858031640e-02
2.971528946790602185e-02
2.971963985066979064e-02
2.972616781373553854e-02
2.973052138254247273e-02
2.973705412729802863e-02
2.974141088564940388e-02
2.974576892080006002e-02
2.975230836875274870e-02
2.975666959835825132e-02
2.976103210672921898e-02
2.976757826820148126e-02
2.977194397594778996e-02
2.977849493912278211e-02
2.978286384976525786e-02
2.961723184398195458e-02
2.962369895916733276e-02
2.962801193856009346e-02
2.963448376292412978e-02
2.963879988348383510e-02
2.964311726147123016e-02
2.964959568733153625e-02
2.965391621129325958e-02
2.966039935869406799e-02
2.966472303206997216e-02
2.962532674992738799e-02
2.962962962962963076e-02
2.963393375944218394e-02
2.964039229930984232e-02
2.964469955678267904e-02
2.964900806627425445e-02
2.965547317924116869e-02
2.965978482116894341e-02
2.966625463535228768e-02
2.967056941313359064e-02
2.967488544621426846e-02
2.968136185072020941e-02
2.968568102444703316e-02
2.966562703996518391e-02
2.967208357515960584e-02
2.967638949354230171e-02
2.968069666182873712e-02
2.968715975901865464e-02
2.969147005444646228e-02
2.873563218390804558e-02
2.873966073180989761e-02
2.874369040942232126e-02
2.874973704508800368e-02
2.875376954905673604e-02
2.875982042648709408e-02
2.876385575978672796e-02
2.876789222565254156e-02
2.877394904905607523e-02
2.877798834842423131e-02
2.878404942431901301e-02
2.878809156017413454e-02
2.879213483146067509e-02
2.879820186837114479e-02
2.880224798033017078e-02
2.880629522939647316e-02
2.881236823612087078e-02
2.881641833005341505e-02
2.882249560632688806e-02
2.882654854812627399e-02
2.883060262991350708e-02
2.883668589112392891e-02
2.884074282498593281e-02
2.884480090052061324e-02
2.885089015551333541e-02
2.885495108733901123e-02
2.886104462902998671e-02
2.886510842016333511e-02
2.886917335586536987e-02
2.887527290654271286e-02
2.887934070578291115e-02
2.888340965128566307e-02
2.888951521984216633e-02
2.889358703312191676e-02
2.889969690561781934e-02
2.890377158970743737e-02
2.890784742297116197e-02
2.891396332863187604e-02
2.891804203695866674e-02
2.892416225749559061e-02
2.892824384392859646e-02
2.893232658245713240e-02
2.893845285149632823e-02
2.894253847239870031e-02
2.894662524710533633e-02
2.895275757361768371e-02
2.895684723497422147e-02
2.896298389375529664e-02
2.896707644482125060e-02
2.897117015262860515e-02
2.897731288430277843e-02
2.898140948611013096e-02
2.898550724637681195e-02
2.899165605996322989e-02
2.899575671852899425e-02
2.900190988187027058e-02
2.900601344181110569e-02
2.901011816316422659e-02
2.901627742392073536e-02
2.902038505096262572e-02
2.902449384114398970e-02
2.903065920838348787e-02
2.903477090857587914e-02
2.904094064315058954e-02
2.904505525644658637e-02
2.904917103585092850e-02
2.905534689249521588e-02
2.905946558934013879e-02
2.906358545402991378e-02
2.906976744186046471e-02
2.907389022833640688e-02
2.908007660117738896e-02
2.908420231254876809e-02
2.908832919474991022e-02
2.909452171444791221e-02
2.909865152590489570e-02
2.910484844182579731e-02
2.910898118565850151e-02
2.911311510331605554e-02
2.911931818181818024e-02
2.912345503622673637e-02
2.912759306621199099e-02
2.913380231649257551e-02
2.913794328761282193e-02
2.914415695194768133e-02
2.914830086733968470e-02
2.915244596131968263e-02
2.915866581324230017e-02
2.916281385589302236e-02
2.916696307889307671e-02
2.917318912765048955e-02
2.917734130372900622e-02
2.918357178446864472e-02
2.918772691677938222e-02
2.919188323246707170e-02
2.919811992593647487e-02
2.920227920227920146e-02
2.920643966376976902e-02
2.921268257926612141e-02
2.921684600584336863e-02
2.922309337134711485e-02
2.922725976618192195e-02
2.923142734920861421e-02
2.923768095272052947e-02
2.924393723252496566e-02
2.925019619034030169e-02
2.925437031751694505e-02
2.925854563619496168e-02
2.926481084939329055e-02
2.926898914905768159e-02
2.927316864201056842e-02
2.927944011997429125e-02
2.928362259838582921e-02
2.928989855693670680e-02
2.929408402400686048e-02
2.929827068743747279e-02
2.930455292688156563e-02
2.930874258345843308e-02
2.931293343819260655e-02
2.931922196796338601e-02
2.932341582034043645e-02
2.932970884898776845e-02
2.933390570222508403e-02
2.933810375670840853e-02
2.934440309189808097e-02
2.934860415175375922e-02
2.935280641466208457e-02
2.935911206587898253e-02
2.936331733868079857e-02
2.936962750716332407e-02
2.937383579309356743e-02
2.937804528518200148e-02
2.938436178599584253e-02
2.938857429574940824e-02
2.939489532549469444e-02
2.939911085615947231e-02
2.940332759609868077e-02
2.940965497453554289e-02
2.941387473993830118e-02
2.941809571643825769e-02
2.942442945313621452e-02
2.942865345966121093e-02
2.943499174384377887e-02
2.943921878365764189e-02
2.944344703770197455e-02
2.944979169659531562e-02
2.945402298850574585e-02
2.945825549647937761e-02
2.946460653970535415e-02
2.946884209013153275e-02
2.947519769949676419e-02
2.947943629565717705e-02
2.948367611103120886e-02
2.949003812126878982e-02
2.949428098697935360e-02
2.949852507374631227e-02
2.950489349453079904e-02
2.950914063624586123e-02
2.951551364192642884e-02
2.951976384188926411e-02
2.952401526607618606e-02
2.953039469893402325e-02
2.953464918599625275e-02
2.953890489913544790e-02
2.954529076889817613e-02
2.954954954954954957e-02
2.955594002306805024e-02
2.956020187454938553e-02
2.956446495529276020e-02
2.957086188243779334e-02
2.957512803866407108e-02
2.958152958152958020e-02
2.958579881656804578e-02
2.959006928406466425e-02
2.959647729733631827e-02
2.960075084831420220e-02
2.960502563361975745e-02
2.961144012711252466e-02
2.961571800057786683e-02
2.962213712882017305e-02
2.962641809379290558e-02
2.963070029630700264e-02
2.963712592164233217e-02
2.964141122035858847e-02
2.964569775849602157e-02
2.965212989079337585e-02
2.965641952983725030e-02
2.966285631601794232e-02
2.966714905933429819e-02
2.967144304530322865e-02
2.967788635541078468e-02
2.968218345037283712e-02
2.968648178987763273e-02
2.969293163383545861e-02
2.969723308706359588e-02
2.970368760414402592e-02
2.970799217448010995e-02
2.971229799260816096e-02
2.971875906059727457e-02
2.972306800057996148e-02
2.972953375389746772e-02
2.973384581913119176e-02
2.775339320683368333e-02
2.775714189234821522e-02
2.776089159067882464e-02
2.776651803810295874e-02
2.777027027027027112e-02
2.777402351669144495e-02
2.777965528894896924e-02
2.778528934559221231e-02
2.779092568801136073e-02
2.779468452018665076e-02
2.779844436929320220e-02
2.780408605060208371e-02
2.780784844384303137e-02
2.781537628586897709e-02
2.781914173548125091e-02
2.782290820471161608e-02
2.782855982124720837e-02
2.783232884133541099e-02
2.783609888249238135e-02
2.784175585963961572e-02
2.784552845528455445e-02
2.785118926611099971e-02
2.785496441884107235e-02
2.785874059513319262e-02
2.786440677966101759e-02
2.786818551668022656e-02
2.787385554425228854e-02
2.787952787952787878e-02
2.788331071913161333e-02
2.788898690371174535e-02
2.789277231082456718e-02
2.789655874567298008e-02
2.790224032586557934e-02
2.790602933188484486e-02
2.790981936710579953e-02
2.791550635060789307e-02
2.791929896066843234e-02
2.792688727322144293e-02
2.793068297655453697e-02
2.793447971181948000e-02
2.794017675050985625e-02
2.794397606744628698e-02
2.795157780195865055e-02
2.795538022037817941e-02
2.795918367346938646e-02
2.796489079403960062e-02
2.797250391342816223e-02
2.797631202777210377e-02
2.798202614379085088e-02
2.798583685142312302e-02
2.799155485936116738e-02
2.799536816293168168e-02
2.799918250562027228e-02
2.800490596892886430e-02
2.800872291127163780e-02
2.801445027605480032e-02
2.802209040703620285e-02
2.802591203545857362e-02
2.803164643295593880e-02
2.803547066848567637e-02
2.803929594760540267e-02
2.804503582395086875e-02
2.804886371391523969e-02
2.805269264896594061e-02
2.805843801201529306e-02
2.806226956165506006e-02
2.806801884859659937e-02
2.807185301550440409e-02
2.807568823007036002e-02
2.808144301721781852e-02
2.808528085280852932e-02
2.808911973756150759e-02
2.809488003281153737e-02
2.809872154235318331e-02
2.810448577680525056e-02
2.810832991382847604e-02
2.811217510259917882e-02
2.811794485872614116e-02
2.812179267875470484e-02
2.812756638379414198e-02
2.813141683778233940e-02
2.813526834611172062e-02
2.814104758644300069e-02
2.814490173252071417e-02
2.814875693445654387e-02
2.815454171804356726e-02
2.815839956152370663e-02
2.816418830946344071e-02
2.816804879720375548e-02
2.817191034340941688e-02
2.817770464829288252e-02
2.818350133717342082e-02
2.818736712159659874e-02
2.819316778707641608e-02
2.819703622392974798e-02
2.820284087010224358e-02
2.820671196211653117e-02
2.821058411696067067e-02
2.821639434299052715e-02
2.822026915682504869e-02
2.822414503502266095e-02
2.822996084895940810e-02
2.823383938998420134e-02
2.823965920021987222e-02
2.824354040681693184e-02
2.824742268041237001e-02
2.825324809239018395e-02
2.825713303540735785e-02
2.826296245358272605e-02
2.826685006877579023e-02
2.827073875361122562e-02
2.828046514828321673e-02
2.828435758034546915e-02
2.828825108403881794e-02
2.829409334985543215e-02
2.829798953456348284e-02
2.830383582397906495e-02
2.830773469247193502e-02
2.831163463525521867e-02
2.831748656469615377e-02
2.832138919514884390e-02
2.832529290144727638e-02
2.833115047907906400e-02
2.833505687693898753e-02
2.834091849400082602e-02
2.834482758620689505e-02
2.834873775693199163e-02
2.835460503621938660e-02
2.835851790519561266e-02
2.836243185425436561e-02
2.836830480397570242e-02
2.837222145519812180e-02
2.837809846026375857e-02
2.838201781644913990e-02
2.838593825540437765e-02
2.839182094501243453e-02
2.839574409285615733e-02
2.840163084790270354e-02
2.840555670744350156e-02
2.840948365245040547e-02
2.841537610619469106e-02
2.841930576683722801e-02
2.842323651452282121e-02
2.842913467524382787e-02
2.843306814251124123e-02
2.843897038472183864e-02
2.844290657439446299e-02
2.844684385382059699e-02
2.845275181723780009e-02
2.845669182302845712e-02
2.846063292015788351e-02
2.846654661310430920e-02
2.847049044056525202e-02
2.847640823113697928e-02
2.848035479176772369e-02
2.848430244646198498e-02
2.849022598086787747e-02
2.849417637271214540e-02
2.849812786021356167e-02
2.850405714682016645e-02
2.850801137545952782e-02
2.851394477591230603e-02
2.851790174854288221e-02
2.852185981956974203e-02
2.852779898660373278e-02
2.853175980562304773e-02
2.853572172464069814e-02
2.854166666666666657e-02
2.854563133768579092e-02
2.855158040986453469e-02
2.855554783575349129e-02
2.855951636439441402e-02
2.856547122602168601e-02
2.856944251355484493e-02
2.857540151567822956e-02
2.857937556498157256e-02
2.858335071979970637e-02
2.858931552587646099e-02
2.859329344650062693e-02
2.859727247425549596e-02
2.860324309276915736e-02
2.860722489037377178e-02
2.861319966583124319e-02
2.861718423617880605e-02
2.862116991643454122e-02
2.862715051891063719e-02
2.863113897596656146e-02
2.863512854455514678e-02
2.864111498257839589e-02
2.864510733203233864e-02
2.865109794353433090e-02
2.865509307676218295e-02
2.865908932431490003e-02
2.866508578602315616e-02
2.866908482142857192e-02
2.867308497279196303e-02
2.867908729328030176e-02
2.868309023658315374e-02
2.868909674717297353e-02
2.869310248533929117e-02
2.869710934227063387e-02
2.870312172637753956e-02
2.870713138227282135e-02
2.871314796702529107e-02
2.871716042481833528e-02
2.872117400419287384e-02
2.872719647724890010e-02
2.873121286263544127e-02
2.873523037125078755e-02
2.874125874125874058e-02
2.874527906000839267e-02
2.875131164742917092e-02
2.875533477926257506e-02
2.875935903715625200e-02
2.876539753639417718e-02
2.876942461150776981e-02
2.877345281433772023e-02
2.877949723408724722e-02
2.878352825828139200e-02
2.878957691230036448e-02
2.879562810901702477e-02
2.879966365356316851e-02
2.664597076704177878e-02
2.664941785252263745e-02
2.665459015332858825e-02
2.666148967837960251e-02
2.666494078053200517e-02
2.666839277623147056e-02
2.667529944966008301e-02
2.667875412808392091e-02
2.668393782383419663e-02
2.669085255247473365e-02
2.669604095120844955e-02
2.670123136746597667e-02
2.670469276639875558e-02
2.671161825726140956e-02
2.672028017381153017e-02
2.672374651358889672e-02
2.672894770987414154e-02
2.673241629898780169e-02
2.673588578844906041e-02
2.674109171155968079e-02
2.674629966242534490e-02
2.675324675324675452e-02
2.675845944015067812e-02
2.676193569340695050e-02
2.676715176715176864e-02
2.677236987458574136e-02
2.677584974328979170e-02
2.678281219528050316e-02
2.678629477927313082e-02
2.679152035375211363e-02
2.679674796747967547e-02
2.680197762164975364e-02
2.680720931745721874e-02
2.681069824949567151e-02
2.681418808981451268e-02
2.681942455409451823e-02
2.682640968876155718e-02
2.683689421573736203e-02
2.684213955306534796e-02
2.684563758389261687e-02
2.685263638141171735e-02
2.685613714881689498e-02
2.686489306207616098e-02
2.687014935107285077e-02
2.687365468658274234e-02
2.688066810204214896e-02
2.688768517914246620e-02
2.689119509170419600e-02
2.689646167907037630e-02
2.689997388352050045e-02
2.690700104493207873e-02
2.691051600261267288e-02
2.691403187875620467e-02
2.691930741587716600e-02
2.692282558975364268e-02
2.692634468335402750e-02
2.693162504902601659e-02
2.693514644351464524e-02
2.694043026221146914e-02
2.694571615434924669e-02
2.694924123495551910e-02
2.695453058554138012e-02
2.695805797291107864e-02
2.696158628362018209e-02
2.696688048173844637e-02
2.697041110238282413e-02
2.697570876710534901e-02
2.697924169995416163e-02
2.698277555832077901e-02
2.698807808201231576e-02
2.699161425576519779e-02
2.700222833923187835e-02
2.700576822233875102e-02
2.700930903369607936e-02
2.701462199200052594e-02
2.701816512558200684e-02
2.702170918869285787e-02
2.702702702702702853e-02
2.703057341556226387e-02
2.703589474374959098e-02
2.703944345999868826e-02
2.704476828147564516e-02
2.705009520057776937e-02
2.705364764593867072e-02
2.705720102449596029e-02
2.706253284287966215e-02
2.706608855603731545e-02
2.707142387804717734e-02
2.707498192810672138e-02
2.707854091357213278e-02
2.708922348609376154e-02
2.709278621687380775e-02
2.709634988490628241e-02
2.710704651621817160e-02
2.711061393696124339e-02
2.711775159612979727e-02
2.712132183529721713e-02
2.712489301468167663e-02
2.713025154747793904e-02
2.713382507903056018e-02
2.713918714182201458e-02
2.714455132428515022e-02
2.714812862414338335e-02
2.715528605325599754e-02
2.715886618325642765e-02
2.716423814861211941e-02
2.717498845722577522e-02
2.717857378455043257e-02
2.718574727812603231e-02
2.718933544512637870e-02
2.719471947194719574e-02
2.720010563147818097e-02
2.720369758996368445e-02
2.720729049725946133e-02
2.721268163804491449e-02
2.721627691901176010e-02
2.722167162206805269e-02
2.722526927905900840e-02
2.722886788711915973e-02
2.723426758328926361e-02
2.723966942148760284e-02
2.724327183759836166e-02
2.724867724867724786e-02
2.725228204788993080e-02
2.725769103539530183e-02
2.726129822007543335e-02
2.726490635960558684e-02
2.727032036007413437e-02
2.727393088838871854e-02
2.727754237288135611e-02
2.728296139328521136e-02
2.728657526988542345e-02
2.729199788023317294e-02
2.729561415131840502e-02
2.729923138086403495e-02
2.730465902312943088e-02
2.730827865049380299e-02
2.731370989127552412e-02
2.731733191884365419e-02
2.732095490716180200e-02
2.732639119188167570e-02
2.733001658374792711e-02
2.733364293770317727e-02
2.733908427339084429e-02
2.734271303424475746e-02
2.734997344662772056e-02
2.735360509892444461e-02
2.735723771580345423e-02
2.736268845055455853e-02
2.736632348057124048e-02
2.737177783683231516e-02
2.737723436773207425e-02
2.738087326377351000e-02
2.738633342196224521e-02
2.738997473740194255e-02
2.739361702127659712e-02
2.739908226374941982e-02
2.740272697040239611e-02
2.740637264684361168e-02
2.741366691063943165e-02
2.741731549876888149e-02
2.742279020234291917e-02
2.742644121954466649e-02
2.743009320905459222e-02
2.743557301724711822e-02
2.743922743922743920e-02
2.744471089794830662e-02
2.744836775483011290e-02
2.745202558635394599e-02
2.745751416194601793e-02
2.746117443178031081e-02
2.746483567762149358e-02
2.747216109888644259e-02
2.747582527509169828e-02
2.748315656060302745e-02
2.748682367069183938e-02
2.749049175952492097e-02
2.749599572877736361e-02
2.749966626618608953e-02
2.750333778371161567e-02
2.750884689857781978e-02
2.751252086811352415e-02
2.751803366283729624e-02
2.752171008684034872e-02
2.752538749331908188e-02
2.753090544604076123e-02
2.753458531043239885e-02
2.753826615867923169e-02
2.754378927664126106e-02
2.754747258625300788e-02
2.755299939811409193e-02
2.755668517156042996e-02
2.756037193123285836e-02
2.756590392078148155e-02
2.756959314775160597e-02
2.757328336233436095e-02
2.757882053684985665e-02
2.758251322219990725e-02
2.758805410472746703e-02
2.759174926332708111e-02
2.759544541192230499e-02
2.760099149192737911e-02
2.760469011725293076e-02
2.761023991422061410e-02
2.761394101876675500e-02
2.761764311569915586e-02
2.762319812269527219e-02
2.762690270234023984e-02
2.763060827576956438e-02
2.763616850013415546e-02
2.763987655977458852e-02
2.764544051533248184e-02
2.764915106368700040e-02
2.765286260822873848e-02
2.765843179377014058e-02
2.766214583053578507e-02
2.766586086489390348e-02
2.767143528779636083e-02
2.767701195754400031e-02
2.768259087549553021e-02
2.768631140380350616e-02
2.769003293232072047e-02
2.769561710137133717e-02
2.769934113217695226e-02
2.770306616460462695e-02
2.770865559217163335e-02
2.771238313042308568e-02
2.771797631862217559e-02
2.772170636522675383e-02
2.772543741588156044e-02
2.773290253096391891e-02
2.773663659620304381e-02
2.774410774410774466e-02
2.774784482758620857e-02
2.775158291795769977e-02
2.775719194232971823e-02
2.776093255171484253e-02
2.776654535651705211e-02
2.777216043141220170e-02
2.777590507651857277e-02
2.778152393796358768e-02
2.778714507317731064e-02
2.779089376053962834e-02
2.779651868843610943e-02
2.780026990553306418e-02
2.780402213524092378e-02
2.780965237934525727e-02
2.781340714237494002e-02
2.634600663434549794e-02
2.635104957570343770e-02
2.635777650137213768e-02
2.636450686243217365e-02
2.636787333205643791e-02
2.637629326861668302e-02
2.637966274910577558e-02
2.638640429338103693e-02
2.639146271327241430e-02
2.639483607081229491e-02
2.640496131960871906e-02
2.641171580226386179e-02
2.641678393245490766e-02
2.642016376663254909e-02
2.642354446577095325e-02
2.643707591857636513e-02
2.644046094750319986e-02
2.644554011653966683e-02
2.645062123735109419e-02
2.645739910313901419e-02
2.646418044341919754e-02
2.646926873037236394e-02
2.647266200884558843e-02
2.648454533795049221e-02
2.648964145981656110e-02
2.649643934047603636e-02
2.650494159928122248e-02
2.651004557417035654e-02
2.651855656864003999e-02
2.652196249678910947e-02
2.652707302973858136e-02
2.653559496273451626e-02
2.653900526924559897e-02
2.654412237290314225e-02
2.655094824815171922e-02
2.655436250241111074e-02
2.655948553054662473e-02
2.656290198096218289e-02
2.656631931043355183e-02
2.657315660790117093e-02
2.657657657657657574e-02
2.657999742566610757e-02
2.659026525882049810e-02
2.659368963296844871e-02
2.659882784826431493e-02
2.660225442834138546e-02
2.660568189138697373e-02
2.661082474226804037e-02
2.661425441422863788e-02
2.662111641098362930e-02
2.662626523112629831e-02
2.662969888451866690e-02
2.663656884875846564e-02
2.664344235855751336e-02
2.665547954046727785e-02
2.666236281471917255e-02
2.666580578512396660e-02
2.667269439421338095e-02
2.667614003358739078e-02
2.667958656330749259e-02
2.668648229516671147e-02
2.668993149799664052e-02
2.669338159255429249e-02
2.669855840713685272e-02
2.670201073252731483e-02
2.601482970968958114e-02
2.602955045583149954e-02
2.603609835859379759e-02
2.604428787116255806e-02
2.605576184781924556e-02
2.606724593879863883e-02
2.608202608202608158e-02
2.609353334173704700e-02
2.610340479192938337e-02
2.611657834973504788e-02
2.612481857764876667e-02
2.613141450482863240e-02
2.613966409900239998e-02
2.614791890355586471e-02
2.615452650199001985e-02
2.616444416355937636e-02
2.616940581542351318e-02
2.618099032441661977e-02
2.618595825426944801e-02
2.619258509426800052e-02
2.620253164556961972e-02
2.621082621082621023e-02
2.621746564498765239e-02
2.622576966932725281e-02
2.623241667722722020e-02
2.624405705229794147e-02
2.625071333460148384e-02
2.625404274208890942e-02
2.626403603374992055e-02
2.627070245573957796e-02
2.628237684103605989e-02
2.628571428571428725e-02
2.629239171853169077e-02
2.630074328187535782e-02
2.630408539297287088e-02
2.631244438794966278e-02
2.631913541004450227e-02
2.632582983594048201e-02
2.634090475281542290e-02
2.635096429253389397e-02
2.635431918008784846e-02
2.636942675159235569e-02
2.637278634220919724e-02
2.637614678899082715e-02
2.638118906518830201e-02
2.638959714431412390e-02
2.639801058470955808e-02
2.532186222466288258e-02
2.538071065989847691e-02
2.544451256897608746e-02
2.548513878653893561e-02
2.551961628335997975e-02
2.553846153846153766e-02
2.558096529618442833e-02
2.562202877076001639e-02
2.564736419257153399e-02
2.566322429039638933e-02
2.568705125030948389e-02
2.571729565594596187e-02
2.575560106746105707e-02
2.576679498323606113e-02
2.578440509474992301e-02
2.581327362070038114e-02
2.583898885499034959e-02
2.585830892890522703e-02
2.588249968816265512e-02
2.590188490825115486e-02
2.591806145390956884e-02
2.592615730617854608e-02
2.593912119507469152e-02
2.596833740066328833e-02
2.598622417031934764e-02
2.599273456094200116e-02
2.600250626566415896e-02
2.601880877742946546e-02
2.603186551248274846e-02
2.604493535835320644e-02
2.605801833479844121e-02
2.606620187174172459e-02
2.527799720483684884e-02
2.508874315624811877e-02
2.492397591079840297e-02
0.000000000000000000e+00
