0.000000000000000000e+00
5.989583333333333703e-01
6.076388888888888395e-01
6.111111111111111605e-01
6.197916666666666297e-01
6.232638888888888395e-01
6.267361111111111605e-01
6.302083333333333703e-01
6.371527777777777901e-01
6.388888888888888395e-01
6.423611111111111605e-01
6.614583333333333703e-01
6.614583333333333703e-01
6.649305555555555802e-01
6.649305555555555802e-01
6.753472222222222099e-01
6.753472222222222099e-01
6.770833333333333703e-01
6.770833333333333703e-01
7.048611111111111605e-01
7.048611111111111605e-01
7.239583333333333703e-01
7.239583333333333703e-01
7.326388888888888395e-01
7.326388888888888395e-01
7.413194444444444198e-01
7.413194444444444198e-01
7.638888888888888395e-01
7.638888888888888395e-01
7.708333333333333703e-01
7.708333333333333703e-01
7.795138888888888395e-01
7.795138888888888395e-01
7.916666666666666297e-01
7.916666666666666297e-01
7.951388888888888395e-01
7.951388888888888395e-01
7.986111111111111605e-01
7.986111111111111605e-01
8.003472222222222099e-01
8.003472222222222099e-01
8.020833333333333703e-01
8.020833333333333703e-01
8.038194444444444198e-01
8.038194444444444198e-01
8.055555555555555802e-01
8.055555555555555802e-01
8.125000000000000000e-01
8.125000000000000000e-01
8.159722222222222099e-01
8.159722222222222099e-01
8.177083333333333703e-01
8.177083333333333703e-01
8.211805555555555802e-01
8.211805555555555802e-01
8.246527777777777901e-01
8.246527777777777901e-01
8.281250000000000000e-01
8.281250000000000000e-01
8.298611111111111605e-01
8.298611111111111605e-01
8.368055555555555802e-01
8.368055555555555802e-01
8.402777777777777901e-01
8.402777777777777901e-01
8.437500000000000000e-01
8.437500000000000000e-01
8.472222222222222099e-01
8.472222222222222099e-01
8.663194444444444198e-01
8.663194444444444198e-01
8.836805555555555802e-01
8.836805555555555802e-01
8.958333333333333703e-01
8.958333333333333703e-01
9.062500000000000000e-01
9.062500000000000000e-01
9.079861111111111605e-01
9.079861111111111605e-01
9.097222222222222099e-01
9.097222222222222099e-01
9.253472222222222099e-01
9.253472222222222099e-01
9.270833333333333703e-01
9.270833333333333703e-01
9.375000000000000000e-01
9.375000000000000000e-01
9.409722222222222099e-01
9.409722222222222099e-01
9.461805555555555802e-01
9.461805555555555802e-01
9.513888888888888395e-01
9.513888888888888395e-01
9.531250000000000000e-01
9.531250000000000000e-01
9.548611111111111605e-01
9.548611111111111605e-01
9.618055555555555802e-01
9.618055555555555802e-01
9.635416666666666297e-01
9.635416666666666297e-01
9.756944444444444198e-01
9.756944444444444198e-01
9.861111111111111605e-01
9.861111111111111605e-01
9.878472222222222099e-01
9.878472222222222099e-01
9.913194444444444198e-01
9.913194444444444198e-01
9.930555555555555802e-01
9.930555555555555802e-01
9.965277777777777901e-01
9.965277777777777901e-01
1.000000000000000000e+00
1.000000000000000000e+00
1.000000000000000000e+00
1.000000000000000000e+00
1.000000000000000000e+00
1.000000000000000000e+00
1.000000000000000000e+00
1.000000000000000000e+00
1.000000000000000000e+00
1.000000000000000000e+00
1.000000000000000000e+00
1.000000000000000000e+00
1.000000000000000000e+00
1.000000000000000000e+00
1.000000000000000000e+00
1.000000000000000000e+00
1.000000000000000000e+00
1.000000000000000000e+00
1.000000000000000000e+00
1.000000000000000000e+00
1.000000000000000000e+00
1.000000000000000000e+00
1.000000000000000000e+00
1.000000000000000000e+00
1.000000000000000000e+00
1.000000000000000000e+00
1.000000000000000000e+00
1.000000000000000000e+00
1.000000000000000000e+00
1.000000000000000000e+00
1.000000000000000000e+00
1.000000000000000000e+00
1.000000000000000000e+00
1.000000000000000000e+00
1.000000000000000000e+00
1.000000000000000000e+00
1.000000000000000000e+00
1.000000000000000000e+00
