0.000000000000000000e+00
2.951388888888888812e-02
2.951388888888888812e-02
2.951388888888888812e-02
2.951388888888888812e-02
3.125000000000000000e-02
3.125000000000000000e-02
3.125000000000000000e-02
3.125000000000000000e-02
3.125000000000000000e-02
3.125000000000000000e-02
3.125000000000000000e-02
3.819444444444444753e-02
3.819444444444444753e-02
3.993055555555555247e-02
3.993055555555555247e-02
4.166666666666666435e-02
4.166666666666666435e-02
4.340277777777777624e-02
4.340277777777777624e-02
4.513888888888888812e-02
4.513888888888888812e-02
4.687500000000000000e-02
4.687500000000000000e-02
4.861111111111111188e-02
4.861111111111111188e-02
5.034722222222222376e-02
5.034722222222222376e-02
5.208333333333333565e-02
5.208333333333333565e-02
5.381944444444444753e-02
5.381944444444444753e-02
5.555555555555555247e-02
5.555555555555555247e-02
5.729166666666666435e-02
5.729166666666666435e-02
5.902777777777777624e-02
5.902777777777777624e-02
6.076388888888888812e-02
6.076388888888888812e-02
6.250000000000000000e-02
6.250000000000000000e-02
6.423611111111110494e-02
6.423611111111110494e-02
6.597222222222222376e-02
6.597222222222222376e-02
6.770833333333332871e-02
6.770833333333332871e-02
6.944444444444444753e-02
6.944444444444444753e-02
7.291666666666667129e-02
7.291666666666667129e-02
7.986111111111110494e-02
7.986111111111110494e-02
8.159722222222222376e-02
8.159722222222222376e-02
8.333333333333332871e-02
8.333333333333332871e-02
8.680555555555555247e-02
8.680555555555555247e-02
8.854166666666667129e-02
8.854166666666667129e-02
9.027777777777777624e-02
9.027777777777777624e-02
9.201388888888889506e-02
9.201388888888889506e-02
9.375000000000000000e-02
9.375000000000000000e-02
9.548611111111110494e-02
9.548611111111110494e-02
9.722222222222222376e-02
9.722222222222222376e-02
9.895833333333332871e-02
9.895833333333332871e-02
1.006944444444444475e-01
1.006944444444444475e-01
1.024305555555555525e-01
1.024305555555555525e-01
1.041666666666666713e-01
1.041666666666666713e-01
1.059027777777777762e-01
1.059027777777777762e-01
1.093750000000000000e-01
1.093750000000000000e-01
1.128472222222222238e-01
1.128472222222222238e-01
1.145833333333333287e-01
1.145833333333333287e-01
1.163194444444444475e-01
1.163194444444444475e-01
1.197916666666666713e-01
1.197916666666666713e-01
1.232638888888888951e-01
1.232638888888888951e-01
1.250000000000000000e-01
1.250000000000000000e-01
1.267361111111111049e-01
1.267361111111111049e-01
1.302083333333333426e-01
1.302083333333333426e-01
1.319444444444444475e-01
1.319444444444444475e-01
1.354166666666666574e-01
1.354166666666666574e-01
1.371527777777777901e-01
1.371527777777777901e-01
1.388888888888888951e-01
1.388888888888888951e-01
1.493055555555555525e-01
1.493055555555555525e-01
1.701388888888888951e-01
1.701388888888888951e-01
1.718750000000000000e-01
1.718750000000000000e-01
4.531250000000000000e-01
4.565972222222222099e-01
5.104166666666666297e-01
5.138888888888888395e-01
6.666666666666666297e-01
6.701388888888888395e-01
7.152777777777777901e-01
7.204861111111111605e-01
7.222222222222222099e-01
7.291666666666666297e-01
7.309027777777777901e-01
7.343750000000000000e-01
7.378472222222222099e-01
7.413194444444444198e-01
7.586805555555555802e-01
7.621527777777777901e-01
7.690972222222222099e-01
7.743055555555555802e-01
7.829861111111111605e-01
7.881944444444444198e-01
7.951388888888888395e-01
8.020833333333333703e-01
8.055555555555555802e-01
8.159722222222222099e-01
8.194444444444444198e-01
9.288194444444444198e-01
9.322916666666666297e-01
9.392361111111111605e-01
9.427083333333333703e-01
9.496527777777777901e-01
9.531250000000000000e-01
9.583333333333333703e-01
9.618055555555555802e-01
9.670138888888888395e-01
9.791666666666666297e-01
9.826388888888888395e-01
1.000000000000000000e+00
