0.000000000000000000e+00
8.607216731785796160e-01
8.876120432084578793e-01
8.995633187772925643e-01
9.062284532291426942e-01
9.128935876809928240e-01
9.184095610204551230e-01
9.232360376924845236e-01
9.273730176970811367e-01
9.292116754769018661e-01
9.317398299241553827e-01
9.340381521489312666e-01
9.356469777062744742e-01
9.379452999310503580e-01
9.402436221558262419e-01
9.420822799356469712e-01
9.432314410480349132e-01
9.443806021604228551e-01
9.448402666053781207e-01
9.459894277177660626e-01
9.466789243851988500e-01
9.473684210526315264e-01
9.487474143874971011e-01
9.496667432774075213e-01
9.508159043897954632e-01
9.508159043897954632e-01
9.519650655021834051e-01
9.531142266145713471e-01
9.538037232820041345e-01
9.547230521719145546e-01
9.558722132843024966e-01
9.565617099517352839e-01
9.567915421742128057e-01
9.577108710641232259e-01
9.581705355090783804e-01
9.588600321765111678e-01
9.597793610664214770e-01
9.600091932888991098e-01
9.602390255113767425e-01
9.618478510687198391e-01
9.620776832911974719e-01
9.629970121811077810e-01
9.632268444035854138e-01
9.641461732934957229e-01
9.641461732934957229e-01
9.648356699609285103e-01
9.648356699609285103e-01
9.650655021834061431e-01
9.652953344058836649e-01
9.655251666283612977e-01
9.659848310733164523e-01
9.664444955182716068e-01
9.671339921857043942e-01
9.671339921857043942e-01
9.675936566306596598e-01
9.680533210756148144e-01
9.680533210756148144e-01
9.680533210756148144e-01
9.682831532980924472e-01
9.685129855205699689e-01
9.685129855205699689e-01
9.689726499655251235e-01
9.692024821880027563e-01
9.696621466329579109e-01
9.696621466329579109e-01
9.698919788554355437e-01
9.701218110779131765e-01
9.701218110779131765e-01
9.705814755228683310e-01
9.708113077453458528e-01
9.710411399678234856e-01
9.710411399678234856e-01
9.710411399678234856e-01
9.717306366352562730e-01
9.717306366352562730e-01
9.717306366352562730e-01
9.719604688577339058e-01
9.721903010802114276e-01
9.726499655251665821e-01
9.731096299701218477e-01
9.733394621925993695e-01
9.740289588600321569e-01
9.742587910825097897e-01
9.747184555274649442e-01
9.747184555274649442e-01
9.749482877499425770e-01
9.751781199724200988e-01
9.754079521948977316e-01
9.754079521948977316e-01
9.756377844173753644e-01
9.756377844173753644e-01
9.756377844173753644e-01
9.758676166398528862e-01
9.758676166398528862e-01
9.760974488623305190e-01
9.765571133072856735e-01
9.767869455297633063e-01
9.772466099747184609e-01
9.777062744196736155e-01
9.777062744196736155e-01
9.777062744196736155e-01
9.777062744196736155e-01
9.779361066421512483e-01
9.779361066421512483e-01
9.781659388646287701e-01
9.781659388646287701e-01
9.786256033095840356e-01
9.786256033095840356e-01
9.788554355320615574e-01
9.788554355320615574e-01
9.790852677545391902e-01
9.793150999770168230e-01
9.793150999770168230e-01
9.793150999770168230e-01
9.795449321994943448e-01
9.797747644219719776e-01
9.800045966444494994e-01
9.802344288669271322e-01
9.802344288669271322e-01
9.804642610894047650e-01
9.804642610894047650e-01
9.804642610894047650e-01
9.806940933118822867e-01
9.806940933118822867e-01
9.809239255343599195e-01
9.809239255343599195e-01
9.811537577568375523e-01
9.813835899793150741e-01
9.813835899793150741e-01
9.816134222017927069e-01
9.816134222017927069e-01
9.818432544242702287e-01
9.818432544242702287e-01
9.818432544242702287e-01
9.818432544242702287e-01
9.820730866467478615e-01
9.820730866467478615e-01
9.823029188692254943e-01
9.823029188692254943e-01
9.823029188692254943e-01
9.829924155366582816e-01
9.829924155366582816e-01
9.829924155366582816e-01
9.829924155366582816e-01
9.832222477591358034e-01
9.832222477591358034e-01
9.841415766490462236e-01
9.841415766490462236e-01
9.841415766490462236e-01
9.843714088715237454e-01
9.843714088715237454e-01
9.843714088715237454e-01
9.846012410940013782e-01
9.846012410940013782e-01
9.846012410940013782e-01
9.846012410940013782e-01
9.848310733164790109e-01
9.848310733164790109e-01
9.848310733164790109e-01
9.852907377614341655e-01
9.852907377614341655e-01
9.852907377614341655e-01
9.855205699839117983e-01
9.857504022063893201e-01
9.857504022063893201e-01
9.859802344288669529e-01
9.859802344288669529e-01
9.862100666513444747e-01
9.862100666513444747e-01
9.862100666513444747e-01
9.864398988738221075e-01
9.866697310962997403e-01
9.866697310962997403e-01
9.868995633187772620e-01
9.868995633187772620e-01
9.871293955412548948e-01
9.871293955412548948e-01
9.871293955412548948e-01
9.871293955412548948e-01
9.873592277637325276e-01
9.873592277637325276e-01
9.873592277637325276e-01
9.873592277637325276e-01
9.873592277637325276e-01
9.873592277637325276e-01
9.878188922086876822e-01
9.878188922086876822e-01
9.880487244311652040e-01
9.880487244311652040e-01
9.882785566536428368e-01
9.882785566536428368e-01
9.882785566536428368e-01
9.882785566536428368e-01
9.885083888761204696e-01
9.885083888761204696e-01
9.887382210985979913e-01
9.887382210985979913e-01
9.889680533210756241e-01
9.889680533210756241e-01
9.891978855435532569e-01
9.891978855435532569e-01
9.891978855435532569e-01
9.894277177660307787e-01
9.894277177660307787e-01
9.894277177660307787e-01
9.894277177660307787e-01
9.894277177660307787e-01
9.894277177660307787e-01
9.896575499885084115e-01
9.896575499885084115e-01
9.896575499885084115e-01
9.896575499885084115e-01
9.898873822109859333e-01
9.898873822109859333e-01
9.901172144334635661e-01
9.901172144334635661e-01
9.901172144334635661e-01
9.901172144334635661e-01
9.901172144334635661e-01
9.901172144334635661e-01
9.903470466559411989e-01
9.903470466559411989e-01
9.905768788784187207e-01
9.908067111008963535e-01
9.908067111008963535e-01
9.910365433233739862e-01
9.910365433233739862e-01
9.910365433233739862e-01
9.912663755458515080e-01
9.912663755458515080e-01
9.914962077683291408e-01
9.914962077683291408e-01
9.917260399908066626e-01
9.919558722132842954e-01
9.919558722132842954e-01
9.921857044357619282e-01
9.921857044357619282e-01
9.921857044357619282e-01
9.921857044357619282e-01
9.921857044357619282e-01
9.921857044357619282e-01
9.924155366582394500e-01
9.924155366582394500e-01
9.928752011031947156e-01
9.928752011031947156e-01
9.931050333256722373e-01
9.931050333256722373e-01
9.931050333256722373e-01
9.931050333256722373e-01
9.933348655481498701e-01
9.933348655481498701e-01
9.937945299931050247e-01
9.937945299931050247e-01
9.940243622155826575e-01
9.940243622155826575e-01
9.940243622155826575e-01
9.942541944380601793e-01
9.942541944380601793e-01
9.944840266605378121e-01
9.944840266605378121e-01
9.951735233279705994e-01
9.954033555504481212e-01
9.954033555504481212e-01
9.956331877729257540e-01
9.956331877729257540e-01
9.958630199954033868e-01
9.958630199954033868e-01
9.958630199954033868e-01
9.960928522178809086e-01
9.960928522178809086e-01
9.963226844403585414e-01
9.963226844403585414e-01
9.967823488853136960e-01
9.967823488853136960e-01
9.967823488853136960e-01
9.967823488853136960e-01
9.970121811077913287e-01
9.970121811077913287e-01
9.972420133302688505e-01
9.972420133302688505e-01
9.974718455527464833e-01
9.974718455527464833e-01
9.977016777752241161e-01
9.977016777752241161e-01
9.979315099977016379e-01
9.979315099977016379e-01
9.979315099977016379e-01
9.981613422201792707e-01
9.981613422201792707e-01
9.981613422201792707e-01
9.981613422201792707e-01
9.983911744426569035e-01
9.983911744426569035e-01
9.986210066651344253e-01
9.986210066651344253e-01
9.988508388876120581e-01
9.988508388876120581e-01
9.990806711100895798e-01
9.990806711100895798e-01
9.990806711100895798e-01
9.990806711100895798e-01
9.993105033325672126e-01
9.993105033325672126e-01
9.993105033325672126e-01
9.993105033325672126e-01
9.993105033325672126e-01
9.993105033325672126e-01
9.995403355550448454e-01
9.995403355550448454e-01
9.995403355550448454e-01
9.995403355550448454e-01
9.997701677775223672e-01
9.997701677775223672e-01
1.000000000000000000e+00
1.000000000000000000e+00
1.000000000000000000e+00
1.000000000000000000e+00
1.000000000000000000e+00
1.000000000000000000e+00
1.000000000000000000e+00
1.000000000000000000e+00
1.000000000000000000e+00
1.000000000000000000e+00
1.000000000000000000e+00
1.000000000000000000e+00
1.000000000000000000e+00
1.000000000000000000e+00
1.000000000000000000e+00
1.000000000000000000e+00
1.000000000000000000e+00
1.000000000000000000e+00
