0.000000000000000000e+00
8.319926453688807344e-01
8.657779820730866494e-01
8.807170765341301166e-01
8.887612043208458212e-01
8.938175132153527436e-01
8.961158354401287385e-01
8.997931509997701971e-01
9.039301310043668103e-01
9.069179498965754815e-01
9.089864398988738436e-01
9.145024132383360316e-01
9.165709032406342827e-01
9.177200643530223356e-01
9.193288899103654321e-01
9.211675476901861614e-01
9.218570443576189488e-01
9.239255343599173109e-01
9.253045276947827746e-01
9.257641921397380402e-01
9.266835210296483494e-01
9.276028499195587695e-01
9.289818432544242333e-01
9.301310043668121752e-01
9.312801654792002282e-01
9.321994943691105373e-01
9.331188232590209575e-01
9.338083199264536338e-01
9.351873132613192086e-01
9.358768099287519959e-01
9.365663065961847833e-01
9.370259710411399379e-01
9.377154677085727252e-01
9.379452999310503580e-01
9.397839577108710873e-01
9.400137899333486091e-01
9.407032866007813965e-01
9.409331188232590293e-01
9.413927832682141839e-01
9.423121121581246040e-01
9.432314410480349132e-01
9.439209377154677005e-01
9.439209377154677005e-01
9.446104343829004879e-01
9.450700988278556425e-01
9.455297632728107970e-01
9.457595954952884298e-01
9.462192599402435844e-01
9.473684210526315264e-01
9.482877499425419465e-01
9.482877499425419465e-01
9.489772466099747339e-01
9.494369110549298885e-01
9.498965754998850430e-01
9.498965754998850430e-01
9.503562399448403086e-01
9.505860721673178304e-01
9.505860721673178304e-01
9.510457366122730960e-01
9.510457366122730960e-01
9.512755688347506178e-01
9.517352332797057723e-01
9.519650655021834051e-01
9.524247299471385597e-01
9.526545621696161925e-01
9.526545621696161925e-01
9.528843943920938253e-01
9.533440588370489799e-01
9.535738910595265017e-01
9.542633877269592890e-01
9.544932199494369218e-01
9.549528843943920764e-01
9.554125488393472310e-01
9.556423810618248638e-01
9.558722132843024966e-01
9.561020455067800183e-01
9.565617099517352839e-01
9.570213743966904385e-01
9.572512066191679603e-01
9.577108710641232259e-01
9.577108710641232259e-01
9.579407032866007476e-01
9.579407032866007476e-01
9.584003677315560132e-01
9.584003677315560132e-01
9.590898643989886896e-01
9.593196966214663224e-01
9.597793610664214770e-01
9.600091932888991098e-01
9.600091932888991098e-01
9.602390255113767425e-01
9.604688577338542643e-01
9.604688577338542643e-01
9.606986899563318971e-01
9.611583544012870517e-01
9.611583544012870517e-01
9.618478510687198391e-01
9.623075155136749936e-01
9.623075155136749936e-01
9.627671799586301482e-01
9.629970121811077810e-01
9.636865088485405684e-01
9.643760055159733557e-01
9.648356699609285103e-01
9.650655021834061431e-01
9.655251666283612977e-01
9.659848310733164523e-01
9.662146632957940851e-01
9.662146632957940851e-01
9.664444955182716068e-01
9.666743277407492396e-01
9.669041599632268724e-01
9.671339921857043942e-01
9.673638244081820270e-01
9.675936566306596598e-01
9.680533210756148144e-01
9.680533210756148144e-01
9.682831532980924472e-01
9.685129855205699689e-01
9.685129855205699689e-01
9.687428177430476017e-01
9.689726499655251235e-01
9.689726499655251235e-01
9.692024821880027563e-01
9.694323144104803891e-01
9.694323144104803891e-01
9.696621466329579109e-01
9.698919788554355437e-01
9.701218110779131765e-01
9.708113077453458528e-01
9.708113077453458528e-01
9.710411399678234856e-01
9.710411399678234856e-01
9.712709721903011184e-01
9.712709721903011184e-01
9.715008044127786402e-01
9.715008044127786402e-01
9.717306366352562730e-01
9.719604688577339058e-01
9.721903010802114276e-01
9.721903010802114276e-01
9.724201333026890604e-01
9.724201333026890604e-01
9.728797977476442149e-01
9.731096299701218477e-01
9.731096299701218477e-01
9.735692944150770023e-01
9.735692944150770023e-01
9.740289588600321569e-01
9.742587910825097897e-01
9.742587910825097897e-01
9.744886233049873114e-01
9.744886233049873114e-01
9.749482877499425770e-01
9.749482877499425770e-01
9.754079521948977316e-01
9.756377844173753644e-01
9.760974488623305190e-01
9.760974488623305190e-01
9.765571133072856735e-01
9.765571133072856735e-01
9.772466099747184609e-01
9.772466099747184609e-01
9.774764421971960937e-01
9.774764421971960937e-01
9.777062744196736155e-01
9.777062744196736155e-01
9.779361066421512483e-01
9.783957710871064029e-01
9.786256033095840356e-01
9.788554355320615574e-01
9.788554355320615574e-01
9.790852677545391902e-01
9.790852677545391902e-01
9.795449321994943448e-01
9.795449321994943448e-01
9.797747644219719776e-01
9.797747644219719776e-01
9.797747644219719776e-01
9.797747644219719776e-01
9.800045966444494994e-01
9.800045966444494994e-01
9.800045966444494994e-01
9.802344288669271322e-01
9.802344288669271322e-01
9.809239255343599195e-01
9.809239255343599195e-01
9.811537577568375523e-01
9.811537577568375523e-01
9.816134222017927069e-01
9.818432544242702287e-01
9.818432544242702287e-01
9.818432544242702287e-01
9.818432544242702287e-01
9.818432544242702287e-01
9.818432544242702287e-01
9.823029188692254943e-01
9.823029188692254943e-01
9.825327510917030160e-01
9.827625833141806488e-01
9.829924155366582816e-01
9.829924155366582816e-01
9.832222477591358034e-01
9.832222477591358034e-01
9.834520799816134362e-01
9.834520799816134362e-01
9.836819122040910690e-01
9.836819122040910690e-01
9.839117444265685908e-01
9.839117444265685908e-01
9.839117444265685908e-01
9.839117444265685908e-01
9.841415766490462236e-01
9.841415766490462236e-01
9.841415766490462236e-01
9.841415766490462236e-01
9.843714088715237454e-01
9.843714088715237454e-01
9.843714088715237454e-01
9.846012410940013782e-01
9.846012410940013782e-01
9.848310733164790109e-01
9.848310733164790109e-01
9.852907377614341655e-01
9.852907377614341655e-01
9.855205699839117983e-01
9.855205699839117983e-01
9.855205699839117983e-01
9.855205699839117983e-01
9.857504022063893201e-01
9.857504022063893201e-01
9.859802344288669529e-01
9.859802344288669529e-01
9.862100666513444747e-01
9.862100666513444747e-01
9.862100666513444747e-01
9.862100666513444747e-01
9.862100666513444747e-01
9.862100666513444747e-01
9.864398988738221075e-01
9.866697310962997403e-01
9.866697310962997403e-01
9.871293955412548948e-01
9.871293955412548948e-01
9.873592277637325276e-01
9.873592277637325276e-01
9.875890599862100494e-01
9.875890599862100494e-01
9.878188922086876822e-01
9.878188922086876822e-01
9.880487244311652040e-01
9.880487244311652040e-01
9.880487244311652040e-01
9.880487244311652040e-01
9.882785566536428368e-01
9.882785566536428368e-01
9.885083888761204696e-01
9.885083888761204696e-01
9.887382210985979913e-01
9.887382210985979913e-01
9.889680533210756241e-01
9.889680533210756241e-01
9.891978855435532569e-01
9.891978855435532569e-01
9.894277177660307787e-01
9.896575499885084115e-01
9.896575499885084115e-01
9.898873822109859333e-01
9.898873822109859333e-01
9.901172144334635661e-01
9.901172144334635661e-01
9.903470466559411989e-01
9.903470466559411989e-01
9.908067111008963535e-01
9.908067111008963535e-01
9.910365433233739862e-01
9.910365433233739862e-01
9.912663755458515080e-01
9.912663755458515080e-01
9.914962077683291408e-01
9.914962077683291408e-01
9.917260399908066626e-01
9.917260399908066626e-01
9.919558722132842954e-01
9.919558722132842954e-01
9.921857044357619282e-01
9.921857044357619282e-01
9.924155366582394500e-01
9.924155366582394500e-01
9.926453688807170828e-01
9.926453688807170828e-01
9.928752011031947156e-01
9.928752011031947156e-01
9.928752011031947156e-01
9.928752011031947156e-01
9.931050333256722373e-01
9.933348655481498701e-01
9.933348655481498701e-01
9.935646977706273919e-01
9.935646977706273919e-01
9.937945299931050247e-01
9.937945299931050247e-01
9.940243622155826575e-01
9.940243622155826575e-01
9.942541944380601793e-01
9.942541944380601793e-01
9.947138588830154449e-01
9.947138588830154449e-01
9.949436911054929666e-01
9.949436911054929666e-01
9.951735233279705994e-01
9.954033555504481212e-01
9.954033555504481212e-01
9.956331877729257540e-01
9.956331877729257540e-01
9.960928522178809086e-01
9.960928522178809086e-01
9.963226844403585414e-01
9.963226844403585414e-01
9.963226844403585414e-01
9.963226844403585414e-01
9.965525166628361742e-01
9.965525166628361742e-01
9.967823488853136960e-01
9.967823488853136960e-01
9.970121811077913287e-01
9.970121811077913287e-01
9.972420133302688505e-01
9.972420133302688505e-01
9.977016777752241161e-01
9.977016777752241161e-01
9.977016777752241161e-01
9.977016777752241161e-01
9.979315099977016379e-01
9.979315099977016379e-01
9.979315099977016379e-01
9.979315099977016379e-01
9.981613422201792707e-01
9.981613422201792707e-01
9.983911744426569035e-01
9.983911744426569035e-01
9.986210066651344253e-01
9.986210066651344253e-01
9.986210066651344253e-01
9.986210066651344253e-01
9.988508388876120581e-01
9.988508388876120581e-01
9.988508388876120581e-01
9.988508388876120581e-01
9.990806711100895798e-01
9.990806711100895798e-01
9.993105033325672126e-01
9.993105033325672126e-01
9.995403355550448454e-01
9.995403355550448454e-01
9.997701677775223672e-01
9.997701677775223672e-01
1.000000000000000000e+00
1.000000000000000000e+00
1.000000000000000000e+00
1.000000000000000000e+00
1.000000000000000000e+00
1.000000000000000000e+00
1.000000000000000000e+00
1.000000000000000000e+00
1.000000000000000000e+00
1.000000000000000000e+00
1.000000000000000000e+00
1.000000000000000000e+00
1.000000000000000000e+00
1.000000000000000000e+00
1.000000000000000000e+00
1.000000000000000000e+00
