0.000000000000000000e+00
6.666666666666667095e-03
1.111111111111111154e-02
1.111111111111111154e-02
1.111111111111111154e-02
1.111111111111111154e-02
1.111111111111111154e-02
1.111111111111111154e-02
1.111111111111111154e-02
1.111111111111111154e-02
1.111111111111111154e-02
1.333333333333333419e-02
1.333333333333333419e-02
1.777777777777777776e-02
1.777777777777777776e-02
2.000000000000000042e-02
2.000000000000000042e-02
2.222222222222222307e-02
2.222222222222222307e-02
3.111111111111111022e-02
3.333333333333333287e-02
3.333333333333333287e-02
4.000000000000000083e-02
4.000000000000000083e-02
4.444444444444444614e-02
4.444444444444444614e-02
4.666666666666666879e-02
4.666666666666666879e-02
4.888888888888889145e-02
4.888888888888889145e-02
5.111111111111111410e-02
5.111111111111111410e-02
5.333333333333333676e-02
5.333333333333333676e-02
5.333333333333333676e-02
5.333333333333333676e-02
5.555555555555555247e-02
5.555555555555555247e-02
5.555555555555555247e-02
5.555555555555555247e-02
5.555555555555555247e-02
5.555555555555555247e-02
5.555555555555555247e-02
5.555555555555555247e-02
5.777777777777777513e-02
5.777777777777777513e-02
5.777777777777777513e-02
5.999999999999999778e-02
5.999999999999999778e-02
5.999999999999999778e-02
5.999999999999999778e-02
6.222222222222222043e-02
6.222222222222222043e-02
6.222222222222222043e-02
6.444444444444444309e-02
6.444444444444444309e-02
6.888888888888888840e-02
6.888888888888888840e-02
7.333333333333333370e-02
7.333333333333333370e-02
7.555555555555555636e-02
7.555555555555555636e-02
8.000000000000000167e-02
8.000000000000000167e-02
8.222222222222222432e-02
8.222222222222222432e-02
8.666666666666666963e-02
8.666666666666666963e-02
8.888888888888889228e-02
8.888888888888889228e-02
9.333333333333333759e-02
9.333333333333333759e-02
9.777777777777778290e-02
9.777777777777778290e-02
1.000000000000000056e-01
1.000000000000000056e-01
1.022222222222222282e-01
1.022222222222222282e-01
1.044444444444444509e-01
1.044444444444444509e-01
1.044444444444444509e-01
1.088888888888888823e-01
1.088888888888888823e-01
1.111111111111111049e-01
1.111111111111111049e-01
1.199999999999999956e-01
1.288888888888888862e-01
1.288888888888888862e-01
1.333333333333333315e-01
1.333333333333333315e-01
1.355555555555555680e-01
1.355555555555555680e-01
1.400000000000000133e-01
1.400000000000000133e-01
1.422222222222222221e-01
1.422222222222222221e-01
1.488888888888888762e-01
1.488888888888888762e-01
1.511111111111111127e-01
1.511111111111111127e-01
1.666666666666666574e-01
1.666666666666666574e-01
1.688888888888888939e-01
1.688888888888888939e-01
1.711111111111111027e-01
1.711111111111111027e-01
1.755555555555555480e-01
1.755555555555555480e-01
1.799999999999999933e-01
1.799999999999999933e-01
1.844444444444444386e-01
1.911111111111111205e-01
1.977777777777777746e-01
1.977777777777777746e-01
2.000000000000000111e-01
2.000000000000000111e-01
2.044444444444444564e-01
2.044444444444444564e-01
2.088888888888889017e-01
2.088888888888889017e-01
2.111111111111111105e-01
2.177777777777777646e-01
2.200000000000000011e-01
2.200000000000000011e-01
2.244444444444444464e-01
2.244444444444444464e-01
2.311111111111111005e-01
2.333333333333333370e-01
2.333333333333333370e-01
2.355555555555555458e-01
2.355555555555555458e-01
2.399999999999999911e-01
2.399999999999999911e-01
2.466666666666666730e-01
2.466666666666666730e-01
2.488888888888888817e-01
2.488888888888888817e-01
2.600000000000000089e-01
2.600000000000000089e-01
2.688888888888888995e-01
2.688888888888888995e-01
2.711111111111111360e-01
2.711111111111111360e-01
2.999999999999999889e-01
2.999999999999999889e-01
3.022222222222222254e-01
3.022222222222222254e-01
3.177777777777777701e-01
3.266666666666666607e-01
3.333333333333333148e-01
3.422222222222222054e-01
3.533333333333333326e-01
3.577777777777777501e-01
3.577777777777777501e-01
3.622222222222222232e-01
3.666666666666666408e-01
3.666666666666666408e-01
3.688888888888888773e-01
3.733333333333333504e-01
3.755555555555555314e-01
3.755555555555555314e-01
3.844444444444444220e-01
3.844444444444444220e-01
4.022222222222222032e-01
4.022222222222222032e-01
4.244444444444444575e-01
4.288888888888888751e-01
4.333333333333333481e-01
4.377777777777777657e-01
4.466666666666666563e-01
4.466666666666666563e-01
4.488888888888888928e-01
4.488888888888888928e-01
4.555555555555555469e-01
4.555555555555555469e-01
4.755555555555555647e-01
4.755555555555555647e-01
4.844444444444444553e-01
4.888888888888888729e-01
4.888888888888888729e-01
4.955555555555555824e-01
5.000000000000000000e-01
5.333333333333333259e-01
5.422222222222222721e-01
5.422222222222222721e-01
5.466666666666666341e-01
5.466666666666666341e-01
5.577777777777778168e-01
5.622222222222221788e-01
5.622222222222221788e-01
5.644444444444444153e-01
5.644444444444444153e-01
5.688888888888888884e-01
5.711111111111111249e-01
5.799999999999999600e-01
5.844444444444444331e-01
5.866666666666666696e-01
5.955555555555555047e-01
5.977777777777777413e-01
5.977777777777777413e-01
6.066666666666666874e-01
6.155555555555555225e-01
6.355555555555555403e-01
6.533333333333333215e-01
6.600000000000000311e-01
6.644444444444443931e-01
6.644444444444443931e-01
6.733333333333333393e-01
6.733333333333333393e-01
6.800000000000000488e-01
6.800000000000000488e-01
6.888888888888888840e-01
6.933333333333333570e-01
6.977777777777778301e-01
7.044444444444444287e-01
7.266666666666666829e-01
7.355555555555555181e-01
7.377777777777777546e-01
7.444444444444444642e-01
7.600000000000000089e-01
7.644444444444444819e-01
7.688888888888888440e-01
7.866666666666666252e-01
7.933333333333333348e-01
7.955555555555555713e-01
8.022222222222221699e-01
8.022222222222221699e-01
8.066666666666666430e-01
8.066666666666666430e-01
8.133333333333333526e-01
8.177777777777778256e-01
8.222222222222221877e-01
8.244444444444444242e-01
8.311111111111111338e-01
8.355555555555556069e-01
8.399999999999999689e-01
8.422222222222222054e-01
8.488888888888889150e-01
8.577777777777777501e-01
8.599999999999999867e-01
8.888888888888888395e-01
9.022222222222222587e-01
9.222222222222222765e-01
9.311111111111111116e-01
9.355555555555555847e-01
9.399999999999999467e-01
9.466666666666666563e-01
9.533333333333333659e-01
9.577777777777777279e-01
9.799999999999999822e-01
1.000000000000000000e+00
