0.000000000000000000e+00
7.777777777777777554e-03
1.111111111111111154e-02
1.111111111111111154e-02
1.111111111111111154e-02
1.111111111111111154e-02
1.111111111111111154e-02
1.111111111111111154e-02
1.111111111111111154e-02
1.111111111111111154e-02
1.111111111111111154e-02
1.111111111111111154e-02
1.111111111111111154e-02
1.111111111111111154e-02
1.333333333333333419e-02
1.444444444444444378e-02
1.444444444444444378e-02
1.555555555555555511e-02
1.777777777777777776e-02
1.777777777777777776e-02
1.888888888888888909e-02
1.888888888888888909e-02
2.111111111111111174e-02
2.111111111111111174e-02
2.333333333333333440e-02
2.333333333333333440e-02
2.444444444444444572e-02
2.444444444444444572e-02
2.555555555555555705e-02
2.555555555555555705e-02
2.666666666666666838e-02
3.111111111111111022e-02
3.111111111111111022e-02
3.222222222222222154e-02
3.222222222222222154e-02
3.333333333333333287e-02
3.333333333333333287e-02
3.444444444444444420e-02
3.444444444444444420e-02
3.888888888888888951e-02
3.888888888888888951e-02
4.222222222222222349e-02
4.222222222222222349e-02
4.666666666666666879e-02
4.666666666666666879e-02
4.777777777777778012e-02
4.777777777777778012e-02
4.888888888888889145e-02
4.888888888888889145e-02
4.888888888888889145e-02
5.000000000000000278e-02
5.000000000000000278e-02
5.111111111111111410e-02
5.111111111111111410e-02
5.222222222222222543e-02
5.222222222222222543e-02
5.333333333333333676e-02
5.333333333333333676e-02
5.666666666666666380e-02
5.666666666666666380e-02
5.777777777777777513e-02
5.777777777777777513e-02
5.888888888888888645e-02
5.888888888888888645e-02
5.999999999999999778e-02
5.999999999999999778e-02
6.111111111111110911e-02
6.111111111111110911e-02
6.222222222222222043e-02
6.222222222222222043e-02
6.333333333333333870e-02
6.333333333333333870e-02
6.555555555555556135e-02
6.555555555555556135e-02
6.555555555555556135e-02
6.555555555555556135e-02
6.555555555555556135e-02
6.555555555555556135e-02
6.555555555555556135e-02
6.555555555555556135e-02
6.555555555555556135e-02
6.555555555555556135e-02
6.555555555555556135e-02
6.555555555555556135e-02
6.555555555555556135e-02
6.555555555555556135e-02
6.666666666666666574e-02
6.666666666666666574e-02
6.666666666666666574e-02
6.666666666666666574e-02
6.777777777777778401e-02
6.777777777777778401e-02
6.777777777777778401e-02
6.777777777777778401e-02
6.888888888888888840e-02
6.888888888888888840e-02
7.000000000000000666e-02
7.000000000000000666e-02
7.000000000000000666e-02
7.000000000000000666e-02
7.000000000000000666e-02
7.000000000000000666e-02
7.222222222222221544e-02
7.222222222222221544e-02
7.222222222222221544e-02
7.222222222222221544e-02
7.222222222222221544e-02
7.222222222222221544e-02
7.333333333333333370e-02
7.333333333333333370e-02
7.555555555555555636e-02
7.555555555555555636e-02
7.888888888888888340e-02
7.888888888888888340e-02
8.000000000000000167e-02
8.000000000000000167e-02
8.000000000000000167e-02
8.111111111111110605e-02
8.111111111111110605e-02
8.555555555555555136e-02
8.555555555555555136e-02
8.777777777777777402e-02
8.777777777777777402e-02
8.888888888888889228e-02
9.444444444444444198e-02
9.555555555555556024e-02
9.666666666666666463e-02
9.888888888888888729e-02
9.888888888888888729e-02
1.000000000000000056e-01
1.000000000000000056e-01
1.000000000000000056e-01
1.011111111111111099e-01
1.011111111111111099e-01
1.044444444444444509e-01
1.044444444444444509e-01
1.055555555555555552e-01
1.055555555555555552e-01
1.077777777777777779e-01
1.077777777777777779e-01
1.111111111111111049e-01
1.111111111111111049e-01
1.133333333333333276e-01
1.133333333333333276e-01
1.155555555555555503e-01
1.155555555555555503e-01
1.166666666666666685e-01
1.188888888888888912e-01
1.188888888888888912e-01
1.188888888888888912e-01
1.211111111111111138e-01
1.211111111111111138e-01
1.222222222222222182e-01
1.222222222222222182e-01
1.244444444444444409e-01
1.244444444444444409e-01
1.255555555555555591e-01
1.255555555555555591e-01
1.277777777777777679e-01
1.277777777777777679e-01
1.288888888888888862e-01
1.288888888888888862e-01
1.333333333333333315e-01
1.344444444444444497e-01
1.344444444444444497e-01
1.377777777777777768e-01
1.377777777777777768e-01
1.400000000000000133e-01
1.400000000000000133e-01
1.422222222222222221e-01
1.422222222222222221e-01
1.455555555555555491e-01
1.455555555555555491e-01
1.466666666666666674e-01
1.466666666666666674e-01
1.477777777777777857e-01
1.477777777777777857e-01
1.488888888888888762e-01
1.488888888888888762e-01
1.499999999999999944e-01
1.499999999999999944e-01
1.522222222222222310e-01
1.522222222222222310e-01
1.533333333333333215e-01
1.533333333333333215e-01
1.555555555555555580e-01
1.555555555555555580e-01
1.566666666666666763e-01
1.566666666666666763e-01
1.577777777777777668e-01
1.577777777777777668e-01
1.600000000000000033e-01
1.600000000000000033e-01
1.666666666666666574e-01
1.666666666666666574e-01
1.700000000000000122e-01
1.744444444444444575e-01
1.766666666666666663e-01
1.766666666666666663e-01
1.777777777777777846e-01
1.777777777777777846e-01
1.788888888888888751e-01
1.788888888888888751e-01
1.799999999999999933e-01
1.799999999999999933e-01
1.833333333333333204e-01
1.833333333333333204e-01
1.866666666666666752e-01
1.866666666666666752e-01
1.877777777777777657e-01
1.877777777777777657e-01
1.888888888888888840e-01
1.888888888888888840e-01
1.900000000000000022e-01
1.900000000000000022e-01
1.933333333333333293e-01
1.966666666666666563e-01
2.000000000000000111e-01
2.000000000000000111e-01
2.022222222222222199e-01
2.022222222222222199e-01
2.033333333333333381e-01
2.033333333333333381e-01
2.044444444444444564e-01
2.044444444444444564e-01
2.066666666666666652e-01
2.099999999999999922e-01
2.099999999999999922e-01
2.111111111111111105e-01
2.111111111111111105e-01
2.144444444444444375e-01
2.144444444444444375e-01
2.166666666666666741e-01
2.200000000000000011e-01
2.211111111111111194e-01
2.233333333333333282e-01
2.266666666666666552e-01
2.300000000000000100e-01
2.311111111111111005e-01
2.311111111111111005e-01
2.311111111111111005e-01
2.322222222222222188e-01
2.322222222222222188e-01
2.333333333333333370e-01
2.333333333333333370e-01
2.344444444444444553e-01
2.344444444444444553e-01
2.377777777777777823e-01
2.377777777777777823e-01
2.388888888888889006e-01
2.422222222222222276e-01
2.422222222222222276e-01
2.444444444444444364e-01
2.444444444444444364e-01
2.466666666666666730e-01
2.466666666666666730e-01
2.500000000000000000e-01
2.500000000000000000e-01
2.522222222222222365e-01
2.522222222222222365e-01
2.544444444444444176e-01
2.544444444444444176e-01
2.577777777777777724e-01
2.577777777777777724e-01
2.644444444444444264e-01
2.644444444444444264e-01
2.666666666666666630e-01
2.666666666666666630e-01
2.700000000000000178e-01
2.700000000000000178e-01
2.711111111111111360e-01
2.711111111111111360e-01
2.733333333333333171e-01
2.733333333333333171e-01
2.766666666666666718e-01
2.766666666666666718e-01
2.866666666666666807e-01
2.866666666666666807e-01
2.922222222222222165e-01
2.966666666666666896e-01
2.977777777777777524e-01
2.977777777777777524e-01
2.988888888888888706e-01
2.988888888888888706e-01
3.044444444444444620e-01
3.044444444444444620e-01
3.111111111111111160e-01
3.111111111111111160e-01
3.333333333333333148e-01
3.333333333333333148e-01
3.344444444444444331e-01
3.344444444444444331e-01
3.377777777777777879e-01
3.377777777777777879e-01
3.400000000000000244e-01
3.444444444444444420e-01
3.444444444444444420e-01
3.455555555555555602e-01
3.477777777777777968e-01
3.499999999999999778e-01
3.499999999999999778e-01
3.522222222222222143e-01
3.555555555555555691e-01
3.566666666666666874e-01
3.588888888888888684e-01
3.611111111111111049e-01
3.644444444444444597e-01
3.688888888888888773e-01
3.733333333333333504e-01
3.755555555555555314e-01
3.777777777777777679e-01
3.788888888888888862e-01
3.811111111111111227e-01
3.844444444444444220e-01
3.866666666666666585e-01
3.866666666666666585e-01
3.877777777777777768e-01
3.877777777777777768e-01
3.900000000000000133e-01
3.900000000000000133e-01
3.922222222222222499e-01
3.922222222222222499e-01
3.955555555555555491e-01
3.955555555555555491e-01
3.966666666666666674e-01
3.988888888888889039e-01
4.011111111111110850e-01
4.011111111111110850e-01
4.088888888888889128e-01
4.088888888888889128e-01
4.144444444444444486e-01
4.166666666666666852e-01
4.188888888888888662e-01
4.211111111111111027e-01
4.222222222222222210e-01
4.222222222222222210e-01
4.244444444444444575e-01
4.244444444444444575e-01
4.311111111111111116e-01
4.388888888888888840e-01
4.400000000000000022e-01
4.400000000000000022e-01
4.444444444444444198e-01
4.466666666666666563e-01
4.466666666666666563e-01
4.477777777777777746e-01
4.500000000000000111e-01
4.533333333333333104e-01
4.577777777777777835e-01
4.577777777777777835e-01
4.588888888888889017e-01
4.588888888888889017e-01
4.622222222222222010e-01
4.622222222222222010e-01
4.644444444444444375e-01
4.644444444444444375e-01
4.655555555555555558e-01
4.655555555555555558e-01
4.677777777777777923e-01
4.677777777777777923e-01
4.877777777777777546e-01
4.877777777777777546e-01
4.944444444444444642e-01
4.944444444444444642e-01
4.955555555555555824e-01
4.988888888888888817e-01
5.011111111111110628e-01
5.033333333333332993e-01
5.033333333333332993e-01
5.100000000000000089e-01
5.144444444444444819e-01
5.166666666666667185e-01
5.377777777777777990e-01
5.377777777777777990e-01
5.533333333333333437e-01
5.566666666666666430e-01
5.588888888888888795e-01
5.588888888888888795e-01
5.611111111111111160e-01
5.611111111111111160e-01
5.677777777777778256e-01
5.699999999999999512e-01
5.711111111111111249e-01
5.733333333333333615e-01
5.744444444444444242e-01
5.766666666666666607e-01
5.766666666666666607e-01
5.799999999999999600e-01
5.799999999999999600e-01
5.811111111111111338e-01
5.811111111111111338e-01
5.822222222222221966e-01
5.844444444444444331e-01
5.866666666666666696e-01
5.866666666666666696e-01
5.955555555555555047e-01
5.966666666666666785e-01
6.011111111111111516e-01
6.044444444444444509e-01
6.066666666666666874e-01
6.099999999999999867e-01
6.122222222222222232e-01
6.122222222222222232e-01
6.133333333333332860e-01
6.133333333333332860e-01
6.144444444444444597e-01
6.144444444444444597e-01
6.177777777777777590e-01
6.211111111111110583e-01
6.222222222222222321e-01
6.222222222222222321e-01
6.311111111111110672e-01
6.500000000000000222e-01
6.644444444444443931e-01
6.677777777777778034e-01
6.700000000000000400e-01
6.700000000000000400e-01
6.711111111111111027e-01
6.711111111111111027e-01
6.733333333333333393e-01
6.733333333333333393e-01
6.788888888888888751e-01
6.822222222222221744e-01
6.822222222222221744e-01
6.844444444444444109e-01
6.877777777777778212e-01
6.877777777777778212e-01
6.888888888888888840e-01
6.888888888888888840e-01
6.944444444444444198e-01
6.944444444444444198e-01
6.955555555555555935e-01
7.055555555555556024e-01
7.111111111111111382e-01
7.144444444444444375e-01
7.166666666666666741e-01
7.199999999999999734e-01
7.222222222222222099e-01
7.444444444444444642e-01
7.511111111111110628e-01
7.522222222222222365e-01
7.555555555555555358e-01
7.566666666666667096e-01
7.566666666666667096e-01
7.577777777777777724e-01
7.611111111111110716e-01
7.744444444444444908e-01
7.744444444444444908e-01
7.777777777777777901e-01
7.822222222222222632e-01
7.855555555555555625e-01
7.877777777777777990e-01
8.066666666666666430e-01
8.077777777777778168e-01
8.144444444444444153e-01
8.166666666666666519e-01
8.211111111111111249e-01
8.211111111111111249e-01
8.233333333333333615e-01
8.244444444444444242e-01
8.244444444444444242e-01
8.311111111111111338e-01
8.344444444444444331e-01
8.388888888888889062e-01
8.399999999999999689e-01
8.433333333333333792e-01
8.444444444444444420e-01
8.477777777777777413e-01
8.488888888888889150e-01
8.488888888888889150e-01
8.499999999999999778e-01
8.522222222222222143e-01
8.533333333333333881e-01
8.566666666666666874e-01
8.633333333333332860e-01
8.655555555555555225e-01
8.688888888888889328e-01
8.944444444444444864e-01
9.033333333333333215e-01
9.255555555555555758e-01
9.355555555555555847e-01
9.355555555555555847e-01
9.388888888888888840e-01
9.477777777777778301e-01
9.488888888888888928e-01
9.511111111111111294e-01
9.566666666666666652e-01
9.622222222222222010e-01
9.644444444444444375e-01
9.855555555555555181e-01
9.855555555555555181e-01
1.000000000000000000e+00
