0.000000000000000000e+00
5.925925925925925632e-03
8.148148148148147418e-03
8.148148148148147418e-03
8.148148148148147418e-03
8.148148148148147418e-03
8.148148148148147418e-03
8.148148148148147418e-03
8.148148148148147418e-03
8.148148148148147418e-03
8.148148148148147418e-03
8.148148148148147418e-03
8.148148148148147418e-03
8.148148148148147418e-03
8.148148148148147418e-03
8.148148148148147418e-03
8.148148148148147418e-03
8.148148148148147418e-03
1.111111111111111154e-02
1.259259259259259273e-02
1.333333333333333419e-02
1.333333333333333419e-02
1.407407407407407392e-02
1.555555555555555511e-02
1.555555555555555511e-02
1.777777777777777776e-02
1.851851851851851749e-02
1.851851851851851749e-02
1.851851851851851749e-02
1.925925925925926069e-02
1.925925925925926069e-02
2.074074074074074014e-02
2.074074074074074014e-02
2.148148148148147987e-02
2.148148148148147987e-02
2.222222222222222307e-02
2.222222222222222307e-02
2.296296296296296280e-02
2.296296296296296280e-02
2.370370370370370253e-02
2.370370370370370253e-02
2.444444444444444572e-02
2.444444444444444572e-02
2.518518518518518545e-02
2.518518518518518545e-02
2.592592592592592518e-02
2.592592592592592518e-02
2.666666666666666838e-02
2.962962962962963076e-02
2.962962962962963076e-02
3.111111111111111022e-02
3.333333333333333287e-02
3.407407407407407607e-02
3.407407407407407607e-02
3.481481481481481233e-02
3.481481481481481233e-02
3.555555555555555552e-02
3.555555555555555552e-02
3.851851851851852138e-02
3.851851851851852138e-02
4.074074074074074403e-02
4.074074074074074403e-02
4.370370370370370294e-02
4.370370370370370294e-02
4.518518518518518240e-02
4.518518518518518240e-02
4.592592592592592560e-02
4.592592592592592560e-02
4.740740740740740505e-02
4.740740740740740505e-02
4.814814814814814825e-02
4.814814814814814825e-02
4.814814814814814825e-02
4.962962962962962771e-02
4.962962962962962771e-02
5.111111111111111410e-02
5.111111111111111410e-02
5.185185185185185036e-02
5.185185185185185036e-02
5.259259259259259356e-02
5.259259259259259356e-02
5.407407407407407302e-02
5.407407407407407302e-02
5.481481481481481621e-02
5.481481481481481621e-02
5.481481481481481621e-02
5.555555555555555247e-02
5.555555555555555247e-02
5.777777777777777513e-02
5.777777777777777513e-02
5.851851851851851832e-02
5.851851851851851832e-02
5.925925925925926152e-02
5.925925925925926152e-02
5.999999999999999778e-02
5.999999999999999778e-02
6.148148148148148417e-02
6.148148148148148417e-02
6.148148148148148417e-02
6.370370370370370683e-02
6.444444444444444309e-02
6.444444444444444309e-02
6.592592592592592948e-02
6.592592592592592948e-02
6.666666666666666574e-02
6.666666666666666574e-02
6.814814814814815214e-02
6.814814814814815214e-02
6.814814814814815214e-02
6.814814814814815214e-02
6.814814814814815214e-02
6.814814814814815214e-02
6.814814814814815214e-02
6.888888888888888840e-02
6.888888888888888840e-02
6.962962962962962465e-02
6.962962962962962465e-02
6.962962962962962465e-02
6.962962962962962465e-02
6.962962962962962465e-02
6.962962962962962465e-02
6.962962962962962465e-02
6.962962962962962465e-02
7.037037037037037479e-02
7.037037037037037479e-02
7.037037037037037479e-02
7.037037037037037479e-02
7.037037037037037479e-02
7.037037037037037479e-02
7.111111111111111105e-02
7.111111111111111105e-02
7.185185185185184731e-02
7.185185185185184731e-02
7.185185185185184731e-02
7.259259259259259744e-02
7.259259259259259744e-02
7.333333333333333370e-02
7.333333333333333370e-02
7.407407407407406996e-02
7.407407407407406996e-02
7.481481481481482010e-02
7.481481481481482010e-02
7.481481481481482010e-02
7.481481481481482010e-02
7.481481481481482010e-02
7.481481481481482010e-02
7.555555555555555636e-02
7.555555555555555636e-02
7.555555555555555636e-02
7.703703703703704275e-02
7.703703703703704275e-02
7.777777777777777901e-02
7.777777777777777901e-02
7.777777777777777901e-02
7.777777777777777901e-02
7.777777777777777901e-02
7.777777777777777901e-02
7.777777777777777901e-02
7.777777777777777901e-02
7.851851851851851527e-02
7.851851851851851527e-02
7.851851851851851527e-02
7.851851851851851527e-02
7.925925925925926541e-02
7.925925925925926541e-02
8.074074074074073792e-02
8.074074074074073792e-02
8.296296296296296058e-02
8.296296296296296058e-02
8.444444444444444697e-02
8.444444444444444697e-02
8.518518518518518323e-02
8.518518518518518323e-02
8.592592592592591949e-02
8.592592592592591949e-02
8.666666666666666963e-02
8.666666666666666963e-02
8.814814814814814214e-02
8.814814814814814214e-02
8.814814814814814214e-02
8.888888888888889228e-02
8.888888888888889228e-02
8.888888888888889228e-02
8.962962962962962854e-02
8.962962962962962854e-02
9.259259259259258745e-02
9.259259259259258745e-02
9.259259259259258745e-02
9.407407407407407385e-02
9.407407407407407385e-02
9.481481481481481011e-02
9.851851851851851916e-02
9.925925925925925541e-02
1.000000000000000056e-01
1.000000000000000056e-01
1.014814814814814781e-01
1.014814814814814781e-01
1.029629629629629645e-01
1.029629629629629645e-01
1.044444444444444509e-01
1.051851851851851871e-01
1.051851851851851871e-01
1.051851851851851871e-01
1.066666666666666735e-01
1.066666666666666735e-01
1.088888888888888823e-01
1.088888888888888823e-01
1.088888888888888823e-01
1.096296296296296324e-01
1.096296296296296324e-01
1.103703703703703687e-01
1.103703703703703687e-01
1.118518518518518551e-01
1.118518518518518551e-01
1.125925925925925913e-01
1.125925925925925913e-01
1.155555555555555503e-01
1.155555555555555503e-01
1.170370370370370366e-01
1.170370370370370366e-01
1.199999999999999956e-01
1.199999999999999956e-01
1.207407407407407457e-01
1.229629629629629683e-01
1.244444444444444409e-01
1.244444444444444409e-01
1.244444444444444409e-01
1.244444444444444409e-01
1.259259259259259134e-01
1.259259259259259134e-01
1.274074074074074137e-01
1.274074074074074137e-01
1.288888888888888862e-01
1.288888888888888862e-01
1.296296296296296224e-01
1.296296296296296224e-01
1.303703703703703587e-01
1.303703703703703587e-01
1.303703703703703587e-01
1.303703703703703587e-01
1.318518518518518590e-01
1.318518518518518590e-01
1.333333333333333315e-01
1.333333333333333315e-01
1.340740740740740677e-01
1.340740740740740677e-01
1.348148148148148040e-01
1.348148148148148040e-01
1.355555555555555680e-01
1.355555555555555680e-01
1.370370370370370405e-01
1.400000000000000133e-01
1.407407407407407496e-01
1.407407407407407496e-01
1.422222222222222221e-01
1.481481481481481399e-01
1.481481481481481399e-01
1.488888888888888762e-01
1.496296296296296402e-01
1.496296296296296402e-01
1.511111111111111127e-01
1.511111111111111127e-01
1.525925925925925852e-01
1.525925925925925852e-01
1.562962962962962943e-01
1.562962962962962943e-01
1.570370370370370305e-01
1.570370370370370305e-01
1.577777777777777668e-01
1.577777777777777668e-01
1.585185185185185308e-01
1.585185185185185308e-01
1.592592592592592671e-01
1.592592592592592671e-01
1.614814814814814758e-01
1.614814814814814758e-01
1.629629629629629761e-01
1.629629629629629761e-01
1.637037037037037124e-01
1.637037037037037124e-01
1.651851851851851849e-01
1.651851851851851849e-01
1.659259259259259212e-01
1.659259259259259212e-01
1.666666666666666574e-01
1.666666666666666574e-01
1.681481481481481577e-01
1.681481481481481577e-01
1.733333333333333393e-01
1.733333333333333393e-01
1.740740740740740755e-01
1.740740740740740755e-01
1.762962962962962843e-01
1.770370370370370483e-01
1.785185185185185208e-01
1.814814814814814936e-01
1.829629629629629661e-01
1.851851851851851749e-01
1.851851851851851749e-01
1.859259259259259389e-01
1.859259259259259389e-01
1.866666666666666752e-01
1.866666666666666752e-01
1.874074074074074114e-01
1.874074074074074114e-01
1.896296296296296202e-01
1.896296296296296202e-01
1.911111111111111205e-01
1.911111111111111205e-01
1.918518518518518567e-01
1.918518518518518567e-01
1.933333333333333293e-01
1.933333333333333293e-01
1.955555555555555658e-01
1.955555555555555658e-01
1.962962962962963021e-01
1.962962962962963021e-01
1.970370370370370383e-01
1.970370370370370383e-01
1.977777777777777746e-01
1.977777777777777746e-01
2.007407407407407474e-01
2.029629629629629561e-01
2.037037037037036924e-01
2.037037037037036924e-01
2.059259259259259289e-01
2.059259259259259289e-01
2.074074074074074014e-01
2.074074074074074014e-01
2.081481481481481377e-01
2.081481481481481377e-01
2.088888888888889017e-01
2.088888888888889017e-01
2.103703703703703742e-01
2.103703703703703742e-01
2.118518518518518468e-01
2.140740740740740833e-01
2.148148148148148195e-01
2.148148148148148195e-01
2.155555555555555558e-01
2.155555555555555558e-01
2.162962962962962921e-01
2.162962962962962921e-01
2.170370370370370283e-01
2.170370370370370283e-01
2.192592592592592649e-01
2.192592592592592649e-01
2.214814814814814736e-01
2.237037037037037102e-01
2.244444444444444464e-01
2.259259259259259189e-01
2.281481481481481555e-01
2.303703703703703642e-01
2.311111111111111005e-01
2.311111111111111005e-01
2.325925925925926008e-01
2.325925925925926008e-01
2.333333333333333370e-01
2.333333333333333370e-01
2.333333333333333370e-01
2.340740740740740733e-01
2.340740740740740733e-01
2.355555555555555458e-01
2.355555555555555458e-01
2.377777777777777823e-01
2.377777777777777823e-01
2.392592592592592549e-01
2.414814814814814914e-01
2.422222222222222276e-01
2.422222222222222276e-01
2.437037037037037002e-01
2.451851851851851727e-01
2.451851851851851727e-01
2.466666666666666730e-01
2.466666666666666730e-01
2.488888888888888817e-01
2.488888888888888817e-01
2.511111111111111183e-01
2.511111111111111183e-01
2.533333333333333548e-01
2.533333333333333548e-01
2.548148148148148273e-01
2.548148148148148273e-01
2.570370370370370638e-01
2.577777777777777724e-01
2.577777777777777724e-01
2.585185185185185364e-01
2.585185185185185364e-01
2.607407407407407174e-01
2.607407407407407174e-01
2.614814814814814814e-01
2.614814814814814814e-01
2.637037037037037179e-01
2.637037037037037179e-01
2.651851851851851904e-01
2.651851851851851904e-01
2.666666666666666630e-01
2.666666666666666630e-01
2.711111111111111360e-01
2.711111111111111360e-01
2.725925925925926085e-01
2.725925925925926085e-01
2.748148148148147896e-01
2.748148148148147896e-01
2.755555555555555536e-01
2.770370370370370261e-01
2.777777777777777901e-01
2.800000000000000266e-01
2.814814814814814992e-01
2.814814814814814992e-01
2.851851851851852082e-01
2.866666666666666807e-01
2.911111111111110983e-01
2.911111111111110983e-01
2.925925925925925708e-01
2.925925925925925708e-01
2.955555555555555713e-01
2.985185185185185164e-01
2.999999999999999889e-01
3.007407407407407529e-01
3.007407407407407529e-01
3.014814814814814614e-01
3.014814814814814614e-01
3.074074074074074070e-01
3.074074074074074070e-01
3.096296296296296435e-01
3.148148148148148251e-01
3.148148148148148251e-01
3.155555555555555336e-01
3.155555555555555336e-01
3.170370370370370616e-01
3.192592592592592426e-01
3.266666666666666607e-01
3.266666666666666607e-01
3.288888888888888973e-01
3.288888888888888973e-01
3.348148148148147873e-01
3.348148148148147873e-01
3.370370370370370239e-01
3.370370370370370239e-01
3.392592592592592604e-01
3.392592592592592604e-01
3.407407407407407329e-01
3.407407407407407329e-01
3.414814814814814969e-01
3.429629629629629695e-01
3.437037037037036780e-01
3.451851851851852060e-01
3.451851851851852060e-01
3.466666666666666785e-01
3.481481481481481510e-01
3.496296296296296235e-01
3.496296296296296235e-01
3.518518518518518601e-01
3.540740740740740966e-01
3.548148148148148051e-01
3.562962962962962776e-01
3.570370370370370416e-01
3.570370370370370416e-01
3.585185185185185142e-01
3.607407407407407507e-01
3.637037037037036957e-01
3.666666666666666408e-01
3.674074074074074048e-01
3.703703703703703498e-01
3.725925925925925863e-01
3.733333333333333504e-01
3.748148148148148229e-01
3.762962962962962954e-01
3.762962962962962954e-01
3.770370370370370594e-01
3.785185185185185319e-01
3.785185185185185319e-01
3.800000000000000044e-01
3.800000000000000044e-01
3.814814814814814770e-01
3.822222222222222410e-01
3.822222222222222410e-01
3.844444444444444220e-01
3.844444444444444220e-01
3.851851851851851860e-01
3.851851851851851860e-01
3.866666666666666585e-01
3.881481481481481310e-01
3.881481481481481310e-01
3.896296296296296036e-01
3.911111111111111316e-01
3.933333333333333126e-01
3.933333333333333126e-01
3.948148148148148406e-01
3.955555555555555491e-01
3.955555555555555491e-01
3.977777777777777857e-01
3.977777777777777857e-01
4.014814814814814947e-01
4.014814814814814947e-01
4.044444444444444398e-01
4.044444444444444398e-01
4.066666666666666763e-01
4.103703703703703853e-01
4.125925925925925664e-01
4.140740740740740944e-01
4.155555555555555669e-01
4.155555555555555669e-01
4.162962962962962754e-01
4.162962962962962754e-01
4.177777777777778034e-01
4.185185185185185119e-01
4.185185185185185119e-01
4.259259259259259300e-01
4.340740740740740566e-01
4.355555555555555292e-01
4.355555555555555292e-01
4.385185185185185297e-01
4.414814814814814747e-01
4.414814814814814747e-01
4.429629629629629473e-01
4.444444444444444198e-01
4.466666666666666563e-01
4.481481481481481288e-01
4.518518518518518379e-01
4.518518518518518379e-01
4.525925925925926019e-01
4.525925925925926019e-01
4.562962962962963109e-01
4.562962962962963109e-01
4.585185185185184920e-01
4.585185185185184920e-01
4.600000000000000200e-01
4.614814814814814925e-01
4.622222222222222010e-01
4.622222222222222010e-01
4.651851851851852016e-01
4.651851851851852016e-01
4.696296296296296191e-01
4.718518518518518556e-01
4.755555555555555647e-01
4.777777777777778012e-01
4.807407407407407463e-01
4.822222222222222188e-01
4.859259259259259278e-01
4.859259259259259278e-01
4.933333333333333459e-01
4.933333333333333459e-01
4.940740740740740544e-01
4.962962962962962910e-01
4.977777777777777635e-01
4.985185185185185275e-01
4.985185185185185275e-01
5.000000000000000000e-01
5.000000000000000000e-01
5.014814814814815280e-01
5.029629629629629450e-01
5.044444444444444731e-01
5.059259259259258901e-01
5.111111111111110716e-01
5.125925925925925997e-01
5.333333333333333259e-01
5.333333333333333259e-01
5.414814814814814525e-01
5.429629629629629806e-01
5.444444444444443976e-01
5.459259259259259256e-01
5.481481481481481621e-01
5.481481481481481621e-01
5.488888888888888706e-01
5.518518518518518157e-01
5.540740740740740522e-01
5.540740740740740522e-01
5.555555555555555802e-01
5.555555555555555802e-01
5.644444444444444153e-01
5.659259259259259434e-01
5.666666666666666519e-01
5.681481481481481799e-01
5.688888888888888884e-01
5.703703703703704164e-01
5.703703703703704164e-01
5.725925925925925419e-01
5.725925925925925419e-01
5.740740740740740700e-01
5.740740740740740700e-01
5.755555555555555980e-01
5.770370370370370150e-01
5.770370370370370150e-01
5.785185185185185430e-01
5.785185185185185430e-01
5.851851851851851416e-01
5.859259259259259611e-01
5.859259259259259611e-01
5.866666666666666696e-01
5.896296296296296147e-01
5.903703703703703232e-01
5.918518518518518512e-01
5.940740740740740877e-01
5.985185185185185608e-01
5.999999999999999778e-01
5.999999999999999778e-01
6.007407407407406863e-01
6.007407407407406863e-01
6.022222222222222143e-01
6.022222222222222143e-01
6.051851851851851594e-01
6.096296296296296324e-01
6.103703703703703409e-01
6.103703703703703409e-01
6.170370370370370505e-01
6.362962962962962488e-01
6.488888888888888484e-01
6.503703703703703765e-01
6.518518518518519045e-01
6.540740740740740300e-01
6.562962962962962665e-01
6.570370370370370861e-01
6.570370370370370861e-01
6.585185185185185031e-01
6.585185185185185031e-01
6.600000000000000311e-01
6.622222222222222676e-01
6.622222222222222676e-01
6.666666666666666297e-01
6.688888888888888662e-01
6.688888888888888662e-01
6.711111111111111027e-01
6.718518518518518112e-01
6.740740740740740478e-01
6.740740740740740478e-01
6.748148148148148673e-01
6.748148148148148673e-01
6.792592592592592293e-01
6.792592592592592293e-01
6.800000000000000488e-01
6.881481481481481755e-01
6.911111111111111205e-01
6.955555555555555935e-01
6.985185185185185386e-01
6.992592592592592471e-01
7.007407407407407751e-01
7.029629629629630116e-01
7.051851851851851372e-01
7.222222222222222099e-01
7.281481481481481000e-01
7.296296296296296280e-01
7.318518518518518645e-01
7.325925925925925730e-01
7.325925925925925730e-01
7.333333333333332815e-01
7.377777777777777546e-01
7.399999999999999911e-01
7.422222222222222276e-01
7.437037037037037557e-01
7.451851851851851727e-01
7.451851851851851727e-01
7.488888888888889372e-01
7.511111111111110628e-01
7.525925925925925908e-01
7.525925925925925908e-01
7.548148148148148273e-01
7.577777777777777724e-01
7.600000000000000089e-01
7.644444444444444819e-01
7.659259259259258990e-01
7.666666666666667185e-01
7.696296296296296635e-01
7.718518518518519000e-01
7.896296296296296813e-01
7.903703703703703898e-01
7.962962962962962798e-01
7.977777777777778079e-01
8.000000000000000444e-01
8.007407407407407529e-01
8.037037037037036979e-01
8.037037037037036979e-01
8.044444444444444065e-01
8.059259259259259345e-01
8.074074074074074625e-01
8.074074074074074625e-01
8.140740740740740611e-01
8.170370370370370061e-01
8.192592592592592426e-01
8.192592592592592426e-01
8.199999999999999512e-01
8.199999999999999512e-01
8.259259259259259522e-01
8.274074074074073692e-01
8.296296296296296058e-01
8.303703703703704253e-01
8.340740740740740788e-01
8.355555555555556069e-01
8.362962962962963154e-01
8.362962962962963154e-01
8.377777777777777324e-01
8.392592592592592604e-01
8.407407407407407884e-01
8.444444444444444420e-01
8.503703703703703320e-01
8.518518518518518601e-01
8.540740740740740966e-01
8.562962962962963331e-01
8.577777777777777501e-01
8.874074074074074225e-01
8.881481481481481310e-01
8.985185185185184942e-01
9.259259259259259300e-01
9.362962962962962932e-01
9.362962962962962932e-01
9.385185185185185297e-01
9.399999999999999467e-01
9.429629629629630028e-01
9.451851851851852393e-01
9.496296296296296013e-01
9.533333333333333659e-01
9.548148148148147829e-01
9.555555555555556024e-01
9.599999999999999645e-01
9.614814814814814925e-01
9.851851851851851638e-01
9.851851851851851638e-01
1.000000000000000000e+00
