0.000000000000000000e+00
5.555555555555555768e-03
7.777777777777777554e-03
7.777777777777777554e-03
7.777777777777777554e-03
7.777777777777777554e-03
7.777777777777777554e-03
7.777777777777777554e-03
7.777777777777777554e-03
7.777777777777777554e-03
7.777777777777777554e-03
7.777777777777777554e-03
7.777777777777777554e-03
7.777777777777777554e-03
7.777777777777777554e-03
7.777777777777777554e-03
7.777777777777777554e-03
7.777777777777777554e-03
7.777777777777777554e-03
1.000000000000000021e-02
1.111111111111111154e-02
1.166666666666666720e-02
1.166666666666666720e-02
1.222222222222222286e-02
1.333333333333333419e-02
1.499999999999999944e-02
1.499999999999999944e-02
1.499999999999999944e-02
1.611111111111111077e-02
1.777777777777777776e-02
1.833333333333333343e-02
1.833333333333333343e-02
1.833333333333333343e-02
1.888888888888888909e-02
1.888888888888888909e-02
2.000000000000000042e-02
2.000000000000000042e-02
2.111111111111111174e-02
2.111111111111111174e-02
2.166666666666666741e-02
2.166666666666666741e-02
2.222222222222222307e-02
2.222222222222222307e-02
2.277777777777777873e-02
2.277777777777777873e-02
2.277777777777777873e-02
2.333333333333333440e-02
2.333333333333333440e-02
2.388888888888889006e-02
2.388888888888889006e-02
2.444444444444444572e-02
2.444444444444444572e-02
2.500000000000000139e-02
2.500000000000000139e-02
2.555555555555555705e-02
2.555555555555555705e-02
2.611111111111111271e-02
2.611111111111111271e-02
2.666666666666666838e-02
2.888888888888888756e-02
2.888888888888888756e-02
2.999999999999999889e-02
3.166666666666666935e-02
3.222222222222222154e-02
3.222222222222222154e-02
3.277777777777778068e-02
3.388888888888889200e-02
3.388888888888889200e-02
3.444444444444444420e-02
3.444444444444444420e-02
3.500000000000000333e-02
3.500000000000000333e-02
3.722222222222221905e-02
3.722222222222221905e-02
3.833333333333333037e-02
3.833333333333333037e-02
3.888888888888888951e-02
3.888888888888888951e-02
4.111111111111111216e-02
4.222222222222222349e-02
4.222222222222222349e-02
4.277777777777777568e-02
4.277777777777777568e-02
4.388888888888888701e-02
4.388888888888888701e-02
4.444444444444444614e-02
4.444444444444444614e-02
4.555555555555555747e-02
4.555555555555555747e-02
4.611111111111110966e-02
4.611111111111110966e-02
4.611111111111110966e-02
4.722222222222222099e-02
4.722222222222222099e-02
4.888888888888889145e-02
4.888888888888889145e-02
4.944444444444444364e-02
4.944444444444444364e-02
4.944444444444444364e-02
4.944444444444444364e-02
5.000000000000000278e-02
5.000000000000000278e-02
5.111111111111111410e-02
5.111111111111111410e-02
5.166666666666666630e-02
5.166666666666666630e-02
5.166666666666666630e-02
5.222222222222222543e-02
5.222222222222222543e-02
5.277777777777777762e-02
5.277777777777777762e-02
5.388888888888888895e-02
5.555555555555555247e-02
5.555555555555555247e-02
5.611111111111111160e-02
5.722222222222222293e-02
5.722222222222222293e-02
5.777777777777777513e-02
5.777777777777777513e-02
5.833333333333333426e-02
5.833333333333333426e-02
5.944444444444444559e-02
5.944444444444444559e-02
5.944444444444444559e-02
5.944444444444444559e-02
6.111111111111110911e-02
6.222222222222222043e-02
6.222222222222222043e-02
6.222222222222222043e-02
6.333333333333333870e-02
6.333333333333333870e-02
6.388888888888888395e-02
6.388888888888888395e-02
6.444444444444444309e-02
6.444444444444444309e-02
6.555555555555556135e-02
6.555555555555556135e-02
6.555555555555556135e-02
6.555555555555556135e-02
6.611111111111110661e-02
6.611111111111110661e-02
6.611111111111110661e-02
6.666666666666666574e-02
6.666666666666666574e-02
6.666666666666666574e-02
6.666666666666666574e-02
6.722222222222222487e-02
6.722222222222222487e-02
6.777777777777778401e-02
6.777777777777778401e-02
6.777777777777778401e-02
6.777777777777778401e-02
6.777777777777778401e-02
6.777777777777778401e-02
6.777777777777778401e-02
6.777777777777778401e-02
6.833333333333332926e-02
6.833333333333332926e-02
6.833333333333332926e-02
6.833333333333332926e-02
6.833333333333332926e-02
6.833333333333332926e-02
6.833333333333332926e-02
6.833333333333332926e-02
6.888888888888888840e-02
6.888888888888888840e-02
6.944444444444444753e-02
6.944444444444444753e-02
7.000000000000000666e-02
7.000000000000000666e-02
7.055555555555555192e-02
7.055555555555555192e-02
7.111111111111111105e-02
7.111111111111111105e-02
7.111111111111111105e-02
7.111111111111111105e-02
7.111111111111111105e-02
7.166666666666667018e-02
7.166666666666667018e-02
7.222222222222221544e-02
7.222222222222221544e-02
7.277777777777777457e-02
7.277777777777777457e-02
7.333333333333333370e-02
7.333333333333333370e-02
7.388888888888889284e-02
7.388888888888889284e-02
7.388888888888889284e-02
7.388888888888889284e-02
7.388888888888889284e-02
7.388888888888889284e-02
7.388888888888889284e-02
7.388888888888889284e-02
7.444444444444443809e-02
7.444444444444443809e-02
7.444444444444443809e-02
7.555555555555555636e-02
7.555555555555555636e-02
7.611111111111111549e-02
7.611111111111111549e-02
7.611111111111111549e-02
7.611111111111111549e-02
7.611111111111111549e-02
7.611111111111111549e-02
7.666666666666666075e-02
7.666666666666666075e-02
7.666666666666666075e-02
7.722222222222221988e-02
7.722222222222221988e-02
7.722222222222221988e-02
7.722222222222221988e-02
7.777777777777777901e-02
7.777777777777777901e-02
7.777777777777777901e-02
7.777777777777777901e-02
7.833333333333333814e-02
7.833333333333333814e-02
8.000000000000000167e-02
8.000000000000000167e-02
8.055555555555556080e-02
8.055555555555556080e-02
8.222222222222222432e-02
8.222222222222222432e-02
8.333333333333332871e-02
8.333333333333332871e-02
8.388888888888888784e-02
8.388888888888888784e-02
8.444444444444444697e-02
8.444444444444444697e-02
8.500000000000000611e-02
8.500000000000000611e-02
8.611111111111111049e-02
8.611111111111111049e-02
8.666666666666666963e-02
8.666666666666666963e-02
8.833333333333333315e-02
8.833333333333333315e-02
8.833333333333333315e-02
8.888888888888889228e-02
8.888888888888889228e-02
8.888888888888889228e-02
8.944444444444443754e-02
8.944444444444443754e-02
9.166666666666666019e-02
9.166666666666666019e-02
9.166666666666666019e-02
9.166666666666666019e-02
9.222222222222221932e-02
9.388888888888888284e-02
9.388888888888888284e-02
9.444444444444444198e-02
9.777777777777778290e-02
9.833333333333332815e-02
9.888888888888888729e-02
9.888888888888888729e-02
1.011111111111111099e-01
1.011111111111111099e-01
1.022222222222222282e-01
1.022222222222222282e-01
1.033333333333333326e-01
1.038888888888888917e-01
1.038888888888888917e-01
1.038888888888888917e-01
1.049999999999999961e-01
1.049999999999999961e-01
1.066666666666666735e-01
1.066666666666666735e-01
1.066666666666666735e-01
1.077777777777777779e-01
1.077777777777777779e-01
1.083333333333333370e-01
1.083333333333333370e-01
1.088888888888888823e-01
1.088888888888888823e-01
1.100000000000000006e-01
1.100000000000000006e-01
1.105555555555555597e-01
1.105555555555555597e-01
1.105555555555555597e-01
1.105555555555555597e-01
1.127777777777777823e-01
1.127777777777777823e-01
1.138888888888888867e-01
1.138888888888888867e-01
1.155555555555555503e-01
1.155555555555555503e-01
1.161111111111111094e-01
1.161111111111111094e-01
1.161111111111111094e-01
1.172222222222222276e-01
1.188888888888888912e-01
1.199999999999999956e-01
1.199999999999999956e-01
1.199999999999999956e-01
1.199999999999999956e-01
1.211111111111111138e-01
1.211111111111111138e-01
1.222222222222222182e-01
1.222222222222222182e-01
1.222222222222222182e-01
1.233333333333333365e-01
1.233333333333333365e-01
1.233333333333333365e-01
1.233333333333333365e-01
1.238888888888888956e-01
1.238888888888888956e-01
1.244444444444444409e-01
1.244444444444444409e-01
1.250000000000000000e-01
1.250000000000000000e-01
1.250000000000000000e-01
1.250000000000000000e-01
1.261111111111111183e-01
1.261111111111111183e-01
1.261111111111111183e-01
1.261111111111111183e-01
1.272222222222222088e-01
1.272222222222222088e-01
1.277777777777777679e-01
1.277777777777777679e-01
1.283333333333333270e-01
1.283333333333333270e-01
1.294444444444444453e-01
1.305555555555555636e-01
1.305555555555555636e-01
1.311111111111111227e-01
1.311111111111111227e-01
1.322222222222222132e-01
1.333333333333333315e-01
1.338888888888888906e-01
1.361111111111110994e-01
1.366666666666666585e-01
1.366666666666666585e-01
1.372222222222222177e-01
1.372222222222222177e-01
1.383333333333333359e-01
1.383333333333333359e-01
1.416666666666666630e-01
1.416666666666666630e-01
1.427777777777777812e-01
1.427777777777777812e-01
1.433333333333333404e-01
1.438888888888888995e-01
1.438888888888888995e-01
1.449999999999999900e-01
1.449999999999999900e-01
1.461111111111111083e-01
1.461111111111111083e-01
1.466666666666666674e-01
1.466666666666666674e-01
1.499999999999999944e-01
1.499999999999999944e-01
1.505555555555555536e-01
1.505555555555555536e-01
1.511111111111111127e-01
1.511111111111111127e-01
1.516666666666666718e-01
1.516666666666666718e-01
1.522222222222222310e-01
1.522222222222222310e-01
1.527777777777777901e-01
1.527777777777777901e-01
1.555555555555555580e-01
1.555555555555555580e-01
1.566666666666666763e-01
1.566666666666666763e-01
1.572222222222222354e-01
1.572222222222222354e-01
1.583333333333333259e-01
1.583333333333333259e-01
1.588888888888888851e-01
1.588888888888888851e-01
1.594444444444444442e-01
1.594444444444444442e-01
1.594444444444444442e-01
1.605555555555555625e-01
1.605555555555555625e-01
1.611111111111111216e-01
1.611111111111111216e-01
1.661111111111110983e-01
1.661111111111110983e-01
1.666666666666666574e-01
1.666666666666666574e-01
1.677777777777777757e-01
1.705555555555555436e-01
1.711111111111111027e-01
1.733333333333333393e-01
1.755555555555555480e-01
1.766666666666666663e-01
1.772222222222222254e-01
1.783333333333333437e-01
1.788888888888888751e-01
1.788888888888888751e-01
1.794444444444444342e-01
1.794444444444444342e-01
1.799999999999999933e-01
1.799999999999999933e-01
1.811111111111111116e-01
1.811111111111111116e-01
1.816666666666666707e-01
1.816666666666666707e-01
1.833333333333333204e-01
1.833333333333333204e-01
1.844444444444444386e-01
1.844444444444444386e-01
1.849999999999999978e-01
1.849999999999999978e-01
1.861111111111111160e-01
1.861111111111111160e-01
1.894444444444444431e-01
1.894444444444444431e-01
1.900000000000000022e-01
1.900000000000000022e-01
1.911111111111111205e-01
1.916666666666666796e-01
1.916666666666666796e-01
1.922222222222222110e-01
1.922222222222222110e-01
1.944444444444444475e-01
1.961111111111111249e-01
1.966666666666666563e-01
1.966666666666666563e-01
1.972222222222222154e-01
1.972222222222222154e-01
2.011111111111111016e-01
2.011111111111111016e-01
2.027777777777777790e-01
2.027777777777777790e-01
2.033333333333333381e-01
2.033333333333333381e-01
2.038888888888888973e-01
2.038888888888888973e-01
2.049999999999999878e-01
2.049999999999999878e-01
2.055555555555555469e-01
2.055555555555555469e-01
2.072222222222222243e-01
2.072222222222222243e-01
2.077777777777777835e-01
2.088888888888889017e-01
2.105555555555555514e-01
2.111111111111111105e-01
2.111111111111111105e-01
2.116666666666666696e-01
2.116666666666666696e-01
2.122222222222222288e-01
2.122222222222222288e-01
2.127777777777777879e-01
2.127777777777777879e-01
2.144444444444444375e-01
2.144444444444444375e-01
2.155555555555555558e-01
2.166666666666666741e-01
2.166666666666666741e-01
2.172222222222222332e-01
2.188888888888888828e-01
2.200000000000000011e-01
2.211111111111111194e-01
2.216666666666666785e-01
2.227777777777777690e-01
2.238888888888888873e-01
2.255555555555555647e-01
2.261111111111111238e-01
2.261111111111111238e-01
2.261111111111111238e-01
2.272222222222222143e-01
2.272222222222222143e-01
2.277777777777777735e-01
2.277777777777777735e-01
2.277777777777777735e-01
2.294444444444444509e-01
2.294444444444444509e-01
2.305555555555555691e-01
2.316666666666666596e-01
2.316666666666666596e-01
2.327777777777777779e-01
2.327777777777777779e-01
2.344444444444444553e-01
2.355555555555555458e-01
2.355555555555555458e-01
2.366666666666666641e-01
2.383333333333333415e-01
2.388888888888889006e-01
2.388888888888889006e-01
2.394444444444444320e-01
2.394444444444444320e-01
2.399999999999999911e-01
2.411111111111111094e-01
2.422222222222222276e-01
2.422222222222222276e-01
2.433333333333333459e-01
2.433333333333333459e-01
2.433333333333333459e-01
2.433333333333333459e-01
2.444444444444444364e-01
2.444444444444444364e-01
2.461111111111111138e-01
2.461111111111111138e-01
2.466666666666666730e-01
2.466666666666666730e-01
2.483333333333333226e-01
2.483333333333333226e-01
2.483333333333333226e-01
2.494444444444444409e-01
2.511111111111111183e-01
2.511111111111111183e-01
2.527777777777777679e-01
2.527777777777777679e-01
2.533333333333333548e-01
2.533333333333333548e-01
2.550000000000000044e-01
2.555555555555555358e-01
2.555555555555555358e-01
2.566666666666666541e-01
2.566666666666666541e-01
2.572222222222222410e-01
2.572222222222222410e-01
2.583333333333333592e-01
2.583333333333333592e-01
2.594444444444444220e-01
2.594444444444444220e-01
2.605555555555555403e-01
2.611111111111111271e-01
2.611111111111111271e-01
2.616666666666666585e-01
2.616666666666666585e-01
2.627777777777777768e-01
2.627777777777777768e-01
2.638888888888888951e-01
2.638888888888888951e-01
2.650000000000000133e-01
2.650000000000000133e-01
2.683333333333333126e-01
2.683333333333333126e-01
2.694444444444444309e-01
2.694444444444444309e-01
2.700000000000000178e-01
2.700000000000000178e-01
2.716666666666666674e-01
2.716666666666666674e-01
2.727777777777777857e-01
2.727777777777777857e-01
2.750000000000000222e-01
2.761111111111110850e-01
2.766666666666666718e-01
2.783333333333333215e-01
2.794444444444444398e-01
2.794444444444444398e-01
2.827777777777777946e-01
2.838888888888889128e-01
2.866666666666666807e-01
2.866666666666666807e-01
2.872222222222222121e-01
2.872222222222222121e-01
2.883333333333333304e-01
2.883333333333333304e-01
2.905555555555555669e-01
2.933333333333333348e-01
2.938888888888888662e-01
2.949999999999999845e-01
2.955555555555555713e-01
2.955555555555555713e-01
2.955555555555555713e-01
2.961111111111111027e-01
2.961111111111111027e-01
3.016666666666666941e-01
3.016666666666666941e-01
3.033333333333333437e-01
3.044444444444444620e-01
3.066666666666666430e-01
3.094444444444444664e-01
3.105555555555555292e-01
3.111111111111111160e-01
3.111111111111111160e-01
3.122222222222222343e-01
3.122222222222222343e-01
3.127777777777777657e-01
3.127777777777777657e-01
3.138888888888888840e-01
3.155555555555555336e-01
3.166666666666666519e-01
3.177777777777777701e-01
3.233333333333333059e-01
3.233333333333333059e-01
3.255555555555555425e-01
3.255555555555555425e-01
3.266666666666666607e-01
3.266666666666666607e-01
3.311111111111111338e-01
3.311111111111111338e-01
3.316666666666666652e-01
3.316666666666666652e-01
3.333333333333333148e-01
3.333333333333333148e-01
3.338888888888889017e-01
3.350000000000000200e-01
3.355555555555555514e-01
3.355555555555555514e-01
3.366666666666666696e-01
3.366666666666666696e-01
3.372222222222222010e-01
3.383333333333333193e-01
3.394444444444444375e-01
3.405555555555555558e-01
3.405555555555555558e-01
3.416666666666666741e-01
3.427777777777777923e-01
3.444444444444444420e-01
3.444444444444444420e-01
3.449999999999999734e-01
3.461111111111110916e-01
3.488888888888889150e-01
3.505555555555555647e-01
3.511111111111110961e-01
3.522222222222222143e-01
3.527777777777778012e-01
3.527777777777778012e-01
3.538888888888888640e-01
3.555555555555555691e-01
3.561111111111111005e-01
3.561111111111111005e-01
3.588888888888888684e-01
3.611111111111111049e-01
3.616666666666666918e-01
3.638888888888888729e-01
3.655555555555555780e-01
3.666666666666666408e-01
3.677777777777777590e-01
3.699999999999999956e-01
3.699999999999999956e-01
3.705555555555555824e-01
3.716666666666666452e-01
3.716666666666666452e-01
3.727777777777777635e-01
3.727777777777777635e-01
3.738888888888888817e-01
3.744444444444444686e-01
3.744444444444444686e-01
3.761111111111111183e-01
3.761111111111111183e-01
3.766666666666666496e-01
3.766666666666666496e-01
3.772222222222222365e-01
3.794444444444444176e-01
3.794444444444444176e-01
3.816666666666666541e-01
3.844444444444444220e-01
3.866666666666666585e-01
3.866666666666666585e-01
3.877777777777777768e-01
3.883333333333333082e-01
3.883333333333333082e-01
3.900000000000000133e-01
3.900000000000000133e-01
3.905555555555555447e-01
3.916666666666666630e-01
3.922222222222222499e-01
3.933333333333333126e-01
3.950000000000000178e-01
3.961111111111111360e-01
3.972222222222221988e-01
3.972222222222221988e-01
4.000000000000000222e-01
4.000000000000000222e-01
4.016666666666666718e-01
4.050000000000000266e-01
4.083333333333333259e-01
4.094444444444444442e-01
4.105555555555555625e-01
4.105555555555555625e-01
4.111111111111110938e-01
4.111111111111110938e-01
4.122222222222222121e-01
4.138888888888888618e-01
4.144444444444444486e-01
4.144444444444444486e-01
4.149999999999999800e-01
4.305555555555555802e-01
4.316666666666666430e-01
4.316666666666666430e-01
4.338888888888888795e-01
4.372222222222222343e-01
4.372222222222222343e-01
4.383333333333333526e-01
4.394444444444444708e-01
4.405555555555555336e-01
4.427777777777777701e-01
4.466666666666666563e-01
4.466666666666666563e-01
4.472222222222222432e-01
4.472222222222222432e-01
4.500000000000000111e-01
4.500000000000000111e-01
4.516666666666666607e-01
4.516666666666666607e-01
4.527777777777777790e-01
4.538888888888888973e-01
4.544444444444444287e-01
4.544444444444444287e-01
4.583333333333333148e-01
4.583333333333333148e-01
4.611111111111111382e-01
4.633333333333333193e-01
4.644444444444444375e-01
4.661111111111110872e-01
4.666666666666666741e-01
4.666666666666666741e-01
4.705555555555555602e-01
4.727777777777777968e-01
4.755555555555555647e-01
4.772222222222222143e-01
4.772222222222222143e-01
4.805555555555555691e-01
4.805555555555555691e-01
4.822222222222222188e-01
4.844444444444444553e-01
4.877777777777777546e-01
4.877777777777777546e-01
4.883333333333333415e-01
4.899999999999999911e-01
4.922222222222222276e-01
4.927777777777777590e-01
4.927777777777777590e-01
4.949999999999999956e-01
4.949999999999999956e-01
4.961111111111111138e-01
4.972222222222222321e-01
4.994444444444444686e-01
5.011111111111110628e-01
5.072222222222222410e-01
5.088888888888888351e-01
5.194444444444444864e-01
5.205555555555555491e-01
5.283333333333333215e-01
5.283333333333333215e-01
5.294444444444444953e-01
5.366666666666666252e-01
5.377777777777777990e-01
5.411111111111110983e-01
5.422222222222222721e-01
5.444444444444443976e-01
5.444444444444443976e-01
5.450000000000000400e-01
5.477777777777778079e-01
5.494444444444444020e-01
5.494444444444444020e-01
5.511111111111111072e-01
5.511111111111111072e-01
5.588888888888888795e-01
5.600000000000000533e-01
5.605555555555555847e-01
5.627777777777778212e-01
5.633333333333333526e-01
5.649999999999999467e-01
5.649999999999999467e-01
5.666666666666666519e-01
5.677777777777778256e-01
5.677777777777778256e-01
5.688888888888888884e-01
5.688888888888888884e-01
5.694444444444444198e-01
5.694444444444444198e-01
5.705555555555555935e-01
5.716666666666666563e-01
5.716666666666666563e-01
5.738888888888888928e-01
5.738888888888888928e-01
5.811111111111111338e-01
5.822222222222221966e-01
5.822222222222221966e-01
5.827777777777777279e-01
5.838888888888889017e-01
5.861111111111111382e-01
5.861111111111111382e-01
5.866666666666666696e-01
5.877777777777777324e-01
5.894444444444444375e-01
5.911111111111111427e-01
5.949999999999999734e-01
5.961111111111111471e-01
5.961111111111111471e-01
5.966666666666666785e-01
5.966666666666666785e-01
5.983333333333333837e-01
5.983333333333333837e-01
6.011111111111111516e-01
6.049999999999999822e-01
6.061111111111111560e-01
6.061111111111111560e-01
6.111111111111111605e-01
6.316666666666667096e-01
6.438888888888888440e-01
6.450000000000000178e-01
6.461111111111110805e-01
6.483333333333333171e-01
6.505555555555555536e-01
6.511111111111110850e-01
6.511111111111110850e-01
6.516666666666666163e-01
6.527777777777777901e-01
6.533333333333333215e-01
6.533333333333333215e-01
6.538888888888888529e-01
6.538888888888888529e-01
6.550000000000000266e-01
6.572222222222222632e-01
6.605555555555555625e-01
6.605555555555555625e-01
6.633333333333333304e-01
6.633333333333333304e-01
6.638888888888888618e-01
6.650000000000000355e-01
6.666666666666666297e-01
6.666666666666666297e-01
6.700000000000000400e-01
6.711111111111111027e-01
6.727777777777778079e-01
6.727777777777778079e-01
6.738888888888888706e-01
6.738888888888888706e-01
6.783333333333333437e-01
6.783333333333333437e-01
6.788888888888888751e-01
6.872222222222221788e-01
6.894444444444444153e-01
6.905555555555555891e-01
6.922222222222221832e-01
6.944444444444444198e-01
6.949999999999999512e-01
6.988888888888888928e-01
6.994444444444444242e-01
7.016666666666666607e-01
7.033333333333333659e-01
7.044444444444444287e-01
7.055555555555556024e-01
7.205555555555555047e-01
7.266666666666666829e-01
7.277777777777777457e-01
7.299999999999999822e-01
7.305555555555555136e-01
7.305555555555555136e-01
7.311111111111111560e-01
7.349999999999999867e-01
7.377777777777777546e-01
7.383333333333332860e-01
7.394444444444444597e-01
7.411111111111111649e-01
7.422222222222222276e-01
7.433333333333332904e-01
7.433333333333332904e-01
7.449999999999999956e-01
7.455555555555555269e-01
7.466666666666667007e-01
7.477777777777777635e-01
7.511111111111110628e-01
7.522222222222222365e-01
7.522222222222222365e-01
7.533333333333332993e-01
7.533333333333332993e-01
7.544444444444444731e-01
7.550000000000000044e-01
7.577777777777777724e-01
7.600000000000000089e-01
7.638888888888888395e-01
7.661111111111110761e-01
7.666666666666667185e-01
7.694444444444444864e-01
7.705555555555555491e-01
7.716666666666666119e-01
7.905555555555555669e-01
7.911111111111110983e-01
7.966666666666666341e-01
7.972222222222222765e-01
7.972222222222222765e-01
7.977777777777778079e-01
7.994444444444444020e-01
8.000000000000000444e-01
8.033333333333333437e-01
8.033333333333333437e-01
8.038888888888888751e-01
8.050000000000000488e-01
8.061111111111111116e-01
8.061111111111111116e-01
8.127777777777778212e-01
8.172222222222221832e-01
8.188888888888888884e-01
8.205555555555555935e-01
8.205555555555555935e-01
8.211111111111111249e-01
8.211111111111111249e-01
8.216666666666666563e-01
8.283333333333333659e-01
8.305555555555556024e-01
8.322222222222221966e-01
8.327777777777777279e-01
8.355555555555556069e-01
8.361111111111111382e-01
8.372222222222222010e-01
8.377777777777777324e-01
8.377777777777777324e-01
8.394444444444444375e-01
8.405555555555555003e-01
8.416666666666666741e-01
8.455555555555555047e-01
8.499999999999999778e-01
8.516666666666666829e-01
8.533333333333333881e-01
8.549999999999999822e-01
8.561111111111111560e-01
8.838888888888888351e-01
8.844444444444444775e-01
8.938888888888888440e-01
9.255555555555555758e-01
9.366666666666666474e-01
9.366666666666666474e-01
9.383333333333333526e-01
9.394444444444444153e-01
9.427777777777778256e-01
9.449999999999999512e-01
9.505555555555555980e-01
9.522222222222221921e-01
9.533333333333333659e-01
9.544444444444444287e-01
9.594444444444444331e-01
9.605555555555556069e-01
9.827777777777777501e-01
9.827777777777777501e-01
1.000000000000000000e+00
