0.000000000000000000e+00
6.222222222222221870e-03
8.000000000000000167e-03
8.000000000000000167e-03
8.000000000000000167e-03
8.000000000000000167e-03
8.000000000000000167e-03
8.000000000000000167e-03
8.000000000000000167e-03
8.000000000000000167e-03
8.000000000000000167e-03
8.000000000000000167e-03
8.000000000000000167e-03
8.000000000000000167e-03
8.000000000000000167e-03
8.000000000000000167e-03
8.000000000000000167e-03
8.000000000000000167e-03
8.000000000000000167e-03
8.000000000000000167e-03
9.777777777777777596e-03
1.066666666666666631e-02
1.155555555555555503e-02
1.155555555555555503e-02
1.155555555555555503e-02
1.200000000000000025e-02
1.288888888888888896e-02
1.422222222222222290e-02
1.422222222222222290e-02
1.422222222222222290e-02
1.600000000000000033e-02
1.733333333333333254e-02
1.822222222222222299e-02
1.955555555555555519e-02
2.000000000000000042e-02
2.000000000000000042e-02
2.000000000000000042e-02
2.044444444444444564e-02
2.044444444444444564e-02
2.088888888888888740e-02
2.088888888888888740e-02
2.177777777777777785e-02
2.177777777777777785e-02
2.266666666666666829e-02
2.266666666666666829e-02
2.311111111111111005e-02
2.311111111111111005e-02
2.355555555555555527e-02
2.355555555555555527e-02
2.400000000000000050e-02
2.400000000000000050e-02
2.444444444444444572e-02
2.444444444444444572e-02
2.488888888888888748e-02
2.488888888888888748e-02
2.488888888888888748e-02
2.488888888888888748e-02
2.533333333333333270e-02
2.533333333333333270e-02
2.577777777777777793e-02
2.577777777777777793e-02
2.622222222222222315e-02
2.622222222222222315e-02
2.666666666666666838e-02
2.666666666666666838e-02
2.755555555555555536e-02
2.844444444444444581e-02
2.844444444444444581e-02
2.888888888888888756e-02
2.888888888888888756e-02
2.933333333333333279e-02
2.933333333333333279e-02
2.977777777777777801e-02
2.977777777777777801e-02
3.022222222222222324e-02
3.200000000000000067e-02
3.200000000000000067e-02
3.288888888888889112e-02
3.422222222222222332e-02
3.466666666666666508e-02
3.466666666666666508e-02
3.511111111111111377e-02
3.599999999999999728e-02
3.644444444444444597e-02
3.644444444444444597e-02
3.688888888888888773e-02
3.688888888888888773e-02
3.733333333333333642e-02
3.733333333333333642e-02
3.911111111111111038e-02
3.911111111111111038e-02
3.955555555555555214e-02
4.044444444444444259e-02
4.088888888888889128e-02
4.088888888888889128e-02
4.133333333333333304e-02
4.133333333333333304e-02
4.222222222222222349e-02
4.355555555555555569e-02
4.444444444444444614e-02
4.444444444444444614e-02
4.533333333333333659e-02
4.533333333333333659e-02
4.577777777777777835e-02
4.577777777777777835e-02
4.666666666666666879e-02
4.666666666666666879e-02
4.711111111111111055e-02
4.711111111111111055e-02
4.800000000000000100e-02
4.800000000000000100e-02
4.933333333333333320e-02
4.933333333333333320e-02
4.933333333333333320e-02
5.066666666666666541e-02
5.066666666666666541e-02
5.155555555555555586e-02
5.155555555555555586e-02
5.199999999999999761e-02
5.199999999999999761e-02
5.244444444444444631e-02
5.244444444444444631e-02
5.244444444444444631e-02
5.244444444444444631e-02
5.288888888888888806e-02
5.288888888888888806e-02
5.422222222222222027e-02
5.422222222222222027e-02
5.511111111111111072e-02
5.511111111111111072e-02
5.555555555555555247e-02
5.555555555555555247e-02
5.555555555555555247e-02
5.644444444444444292e-02
5.688888888888889162e-02
5.688888888888889162e-02
5.733333333333333337e-02
5.733333333333333337e-02
5.822222222222222382e-02
5.999999999999999778e-02
6.133333333333332998e-02
6.222222222222222043e-02
6.222222222222222043e-02
6.266666666666666219e-02
6.266666666666666219e-02
6.311111111111111782e-02
6.400000000000000133e-02
6.400000000000000133e-02
6.444444444444444309e-02
6.444444444444444309e-02
6.488888888888888484e-02
6.488888888888888484e-02
6.488888888888888484e-02
6.488888888888888484e-02
6.577777777777778223e-02
6.577777777777778223e-02
6.577777777777778223e-02
6.577777777777778223e-02
6.577777777777778223e-02
6.577777777777778223e-02
6.711111111111110750e-02
6.800000000000000488e-02
6.800000000000000488e-02
6.800000000000000488e-02
6.888888888888888840e-02
6.888888888888888840e-02
6.933333333333333015e-02
6.933333333333333015e-02
6.977777777777777191e-02
6.977777777777777191e-02
7.022222222222222754e-02
7.022222222222222754e-02
7.022222222222222754e-02
7.022222222222222754e-02
7.111111111111111105e-02
7.111111111111111105e-02
7.199999999999999456e-02
7.199999999999999456e-02
7.199999999999999456e-02
7.199999999999999456e-02
7.244444444444445019e-02
7.244444444444445019e-02
7.244444444444445019e-02
7.288888888888889195e-02
7.288888888888889195e-02
7.288888888888889195e-02
7.288888888888889195e-02
7.333333333333333370e-02
7.333333333333333370e-02
7.377777777777777546e-02
7.377777777777777546e-02
7.377777777777777546e-02
7.377777777777777546e-02
7.422222222222221721e-02
7.422222222222221721e-02
7.422222222222221721e-02
7.422222222222221721e-02
7.466666666666667285e-02
7.466666666666667285e-02
7.466666666666667285e-02
7.466666666666667285e-02
7.511111111111111460e-02
7.511111111111111460e-02
7.511111111111111460e-02
7.511111111111111460e-02
7.511111111111111460e-02
7.555555555555555636e-02
7.555555555555555636e-02
7.555555555555555636e-02
7.555555555555555636e-02
7.555555555555555636e-02
7.555555555555555636e-02
7.555555555555555636e-02
7.599999999999999811e-02
7.599999999999999811e-02
7.644444444444443987e-02
7.644444444444443987e-02
7.688888888888889550e-02
7.688888888888889550e-02
7.733333333333333726e-02
7.733333333333333726e-02
7.777777777777777901e-02
7.777777777777777901e-02
7.822222222222222077e-02
7.822222222222222077e-02
7.822222222222222077e-02
7.822222222222222077e-02
7.866666666666666252e-02
7.866666666666666252e-02
7.866666666666666252e-02
7.866666666666666252e-02
7.866666666666666252e-02
7.911111111111110428e-02
7.911111111111110428e-02
7.955555555555555991e-02
7.955555555555555991e-02
8.000000000000000167e-02
8.000000000000000167e-02
8.044444444444444342e-02
8.044444444444444342e-02
8.088888888888888518e-02
8.088888888888888518e-02
8.088888888888888518e-02
8.088888888888888518e-02
8.088888888888888518e-02
8.088888888888888518e-02
8.088888888888888518e-02
8.088888888888888518e-02
8.088888888888888518e-02
8.088888888888888518e-02
8.133333333333332693e-02
8.133333333333332693e-02
8.133333333333332693e-02
8.177777777777778256e-02
8.177777777777778256e-02
8.222222222222222432e-02
8.222222222222222432e-02
8.266666666666666607e-02
8.266666666666666607e-02
8.311111111111110783e-02
8.311111111111110783e-02
8.311111111111110783e-02
8.311111111111110783e-02
8.355555555555554959e-02
8.355555555555554959e-02
8.355555555555554959e-02
8.355555555555554959e-02
8.400000000000000522e-02
8.400000000000000522e-02
8.400000000000000522e-02
8.444444444444444697e-02
8.444444444444444697e-02
8.444444444444444697e-02
8.488888888888888873e-02
8.488888888888888873e-02
8.577777777777777224e-02
8.577777777777777224e-02
8.577777777777777224e-02
8.577777777777777224e-02
8.577777777777777224e-02
8.577777777777777224e-02
8.622222222222222787e-02
8.622222222222222787e-02
8.755555555555555314e-02
8.755555555555555314e-02
8.799999999999999489e-02
8.799999999999999489e-02
8.844444444444445053e-02
8.844444444444445053e-02
8.933333333333333404e-02
8.933333333333333404e-02
9.022222222222221755e-02
9.022222222222221755e-02
9.066666666666667318e-02
9.066666666666667318e-02
9.111111111111111494e-02
9.111111111111111494e-02
9.155555555555555669e-02
9.155555555555555669e-02
9.199999999999999845e-02
9.199999999999999845e-02
9.244444444444444020e-02
9.244444444444444020e-02
9.333333333333333759e-02
9.333333333333333759e-02
9.466666666666666285e-02
9.466666666666666285e-02
9.511111111111110461e-02
9.511111111111110461e-02
9.688888888888888551e-02
9.688888888888888551e-02
9.688888888888888551e-02
9.733333333333332726e-02
9.733333333333332726e-02
9.733333333333332726e-02
9.777777777777778290e-02
9.777777777777778290e-02
9.955555555555554992e-02
9.955555555555554992e-02
9.955555555555554992e-02
9.955555555555554992e-02
1.004444444444444473e-01
1.017777777777777726e-01
1.017777777777777726e-01
1.022222222222222282e-01
1.053333333333333344e-01
1.057777777777777761e-01
1.062222222222222179e-01
1.062222222222222179e-01
1.079999999999999988e-01
1.079999999999999988e-01
1.093333333333333379e-01
1.093333333333333379e-01
1.102222222222222214e-01
1.106666666666666632e-01
1.106666666666666632e-01
1.115555555555555606e-01
1.115555555555555606e-01
1.124444444444444441e-01
1.124444444444444441e-01
1.137777777777777832e-01
1.137777777777777832e-01
1.137777777777777832e-01
1.155555555555555503e-01
1.155555555555555503e-01
1.160000000000000059e-01
1.160000000000000059e-01
1.164444444444444476e-01
1.164444444444444476e-01
1.173333333333333311e-01
1.173333333333333311e-01
1.177777777777777729e-01
1.177777777777777729e-01
1.182222222222222285e-01
1.182222222222222285e-01
1.182222222222222285e-01
1.191111111111111120e-01
1.208888888888888929e-01
1.208888888888888929e-01
1.217777777777777765e-01
1.217777777777777765e-01
1.235555555555555574e-01
1.235555555555555574e-01
1.239999999999999991e-01
1.239999999999999991e-01
1.239999999999999991e-01
1.244444444444444409e-01
1.244444444444444409e-01
1.248888888888888826e-01
1.262222222222222356e-01
1.262222222222222356e-01
1.266666666666666774e-01
1.266666666666666774e-01
1.275555555555555609e-01
1.275555555555555609e-01
1.275555555555555609e-01
1.275555555555555609e-01
1.284444444444444444e-01
1.284444444444444444e-01
1.293333333333333279e-01
1.293333333333333279e-01
1.293333333333333279e-01
1.302222222222222114e-01
1.302222222222222114e-01
1.302222222222222114e-01
1.302222222222222114e-01
1.306666666666666532e-01
1.306666666666666532e-01
1.311111111111111227e-01
1.311111111111111227e-01
1.315555555555555645e-01
1.315555555555555645e-01
1.320000000000000062e-01
1.320000000000000062e-01
1.320000000000000062e-01
1.320000000000000062e-01
1.328888888888888897e-01
1.328888888888888897e-01
1.333333333333333315e-01
1.333333333333333315e-01
1.333333333333333315e-01
1.333333333333333315e-01
1.333333333333333315e-01
1.333333333333333315e-01
1.342222222222222150e-01
1.342222222222222150e-01
1.346666666666666567e-01
1.346666666666666567e-01
1.351111111111110985e-01
1.351111111111110985e-01
1.368888888888888933e-01
1.373333333333333350e-01
1.373333333333333350e-01
1.382222222222222185e-01
1.382222222222222185e-01
1.386666666666666603e-01
1.386666666666666603e-01
1.395555555555555438e-01
1.404444444444444551e-01
1.408888888888888968e-01
1.408888888888888968e-01
1.417777777777777803e-01
1.426666666666666639e-01
1.426666666666666639e-01
1.431111111111111056e-01
1.439999999999999891e-01
1.444444444444444309e-01
1.444444444444444309e-01
1.448888888888889004e-01
1.448888888888889004e-01
1.453333333333333421e-01
1.453333333333333421e-01
1.462222222222222257e-01
1.462222222222222257e-01
1.493333333333333457e-01
1.493333333333333457e-01
1.502222222222222292e-01
1.502222222222222292e-01
1.506666666666666710e-01
1.511111111111111127e-01
1.511111111111111127e-01
1.515555555555555545e-01
1.515555555555555545e-01
1.519999999999999962e-01
1.519999999999999962e-01
1.528888888888888797e-01
1.528888888888888797e-01
1.533333333333333215e-01
1.533333333333333215e-01
1.559999999999999998e-01
1.559999999999999998e-01
1.564444444444444415e-01
1.564444444444444415e-01
1.573333333333333250e-01
1.573333333333333250e-01
1.582222222222222086e-01
1.582222222222222086e-01
1.582222222222222086e-01
1.582222222222222086e-01
1.586666666666666781e-01
1.586666666666666781e-01
1.591111111111111198e-01
1.591111111111111198e-01
1.613333333333333286e-01
1.622222222222222121e-01
1.622222222222222121e-01
1.626666666666666539e-01
1.626666666666666539e-01
1.635555555555555651e-01
1.635555555555555651e-01
1.640000000000000069e-01
1.640000000000000069e-01
1.644444444444444486e-01
1.644444444444444486e-01
1.648888888888888904e-01
1.648888888888888904e-01
1.653333333333333321e-01
1.653333333333333321e-01
1.666666666666666574e-01
1.666666666666666574e-01
1.675555555555555687e-01
1.675555555555555687e-01
1.680000000000000104e-01
1.680000000000000104e-01
1.680000000000000104e-01
1.688888888888888939e-01
1.688888888888888939e-01
1.693333333333333357e-01
1.693333333333333357e-01
1.733333333333333393e-01
1.733333333333333393e-01
1.742222222222222228e-01
1.742222222222222228e-01
1.751111111111111063e-01
1.751111111111111063e-01
1.773333333333333428e-01
1.782222222222222263e-01
1.799999999999999933e-01
1.808888888888888768e-01
1.808888888888888768e-01
1.822222222222222299e-01
1.831111111111111134e-01
1.835555555555555551e-01
1.844444444444444386e-01
1.848888888888888804e-01
1.848888888888888804e-01
1.853333333333333222e-01
1.853333333333333222e-01
1.857777777777777639e-01
1.857777777777777639e-01
1.862222222222222334e-01
1.862222222222222334e-01
1.871111111111111169e-01
1.871111111111111169e-01
1.880000000000000004e-01
1.880000000000000004e-01
1.884444444444444422e-01
1.884444444444444422e-01
1.888888888888888840e-01
1.888888888888888840e-01
1.888888888888888840e-01
1.888888888888888840e-01
1.893333333333333257e-01
1.893333333333333257e-01
1.906666666666666787e-01
1.906666666666666787e-01
1.915555555555555622e-01
1.915555555555555622e-01
1.920000000000000040e-01
1.920000000000000040e-01
1.933333333333333293e-01
1.933333333333333293e-01
1.942222222222222128e-01
1.951111111111111240e-01
1.964444444444444493e-01
1.964444444444444493e-01
1.968888888888888911e-01
1.968888888888888911e-01
1.977777777777777746e-01
1.991111111111110998e-01
1.991111111111110998e-01
1.995555555555555693e-01
1.995555555555555693e-01
2.013333333333333364e-01
2.026666666666666616e-01
2.031111111111111034e-01
2.031111111111111034e-01
2.035555555555555451e-01
2.035555555555555451e-01
2.075555555555555487e-01
2.075555555555555487e-01
2.079999999999999905e-01
2.079999999999999905e-01
2.088888888888889017e-01
2.088888888888889017e-01
2.093333333333333435e-01
2.093333333333333435e-01
2.097777777777777852e-01
2.097777777777777852e-01
2.106666666666666687e-01
2.106666666666666687e-01
2.111111111111111105e-01
2.111111111111111105e-01
2.115555555555555522e-01
2.115555555555555522e-01
2.119999999999999940e-01
2.133333333333333470e-01
2.133333333333333470e-01
2.137777777777777888e-01
2.146666666666666723e-01
2.159999999999999976e-01
2.159999999999999976e-01
2.164444444444444393e-01
2.164444444444444393e-01
2.173333333333333228e-01
2.173333333333333228e-01
2.177777777777777646e-01
2.177777777777777646e-01
2.186666666666666758e-01
2.186666666666666758e-01
2.191111111111111176e-01
2.191111111111111176e-01
2.191111111111111176e-01
2.204444444444444429e-01
2.204444444444444429e-01
2.213333333333333264e-01
2.222222222222222099e-01
2.222222222222222099e-01
2.226666666666666794e-01
2.235555555555555629e-01
2.240000000000000047e-01
2.240000000000000047e-01
2.262222222222222134e-01
2.271111111111111247e-01
2.280000000000000082e-01
2.284444444444444500e-01
2.293333333333333335e-01
2.302222222222222170e-01
2.315555555555555423e-01
2.320000000000000118e-01
2.320000000000000118e-01
2.320000000000000118e-01
2.324444444444444535e-01
2.333333333333333370e-01
2.333333333333333370e-01
2.337777777777777788e-01
2.337777777777777788e-01
2.337777777777777788e-01
2.346666666666666623e-01
2.346666666666666623e-01
2.351111111111111041e-01
2.351111111111111041e-01
2.355555555555555458e-01
2.364444444444444571e-01
2.373333333333333406e-01
2.373333333333333406e-01
2.382222222222222241e-01
2.382222222222222241e-01
2.391111111111111076e-01
2.391111111111111076e-01
2.395555555555555494e-01
2.404444444444444329e-01
2.404444444444444329e-01
2.413333333333333441e-01
2.426666666666666694e-01
2.431111111111111112e-01
2.431111111111111112e-01
2.435555555555555529e-01
2.435555555555555529e-01
2.439999999999999947e-01
2.448888888888888782e-01
2.462222222222222312e-01
2.462222222222222312e-01
2.462222222222222312e-01
2.475555555555555565e-01
2.475555555555555565e-01
2.475555555555555565e-01
2.479999999999999982e-01
2.479999999999999982e-01
2.479999999999999982e-01
2.506666666666666488e-01
2.506666666666666488e-01
2.520000000000000018e-01
2.520000000000000018e-01
2.524444444444444713e-01
2.524444444444444713e-01
2.537777777777777688e-01
2.537777777777777688e-01
2.537777777777777688e-01
2.546666666666666523e-01
2.560000000000000053e-01
2.560000000000000053e-01
2.573333333333333584e-01
2.573333333333333584e-01
2.577777777777777724e-01
2.577777777777777724e-01
2.591111111111111254e-01
2.591111111111111254e-01
2.595555555555555394e-01
2.595555555555555394e-01
2.600000000000000089e-01
2.608888888888888924e-01
2.617777777777777759e-01
2.617777777777777759e-01
2.626666666666666594e-01
2.631111111111111289e-01
2.631111111111111289e-01
2.635555555555555429e-01
2.635555555555555429e-01
2.648888888888888959e-01
2.648888888888888959e-01
2.653333333333333099e-01
2.653333333333333099e-01
2.657777777777777795e-01
2.657777777777777795e-01
2.666666666666666630e-01
2.671111111111111325e-01
2.671111111111111325e-01
2.680000000000000160e-01
2.680000000000000160e-01
2.688888888888888995e-01
2.688888888888888995e-01
2.697777777777777830e-01
2.697777777777777830e-01
2.715555555555555500e-01
2.715555555555555500e-01
2.746666666666666701e-01
2.746666666666666701e-01
2.755555555555555536e-01
2.755555555555555536e-01
2.760000000000000231e-01
2.760000000000000231e-01
2.773333333333333206e-01
2.773333333333333206e-01
2.786666666666666736e-01
2.786666666666666736e-01
2.804444444444444406e-01
2.813333333333333242e-01
2.822222222222222077e-01
2.822222222222222077e-01
2.835555555555555607e-01
2.848888888888889137e-01
2.848888888888889137e-01
2.893333333333333313e-01
2.902222222222222148e-01
2.928888888888888653e-01
2.928888888888888653e-01
2.937777777777778043e-01
2.937777777777778043e-01
2.942222222222222183e-01
2.942222222222222183e-01
2.955555555555555713e-01
2.955555555555555713e-01
2.986666666666666914e-01
2.986666666666666914e-01
3.008888888888888724e-01
3.017777777777777559e-01
3.026666666666666394e-01
3.031111111111111089e-01
3.031111111111111089e-01
3.035555555555555785e-01
3.035555555555555785e-01
3.039999999999999925e-01
3.039999999999999925e-01
3.075555555555555820e-01
3.093333333333333490e-01
3.102222222222222325e-01
3.102222222222222325e-01
3.119999999999999996e-01
3.119999999999999996e-01
3.128888888888888831e-01
3.128888888888888831e-01
3.142222222222222361e-01
3.151111111111111196e-01
3.168888888888888866e-01
3.173333333333333561e-01
3.182222222222222396e-01
3.191111111111111232e-01
3.191111111111111232e-01
3.200000000000000067e-01
3.208888888888888902e-01
3.213333333333333597e-01
3.213333333333333597e-01
3.226666666666666572e-01
3.226666666666666572e-01
3.231111111111111267e-01
3.240000000000000102e-01
3.240000000000000102e-01
3.253333333333333077e-01
3.266666666666666607e-01
3.275555555555555443e-01
3.293333333333333113e-01
3.320000000000000173e-01
3.328888888888889008e-01
3.351111111111111374e-01
3.351111111111111374e-01
3.355555555555555514e-01
3.355555555555555514e-01
3.377777777777777879e-01
3.391111111111110854e-01
3.391111111111110854e-01
3.400000000000000244e-01
3.400000000000000244e-01
3.422222222222222054e-01
3.422222222222222054e-01
3.439999999999999725e-01
3.439999999999999725e-01
3.444444444444444420e-01
3.444444444444444420e-01
3.453333333333333255e-01
3.453333333333333255e-01
3.457777777777777950e-01
3.457777777777777950e-01
3.462222222222222090e-01
3.462222222222222090e-01
3.475555555555555620e-01
3.484444444444444455e-01
3.488888888888889150e-01
3.488888888888889150e-01
3.497777777777777986e-01
3.497777777777777986e-01
3.502222222222222126e-01
3.519999999999999796e-01
3.533333333333333326e-01
3.542222222222222161e-01
3.542222222222222161e-01
3.551111111111110996e-01
3.559999999999999831e-01
3.573333333333333361e-01
3.573333333333333361e-01
3.582222222222222197e-01
3.591111111111111032e-01
3.599999999999999867e-01
3.622222222222222232e-01
3.648888888888888737e-01
3.653333333333333433e-01
3.662222222222222268e-01
3.671111111111111103e-01
3.671111111111111103e-01
3.684444444444444633e-01
3.706666666666666443e-01
3.711111111111111138e-01
3.711111111111111138e-01
3.733333333333333504e-01
3.751111111111111174e-01
3.755555555555555314e-01
3.773333333333333539e-01
3.786666666666666514e-01
3.795555555555555349e-01
3.804444444444444184e-01
3.826666666666666550e-01
3.826666666666666550e-01
3.831111111111111245e-01
3.840000000000000080e-01
3.840000000000000080e-01
3.853333333333333610e-01
3.853333333333333610e-01
3.862222222222222445e-01
3.871111111111111280e-01
3.871111111111111280e-01
3.884444444444444255e-01
3.884444444444444255e-01
3.888888888888888951e-01
3.888888888888888951e-01
3.893333333333333091e-01
3.911111111111111316e-01
3.920000000000000151e-01
3.920000000000000151e-01
3.942222222222221961e-01
3.964444444444444327e-01
3.986666666666666692e-01
3.986666666666666692e-01
3.995555555555555527e-01
4.000000000000000222e-01
4.000000000000000222e-01
4.013333333333333197e-01
4.013333333333333197e-01
4.017777777777777892e-01
4.026666666666666727e-01
4.031111111111110867e-01
4.031111111111110867e-01
4.040000000000000258e-01
4.053333333333333233e-01
4.062222222222222068e-01
4.075555555555555598e-01
4.075555555555555598e-01
4.097777777777777963e-01
4.097777777777777963e-01
4.119999999999999774e-01
4.146666666666666834e-01
4.182222222222222174e-01
4.199999999999999845e-01
4.208888888888888680e-01
4.208888888888888680e-01
4.213333333333333375e-01
4.213333333333333375e-01
4.222222222222222210e-01
4.222222222222222210e-01
4.226666666666666905e-01
4.239999999999999880e-01
4.239999999999999880e-01
4.253333333333333410e-01
4.257777777777777550e-01
4.257777777777777550e-01
4.271111111111111081e-01
4.279999999999999916e-01
4.279999999999999916e-01
4.288888888888888751e-01
4.351111111111111152e-01
4.422222222222222388e-01
4.426666666666666528e-01
4.426666666666666528e-01
4.431111111111111223e-01
4.431111111111111223e-01
4.448888888888888893e-01
4.453333333333333588e-01
4.462222222222222423e-01
4.488888888888888928e-01
4.488888888888888928e-01
4.497777777777777763e-01
4.506666666666666599e-01
4.515555555555555434e-01
4.524444444444444269e-01
4.537777777777777799e-01
4.542222222222222494e-01
4.542222222222222494e-01
4.573333333333333139e-01
4.573333333333333139e-01
4.577777777777777835e-01
4.577777777777777835e-01
4.591111111111111365e-01
4.600000000000000200e-01
4.604444444444444340e-01
4.604444444444444340e-01
4.617777777777777870e-01
4.617777777777777870e-01
4.626666666666666705e-01
4.644444444444444375e-01
4.644444444444444375e-01
4.675555555555555576e-01
4.675555555555555576e-01
4.697777777777777941e-01
4.715555555555555611e-01
4.719999999999999751e-01
4.728888888888889142e-01
4.742222222222222117e-01
4.751111111111110952e-01
4.751111111111110952e-01
4.782222222222222152e-01
4.799999999999999822e-01
4.822222222222222188e-01
4.835555555555555718e-01
4.844444444444444553e-01
4.844444444444444553e-01
4.853333333333333388e-01
4.853333333333333388e-01
4.866666666666666918e-01
4.875555555555555753e-01
4.875555555555555753e-01
4.893333333333333424e-01
4.911111111111111094e-01
4.951111111111111129e-01
4.951111111111111129e-01
4.955555555555555824e-01
4.968888888888888800e-01
4.986666666666666470e-01
4.991111111111111165e-01
4.991111111111111165e-01
5.008888888888889390e-01
5.008888888888889390e-01
5.026666666666667060e-01
5.035555555555555340e-01
5.048888888888889426e-01
5.066666666666667096e-01
5.075555555555555376e-01
5.088888888888888351e-01
5.137777777777777777e-01
5.151111111111110752e-01
5.160000000000000142e-01
5.217777777777777848e-01
5.226666666666666128e-01
5.266666666666666163e-01
5.284444444444444944e-01
5.355555555555555625e-01
5.355555555555555625e-01
5.364444444444443905e-01
5.417777777777778025e-01
5.431111111111111001e-01
5.457777777777778061e-01
5.466666666666666341e-01
5.506666666666666377e-01
5.515555555555555767e-01
5.537777777777778132e-01
5.537777777777778132e-01
5.542222222222221717e-01
5.564444444444444082e-01
5.577777777777778168e-01
5.577777777777778168e-01
5.591111111111111143e-01
5.591111111111111143e-01
5.666666666666666519e-01
5.675555555555555909e-01
5.679999999999999494e-01
5.697777777777778274e-01
5.702222222222221859e-01
5.715555555555555944e-01
5.715555555555555944e-01
5.719999999999999529e-01
5.719999999999999529e-01
5.733333333333333615e-01
5.742222222222221895e-01
5.742222222222221895e-01
5.751111111111111285e-01
5.751111111111111285e-01
5.764444444444444260e-01
5.764444444444444260e-01
5.782222222222221930e-01
5.782222222222221930e-01
5.791111111111111320e-01
5.813333333333333686e-01
5.822222222222221966e-01
5.826666666666666661e-01
5.826666666666666661e-01
5.857777777777777306e-01
5.857777777777777306e-01
5.866666666666666696e-01
5.875555555555556086e-01
5.875555555555556086e-01
5.937777777777777377e-01
5.955555555555555047e-01
5.955555555555555047e-01
5.959999999999999742e-01
5.968888888888889133e-01
5.986666666666666803e-01
5.986666666666666803e-01
5.991111111111111498e-01
5.999999999999999778e-01
6.013333333333333863e-01
6.026666666666666838e-01
6.062222222222222179e-01
6.071111111111111569e-01
6.071111111111111569e-01
6.079999999999999849e-01
6.079999999999999849e-01
6.093333333333332824e-01
6.093333333333332824e-01
6.115555555555555189e-01
6.115555555555555189e-01
6.128888888888889275e-01
6.133333333333332860e-01
6.168888888888889310e-01
6.177777777777777590e-01
6.186666666666666980e-01
6.191111111111110565e-01
6.191111111111110565e-01
6.239999999999999991e-01
6.453333333333333144e-01
6.551111111111110885e-01
6.560000000000000275e-01
6.568888888888888555e-01
6.577777777777777946e-01
6.586666666666666226e-01
6.595555555555555616e-01
6.613333333333333286e-01
6.617777777777777981e-01
6.617777777777777981e-01
6.622222222222222676e-01
6.631111111111110956e-01
6.640000000000000346e-01
6.640000000000000346e-01
6.648888888888888626e-01
6.648888888888888626e-01
6.657777777777778017e-01
6.675555555555555687e-01
6.706666666666666332e-01
6.706666666666666332e-01
6.728888888888888697e-01
6.728888888888888697e-01
6.733333333333333393e-01
6.742222222222221673e-01
6.755555555555555758e-01
6.755555555555555758e-01
6.782222222222221708e-01
6.791111111111111098e-01
6.804444444444444073e-01
6.804444444444444073e-01
6.817777777777778159e-01
6.817777777777778159e-01
6.822222222222221744e-01
6.831111111111111134e-01
6.835555555555555829e-01
6.844444444444444109e-01
6.848888888888888804e-01
6.857777777777778194e-01
6.866666666666666474e-01
6.879999999999999449e-01
6.884444444444444144e-01
6.884444444444444144e-01
6.893333333333333535e-01
6.902222222222221815e-01
6.977777777777778301e-01
6.995555555555555971e-01
7.008888888888888946e-01
7.022222222222221921e-01
7.031111111111111311e-01
7.044444444444444287e-01
7.053333333333333677e-01
7.088888888888889017e-01
7.093333333333333712e-01
7.106666666666666687e-01
7.124444444444444358e-01
7.137777777777777333e-01
7.146666666666666723e-01
7.155555555555555003e-01
7.293333333333332780e-01
7.346666666666666901e-01
7.351111111111111596e-01
7.351111111111111596e-01
7.359999999999999876e-01
7.377777777777777546e-01
7.382222222222222241e-01
7.382222222222222241e-01
7.386666666666666936e-01
7.386666666666666936e-01
7.395555555555555216e-01
7.426666666666666972e-01
7.453333333333332922e-01
7.457777777777777617e-01
7.471111111111110592e-01
7.484444444444444677e-01
7.493333333333332957e-01
7.502222222222222348e-01
7.502222222222222348e-01
7.506666666666667043e-01
7.528888888888889408e-01
7.537777777777777688e-01
7.546666666666667078e-01
7.560000000000000053e-01
7.586666666666667114e-01
7.591111111111110699e-01
7.600000000000000089e-01
7.604444444444444784e-01
7.604444444444444784e-01
7.613333333333333064e-01
7.613333333333333064e-01
7.622222222222222454e-01
7.635555555555555429e-01
7.640000000000000124e-01
7.684444444444444855e-01
7.715555555555555500e-01
7.733333333333333171e-01
7.737777777777777866e-01
7.760000000000000231e-01
7.768888888888888511e-01
7.777777777777777901e-01
7.791111111111110876e-01
7.800000000000000266e-01
7.977777777777778079e-01
7.982222222222222774e-01
8.031111111111111089e-01
8.035555555555555785e-01
8.035555555555555785e-01
8.040000000000000480e-01
8.053333333333333455e-01
8.057777777777778150e-01
8.084444444444444100e-01
8.084444444444444100e-01
8.093333333333333490e-01
8.102222222222221770e-01
8.115555555555555856e-01
8.115555555555555856e-01
8.168888888888888866e-01
8.204444444444444207e-01
8.213333333333333597e-01
8.217777777777778292e-01
8.239999999999999547e-01
8.257777777777778327e-01
8.257777777777778327e-01
8.271111111111111303e-01
8.275555555555555998e-01
8.275555555555555998e-01
8.279999999999999583e-01
8.333333333333333703e-01
8.351111111111111374e-01
8.355555555555556069e-01
8.364444444444444349e-01
8.391111111111111409e-01
8.413333333333333774e-01
8.417777777777777359e-01
8.426666666666666750e-01
8.431111111111111445e-01
8.431111111111111445e-01
8.448888888888889115e-01
8.457777777777777395e-01
8.471111111111111480e-01
8.502222222222222126e-01
8.555555555555555136e-01
8.582222222222222197e-01
8.599999999999999867e-01
8.613333333333332842e-01
8.631111111111111622e-01
8.639999999999999902e-01
8.897777777777777786e-01
8.902222222222222481e-01
8.991111111111110832e-01
9.288888888888888751e-01
9.399999999999999467e-01
9.399999999999999467e-01
9.413333333333333552e-01
9.422222222222221832e-01
9.457777777777778283e-01
9.462222222222221868e-01
9.479999999999999538e-01
9.493333333333333623e-01
9.528888888888888964e-01
9.542222222222221939e-01
9.551111111111111329e-01
9.559999999999999609e-01
9.604444444444444340e-01
9.604444444444444340e-01
9.617777777777777315e-01
9.844444444444444553e-01
9.853333333333332833e-01
1.000000000000000000e+00
