0.000000000000000000e+00
6.666666666666667095e-03
8.518518518518519017e-03
8.518518518518519017e-03
8.518518518518519017e-03
8.518518518518519017e-03
8.518518518518519017e-03
8.518518518518519017e-03
8.518518518518519017e-03
8.518518518518519017e-03
8.518518518518519017e-03
8.518518518518519017e-03
8.518518518518519017e-03
8.518518518518519017e-03
8.518518518518519017e-03
8.518518518518519017e-03
8.518518518518519017e-03
8.518518518518519017e-03
8.518518518518519017e-03
8.518518518518519017e-03
8.518518518518519017e-03
1.000000000000000021e-02
1.074074074074073994e-02
1.111111111111111154e-02
1.148148148148148140e-02
1.148148148148148140e-02
1.148148148148148140e-02
1.185185185185185126e-02
1.185185185185185126e-02
1.259259259259259273e-02
1.259259259259259273e-02
1.370370370370370405e-02
1.370370370370370405e-02
1.370370370370370405e-02
1.444444444444444378e-02
1.592592592592592671e-02
1.703703703703703803e-02
1.777777777777777776e-02
1.888888888888888909e-02
1.962962962962962882e-02
1.962962962962962882e-02
1.962962962962962882e-02
2.037037037037037202e-02
2.074074074074074014e-02
2.074074074074074014e-02
2.074074074074074014e-02
2.148148148148147987e-02
2.148148148148147987e-02
2.222222222222222307e-02
2.222222222222222307e-02
2.296296296296296280e-02
2.296296296296296280e-02
2.333333333333333440e-02
2.333333333333333440e-02
2.370370370370370253e-02
2.370370370370370253e-02
2.407407407407407413e-02
2.407407407407407413e-02
2.444444444444444572e-02
2.444444444444444572e-02
2.481481481481481385e-02
2.481481481481481385e-02
2.481481481481481385e-02
2.481481481481481385e-02
2.518518518518518545e-02
2.518518518518518545e-02
2.555555555555555705e-02
2.555555555555555705e-02
2.629629629629629678e-02
2.629629629629629678e-02
2.666666666666666838e-02
2.666666666666666838e-02
2.703703703703703651e-02
2.703703703703703651e-02
2.740740740740740811e-02
2.740740740740740811e-02
2.814814814814814783e-02
2.814814814814814783e-02
2.851851851851851943e-02
2.851851851851851943e-02
2.925925925925925916e-02
2.999999999999999889e-02
2.999999999999999889e-02
3.037037037037037049e-02
3.037037037037037049e-02
3.074074074074074209e-02
3.074074074074074209e-02
3.111111111111111022e-02
3.111111111111111022e-02
3.148148148148147835e-02
3.296296296296296474e-02
3.333333333333333287e-02
3.333333333333333287e-02
3.407407407407407607e-02
3.444444444444444420e-02
3.555555555555555552e-02
3.592592592592592365e-02
3.592592592592592365e-02
3.629629629629629872e-02
3.740740740740741005e-02
3.814814814814814631e-02
3.851851851851852138e-02
3.851851851851852138e-02
3.888888888888888951e-02
3.888888888888888951e-02
3.962962962962963270e-02
3.962962962962963270e-02
4.000000000000000083e-02
4.000000000000000083e-02
4.037037037037036896e-02
4.185185185185184842e-02
4.185185185185184842e-02
4.259259259259259162e-02
4.333333333333333481e-02
4.481481481481481427e-02
4.481481481481481427e-02
4.555555555555555747e-02
4.555555555555555747e-02
4.629629629629629373e-02
4.703703703703703692e-02
4.814814814814814825e-02
4.888888888888889145e-02
4.888888888888889145e-02
4.962962962962962771e-02
4.962962962962962771e-02
5.000000000000000278e-02
5.000000000000000278e-02
5.037037037037037090e-02
5.037037037037037090e-02
5.074074074074073903e-02
5.074074074074073903e-02
5.148148148148148223e-02
5.148148148148148223e-02
5.222222222222222543e-02
5.222222222222222543e-02
5.333333333333333676e-02
5.333333333333333676e-02
5.333333333333333676e-02
5.444444444444444114e-02
5.444444444444444114e-02
5.555555555555555247e-02
5.555555555555555247e-02
5.592592592592592754e-02
5.592592592592592754e-02
5.666666666666666380e-02
5.666666666666666380e-02
5.666666666666666380e-02
5.666666666666666380e-02
5.740740740740740700e-02
5.740740740740740700e-02
5.777777777777777513e-02
5.777777777777777513e-02
5.851851851851851832e-02
5.851851851851851832e-02
5.925925925925926152e-02
5.999999999999999778e-02
5.999999999999999778e-02
6.037037037037037285e-02
6.037037037037037285e-02
6.037037037037037285e-02
6.111111111111110911e-02
6.111111111111110911e-02
6.148148148148148417e-02
6.148148148148148417e-02
6.185185185185185230e-02
6.185185185185185230e-02
6.259259259259258856e-02
6.407407407407407496e-02
6.518518518518517935e-02
6.592592592592592948e-02
6.592592592592592948e-02
6.629629629629629761e-02
6.629629629629629761e-02
6.629629629629629761e-02
6.666666666666666574e-02
6.740740740740740200e-02
6.777777777777778401e-02
6.777777777777778401e-02
6.777777777777778401e-02
6.814814814814815214e-02
6.814814814814815214e-02
6.814814814814815214e-02
6.851851851851852027e-02
6.851851851851852027e-02
6.851851851851852027e-02
6.851851851851852027e-02
6.925925925925925652e-02
6.925925925925925652e-02
6.925925925925925652e-02
6.925925925925925652e-02
6.925925925925925652e-02
6.925925925925925652e-02
7.037037037037037479e-02
7.111111111111111105e-02
7.111111111111111105e-02
7.111111111111111105e-02
7.185185185185184731e-02
7.185185185185184731e-02
7.222222222222221544e-02
7.222222222222221544e-02
7.259259259259259744e-02
7.259259259259259744e-02
7.296296296296296557e-02
7.296296296296296557e-02
7.296296296296296557e-02
7.296296296296296557e-02
7.370370370370370183e-02
7.370370370370370183e-02
7.444444444444443809e-02
7.444444444444443809e-02
7.444444444444443809e-02
7.444444444444443809e-02
7.481481481481482010e-02
7.481481481481482010e-02
7.481481481481482010e-02
7.518518518518518823e-02
7.518518518518518823e-02
7.518518518518518823e-02
7.518518518518518823e-02
7.555555555555555636e-02
7.555555555555555636e-02
7.592592592592592449e-02
7.592592592592592449e-02
7.592592592592592449e-02
7.592592592592592449e-02
7.629629629629629262e-02
7.629629629629629262e-02
7.629629629629629262e-02
7.629629629629629262e-02
7.666666666666666075e-02
7.666666666666666075e-02
7.666666666666666075e-02
7.666666666666666075e-02
7.666666666666666075e-02
7.666666666666666075e-02
7.740740740740741088e-02
7.740740740740741088e-02
7.740740740740741088e-02
7.740740740740741088e-02
7.740740740740741088e-02
7.740740740740741088e-02
7.777777777777777901e-02
7.777777777777777901e-02
7.777777777777777901e-02
7.777777777777777901e-02
7.777777777777777901e-02
7.777777777777777901e-02
7.777777777777777901e-02
7.814814814814814714e-02
7.814814814814814714e-02
7.851851851851851527e-02
7.851851851851851527e-02
7.888888888888888340e-02
7.888888888888888340e-02
7.925925925925926541e-02
7.925925925925926541e-02
7.925925925925926541e-02
7.962962962962963354e-02
7.962962962962963354e-02
8.000000000000000167e-02
8.000000000000000167e-02
8.037037037037036979e-02
8.037037037037036979e-02
8.037037037037036979e-02
8.037037037037036979e-02
8.074074074074073792e-02
8.074074074074073792e-02
8.074074074074073792e-02
8.074074074074073792e-02
8.074074074074073792e-02
8.111111111111110605e-02
8.111111111111110605e-02
8.148148148148148806e-02
8.148148148148148806e-02
8.185185185185185619e-02
8.185185185185185619e-02
8.222222222222222432e-02
8.222222222222222432e-02
8.259259259259259245e-02
8.259259259259259245e-02
8.296296296296296058e-02
8.296296296296296058e-02
8.333333333333332871e-02
8.333333333333332871e-02
8.333333333333332871e-02
8.333333333333332871e-02
8.333333333333332871e-02
8.333333333333332871e-02
8.333333333333332871e-02
8.333333333333332871e-02
8.333333333333332871e-02
8.333333333333332871e-02
8.333333333333332871e-02
8.407407407407407884e-02
8.407407407407407884e-02
8.407407407407407884e-02
8.444444444444444697e-02
8.444444444444444697e-02
8.481481481481481510e-02
8.481481481481481510e-02
8.518518518518518323e-02
8.518518518518518323e-02
8.555555555555555136e-02
8.555555555555555136e-02
8.555555555555555136e-02
8.555555555555555136e-02
8.592592592592591949e-02
8.592592592592591949e-02
8.592592592592591949e-02
8.592592592592591949e-02
8.629629629629630150e-02
8.629629629629630150e-02
8.629629629629630150e-02
8.629629629629630150e-02
8.666666666666666963e-02
8.666666666666666963e-02
8.666666666666666963e-02
8.703703703703703776e-02
8.703703703703703776e-02
8.777777777777777402e-02
8.777777777777777402e-02
8.777777777777777402e-02
8.777777777777777402e-02
8.777777777777777402e-02
8.777777777777777402e-02
8.814814814814814214e-02
8.814814814814814214e-02
8.851851851851852415e-02
8.851851851851852415e-02
8.925925925925926041e-02
8.925925925925926041e-02
8.962962962962962854e-02
8.962962962962962854e-02
8.999999999999999667e-02
8.999999999999999667e-02
9.037037037037036480e-02
9.037037037037036480e-02
9.074074074074074681e-02
9.074074074074074681e-02
9.185185185185185119e-02
9.185185185185185119e-02
9.259259259259258745e-02
9.333333333333333759e-02
9.333333333333333759e-02
9.407407407407407385e-02
9.407407407407407385e-02
9.444444444444444198e-02
9.444444444444444198e-02
9.555555555555556024e-02
9.592592592592592837e-02
9.592592592592592837e-02
9.629629629629629650e-02
9.629629629629629650e-02
9.666666666666666463e-02
9.666666666666666463e-02
9.703703703703703276e-02
9.703703703703703276e-02
9.740740740740740089e-02
9.740740740740740089e-02
9.851851851851851916e-02
9.851851851851851916e-02
9.888888888888888729e-02
9.888888888888888729e-02
1.003703703703703737e-01
1.003703703703703737e-01
1.003703703703703737e-01
1.007407407407407418e-01
1.007407407407407418e-01
1.007407407407407418e-01
1.011111111111111099e-01
1.011111111111111099e-01
1.025925925925925963e-01
1.025925925925925963e-01
1.025925925925925963e-01
1.025925925925925963e-01
1.033333333333333326e-01
1.033333333333333326e-01
1.044444444444444509e-01
1.044444444444444509e-01
1.048148148148148190e-01
1.048148148148148190e-01
1.051851851851851871e-01
1.051851851851851871e-01
1.055555555555555552e-01
1.055555555555555552e-01
1.059259259259259234e-01
1.070370370370370416e-01
1.074074074074074098e-01
1.111111111111111049e-01
1.114814814814814870e-01
1.118518518518518551e-01
1.122222222222222232e-01
1.122222222222222232e-01
1.137037037037037096e-01
1.137037037037037096e-01
1.144444444444444459e-01
1.144444444444444459e-01
1.148148148148148140e-01
1.148148148148148140e-01
1.155555555555555503e-01
1.159259259259259323e-01
1.159259259259259323e-01
1.159259259259259323e-01
1.166666666666666685e-01
1.166666666666666685e-01
1.166666666666666685e-01
1.166666666666666685e-01
1.166666666666666685e-01
1.174074074074074048e-01
1.174074074074074048e-01
1.185185185185185230e-01
1.185185185185185230e-01
1.185185185185185230e-01
1.199999999999999956e-01
1.199999999999999956e-01
1.203703703703703637e-01
1.203703703703703637e-01
1.207407407407407457e-01
1.207407407407407457e-01
1.214814814814814820e-01
1.214814814814814820e-01
1.218518518518518501e-01
1.225925925925925863e-01
1.225925925925925863e-01
1.229629629629629683e-01
1.229629629629629683e-01
1.229629629629629683e-01
1.237037037037037046e-01
1.244444444444444409e-01
1.244444444444444409e-01
1.251851851851851771e-01
1.251851851851851771e-01
1.255555555555555591e-01
1.255555555555555591e-01
1.259259259259259134e-01
1.259259259259259134e-01
1.266666666666666774e-01
1.266666666666666774e-01
1.270370370370370317e-01
1.270370370370370317e-01
1.281481481481481499e-01
1.281481481481481499e-01
1.285185185185185319e-01
1.285185185185185319e-01
1.285185185185185319e-01
1.288888888888888862e-01
1.288888888888888862e-01
1.292592592592592682e-01
1.303703703703703587e-01
1.303703703703703587e-01
1.307407407407407407e-01
1.307407407407407407e-01
1.314814814814814770e-01
1.322222222222222132e-01
1.322222222222222132e-01
1.322222222222222132e-01
1.322222222222222132e-01
1.329629629629629495e-01
1.329629629629629495e-01
1.337037037037037135e-01
1.337037037037037135e-01
1.337037037037037135e-01
1.344444444444444497e-01
1.344444444444444497e-01
1.344444444444444497e-01
1.344444444444444497e-01
1.348148148148148040e-01
1.348148148148148040e-01
1.351851851851851860e-01
1.351851851851851860e-01
1.355555555555555680e-01
1.355555555555555680e-01
1.359259259259259223e-01
1.359259259259259223e-01
1.359259259259259223e-01
1.359259259259259223e-01
1.366666666666666585e-01
1.366666666666666585e-01
1.370370370370370405e-01
1.370370370370370405e-01
1.370370370370370405e-01
1.370370370370370405e-01
1.370370370370370405e-01
1.370370370370370405e-01
1.377777777777777768e-01
1.377777777777777768e-01
1.381481481481481588e-01
1.381481481481481588e-01
1.388888888888888951e-01
1.388888888888888951e-01
1.392592592592592493e-01
1.392592592592592493e-01
1.407407407407407496e-01
1.418518518518518401e-01
1.418518518518518401e-01
1.422222222222222221e-01
1.422222222222222221e-01
1.425925925925926041e-01
1.425925925925926041e-01
1.429629629629629584e-01
1.429629629629629584e-01
1.433333333333333404e-01
1.433333333333333404e-01
1.440740740740740766e-01
1.455555555555555491e-01
1.459259259259259311e-01
1.459259259259259311e-01
1.466666666666666674e-01
1.474074074074074037e-01
1.474074074074074037e-01
1.477777777777777857e-01
1.477777777777777857e-01
1.485185185185185219e-01
1.488888888888888762e-01
1.488888888888888762e-01
1.492592592592592582e-01
1.492592592592592582e-01
1.496296296296296402e-01
1.496296296296296402e-01
1.503703703703703765e-01
1.503703703703703765e-01
1.514814814814814947e-01
1.533333333333333215e-01
1.540740740740740855e-01
1.544444444444444398e-01
1.544444444444444398e-01
1.551851851851851760e-01
1.551851851851851760e-01
1.559259259259259123e-01
1.562962962962962943e-01
1.562962962962962943e-01
1.566666666666666763e-01
1.566666666666666763e-01
1.570370370370370305e-01
1.570370370370370305e-01
1.577777777777777668e-01
1.577777777777777668e-01
1.581481481481481488e-01
1.581481481481481488e-01
1.600000000000000033e-01
1.607407407407407396e-01
1.611111111111111216e-01
1.611111111111111216e-01
1.614814814814814758e-01
1.614814814814814758e-01
1.622222222222222121e-01
1.622222222222222121e-01
1.625925925925925941e-01
1.625925925925925941e-01
1.629629629629629761e-01
1.629629629629629761e-01
1.629629629629629761e-01
1.629629629629629761e-01
1.633333333333333304e-01
1.633333333333333304e-01
1.637037037037037124e-01
1.637037037037037124e-01
1.655555555555555669e-01
1.662962962962963032e-01
1.666666666666666574e-01
1.666666666666666574e-01
1.670370370370370394e-01
1.670370370370370394e-01
1.677777777777777757e-01
1.677777777777777757e-01
1.681481481481481577e-01
1.681481481481481577e-01
1.685185185185185119e-01
1.685185185185185119e-01
1.692592592592592482e-01
1.692592592592592482e-01
1.696296296296296302e-01
1.696296296296296302e-01
1.700000000000000122e-01
1.700000000000000122e-01
1.707407407407407485e-01
1.707407407407407485e-01
1.711111111111111027e-01
1.711111111111111027e-01
1.718518518518518390e-01
1.725925925925926030e-01
1.725925925925926030e-01
1.737037037037036935e-01
1.737037037037036935e-01
1.744444444444444575e-01
1.744444444444444575e-01
1.751851851851851938e-01
1.751851851851851938e-01
1.751851851851851938e-01
1.751851851851851938e-01
1.759259259259259300e-01
1.759259259259259300e-01
1.766666666666666663e-01
1.774074074074074026e-01
1.774074074074074026e-01
1.785185185185185208e-01
1.785185185185185208e-01
1.803703703703703753e-01
1.811111111111111116e-01
1.822222222222222299e-01
1.822222222222222299e-01
1.829629629629629661e-01
1.829629629629629661e-01
1.837037037037037024e-01
1.837037037037037024e-01
1.855555555555555569e-01
1.862962962962962932e-01
1.877777777777777657e-01
1.885185185185185297e-01
1.885185185185185297e-01
1.896296296296296202e-01
1.903703703703703842e-01
1.907407407407407385e-01
1.914814814814814747e-01
1.918518518518518567e-01
1.918518518518518567e-01
1.922222222222222110e-01
1.922222222222222110e-01
1.929629629629629750e-01
1.929629629629629750e-01
1.933333333333333293e-01
1.933333333333333293e-01
1.937037037037037113e-01
1.937037037037037113e-01
1.940740740740740655e-01
1.940740740740740655e-01
1.948148148148148018e-01
1.948148148148148018e-01
1.951851851851851838e-01
1.951851851851851838e-01
1.959259259259259200e-01
1.959259259259259200e-01
1.959259259259259200e-01
1.959259259259259200e-01
1.962962962962963021e-01
1.962962962962963021e-01
1.974074074074074203e-01
1.974074074074074203e-01
1.981481481481481566e-01
1.981481481481481566e-01
1.985185185185185108e-01
1.985185185185185108e-01
1.996296296296296291e-01
1.996296296296296291e-01
2.003703703703703654e-01
2.011111111111111016e-01
2.018518518518518656e-01
2.018518518518518656e-01
2.022222222222222199e-01
2.022222222222222199e-01
2.025925925925926019e-01
2.025925925925926019e-01
2.033333333333333381e-01
2.044444444444444564e-01
2.044444444444444564e-01
2.051851851851851927e-01
2.051851851851851927e-01
2.055555555555555469e-01
2.055555555555555469e-01
2.059259259259259289e-01
2.059259259259259289e-01
2.066666666666666652e-01
2.066666666666666652e-01
2.074074074074074014e-01
2.085185185185185197e-01
2.088888888888889017e-01
2.088888888888889017e-01
2.092592592592592560e-01
2.092592592592592560e-01
2.125925925925925830e-01
2.125925925925925830e-01
2.133333333333333470e-01
2.133333333333333470e-01
2.140740740740740833e-01
2.140740740740740833e-01
2.144444444444444375e-01
2.144444444444444375e-01
2.148148148148148195e-01
2.148148148148148195e-01
2.151851851851851738e-01
2.159259259259259378e-01
2.159259259259259378e-01
2.162962962962962921e-01
2.162962962962962921e-01
2.170370370370370283e-01
2.170370370370370283e-01
2.174074074074074103e-01
2.174074074074074103e-01
2.177777777777777646e-01
2.188888888888888828e-01
2.188888888888888828e-01
2.192592592592592649e-01
2.200000000000000011e-01
2.211111111111111194e-01
2.211111111111111194e-01
2.214814814814814736e-01
2.214814814814814736e-01
2.214814814814814736e-01
2.218518518518518556e-01
2.218518518518518556e-01
2.222222222222222099e-01
2.222222222222222099e-01
2.225925925925925919e-01
2.225925925925925919e-01
2.237037037037037102e-01
2.237037037037037102e-01
2.240740740740740644e-01
2.240740740740740644e-01
2.244444444444444464e-01
2.244444444444444464e-01
2.244444444444444464e-01
2.255555555555555647e-01
2.255555555555555647e-01
2.266666666666666552e-01
2.274074074074074192e-01
2.274074074074074192e-01
2.281481481481481555e-01
2.288888888888888917e-01
2.292592592592592460e-01
2.292592592592592460e-01
2.311111111111111005e-01
2.322222222222222188e-01
2.325925925925926008e-01
2.333333333333333370e-01
2.337037037037036913e-01
2.344444444444444553e-01
2.344444444444444553e-01
2.348148148148148096e-01
2.355555555555555458e-01
2.359259259259259278e-01
2.359259259259259278e-01
2.370370370370370461e-01
2.374074074074074003e-01
2.374074074074074003e-01
2.377777777777777823e-01
2.377777777777777823e-01
2.381481481481481366e-01
2.388888888888889006e-01
2.388888888888889006e-01
2.392592592592592549e-01
2.392592592592592549e-01
2.392592592592592549e-01
2.392592592592592549e-01
2.399999999999999911e-01
2.399999999999999911e-01
2.403703703703703731e-01
2.403703703703703731e-01
2.407407407407407274e-01
2.414814814814814914e-01
2.422222222222222276e-01
2.422222222222222276e-01
2.425925925925925819e-01
2.425925925925925819e-01
2.433333333333333459e-01
2.433333333333333459e-01
2.440740740740740822e-01
2.448148148148148184e-01
2.451851851851851727e-01
2.451851851851851727e-01
2.455555555555555547e-01
2.462962962962962910e-01
2.462962962962962910e-01
2.474074074074074092e-01
2.485185185185185275e-01
2.488888888888888817e-01
2.488888888888888817e-01
2.492592592592592637e-01
2.492592592592592637e-01
2.496296296296296180e-01
2.496296296296296180e-01
2.500000000000000000e-01
2.507407407407407640e-01
2.518518518518518268e-01
2.518518518518518268e-01
2.518518518518518268e-01
2.529629629629629450e-01
2.529629629629629450e-01
2.529629629629629450e-01
2.533333333333333548e-01
2.533333333333333548e-01
2.533333333333333548e-01
2.559259259259259456e-01
2.559259259259259456e-01
2.570370370370370638e-01
2.570370370370370638e-01
2.574074074074074181e-01
2.574074074074074181e-01
2.588888888888888906e-01
2.588888888888888906e-01
2.588888888888888906e-01
2.596296296296296546e-01
2.611111111111111271e-01
2.611111111111111271e-01
2.625925925925925997e-01
2.625925925925925997e-01
2.629629629629629539e-01
2.629629629629629539e-01
2.640740740740740722e-01
2.640740740740740722e-01
2.644444444444444264e-01
2.644444444444444264e-01
2.648148148148148362e-01
2.655555555555555447e-01
2.659259259259258990e-01
2.659259259259258990e-01
2.666666666666666630e-01
2.666666666666666630e-01
2.674074074074074270e-01
2.681481481481481355e-01
2.681481481481481355e-01
2.685185185185185452e-01
2.685185185185185452e-01
2.703703703703703720e-01
2.703703703703703720e-01
2.707407407407407263e-01
2.707407407407407263e-01
2.711111111111111360e-01
2.711111111111111360e-01
2.718518518518518445e-01
2.722222222222221988e-01
2.722222222222221988e-01
2.729629629629629628e-01
2.729629629629629628e-01
2.744444444444444353e-01
2.744444444444444353e-01
2.751851851851851993e-01
2.751851851851851993e-01
2.762962962962963176e-01
2.770370370370370261e-01
2.774074074074073804e-01
2.774074074074073804e-01
2.803703703703703809e-01
2.803703703703703809e-01
2.811111111111110894e-01
2.811111111111110894e-01
2.818518518518518534e-01
2.818518518518518534e-01
2.822222222222222077e-01
2.822222222222222077e-01
2.833333333333333259e-01
2.833333333333333259e-01
2.848148148148147984e-01
2.848148148148147984e-01
2.874074074074073892e-01
2.881481481481481532e-01
2.888888888888888618e-01
2.888888888888888618e-01
2.899999999999999800e-01
2.911111111111110983e-01
2.911111111111110983e-01
2.925925925925925708e-01
2.925925925925925708e-01
2.951851851851851616e-01
2.959259259259259256e-01
2.988888888888888706e-01
2.988888888888888706e-01
2.996296296296296346e-01
2.996296296296296346e-01
2.999999999999999889e-01
2.999999999999999889e-01
3.014814814814814614e-01
3.014814814814814614e-01
3.040740740740740522e-01
3.040740740740740522e-01
3.062962962962962887e-01
3.074074074074074070e-01
3.085185185185185253e-01
3.092592592592592338e-01
3.092592592592592338e-01
3.096296296296296435e-01
3.096296296296296435e-01
3.099999999999999978e-01
3.099999999999999978e-01
3.129629629629629428e-01
3.144444444444444708e-01
3.151851851851851793e-01
3.151851851851851793e-01
3.174074074074074159e-01
3.174074074074074159e-01
3.181481481481481244e-01
3.181481481481481244e-01
3.192592592592592426e-01
3.203703703703703609e-01
3.218518518518518334e-01
3.222222222222222432e-01
3.229629629629629517e-01
3.240740740740740700e-01
3.240740740740740700e-01
3.248148148148148340e-01
3.255555555555555425e-01
3.262962962962963065e-01
3.262962962962963065e-01
3.274074074074074248e-01
3.274074074074074248e-01
3.277777777777777790e-01
3.285185185185185430e-01
3.288888888888888973e-01
3.288888888888888973e-01
3.303703703703703698e-01
3.318518518518518423e-01
3.337037037037037246e-01
3.344444444444444331e-01
3.344444444444444331e-01
3.351851851851851971e-01
3.355555555555555514e-01
3.355555555555555514e-01
3.381481481481481421e-01
3.388888888888889062e-01
3.407407407407407329e-01
3.407407407407407329e-01
3.414814814814814969e-01
3.414814814814814969e-01
3.433333333333333237e-01
3.444444444444444420e-01
3.444444444444444420e-01
3.451851851851852060e-01
3.451851851851852060e-01
3.477777777777777968e-01
3.477777777777777968e-01
3.496296296296296235e-01
3.496296296296296235e-01
3.499999999999999778e-01
3.499999999999999778e-01
3.507407407407407418e-01
3.507407407407407418e-01
3.511111111111110961e-01
3.511111111111110961e-01
3.514814814814815058e-01
3.514814814814815058e-01
3.525925925925925686e-01
3.533333333333333326e-01
3.537037037037036868e-01
3.537037037037036868e-01
3.544444444444444509e-01
3.544444444444444509e-01
3.548148148148148051e-01
3.562962962962962776e-01
3.577777777777777501e-01
3.585185185185185142e-01
3.585185185185185142e-01
3.596296296296296324e-01
3.603703703703703964e-01
3.614814814814814592e-01
3.614814814814814592e-01
3.622222222222222232e-01
3.629629629629629872e-01
3.637037037037036957e-01
3.662962962962962865e-01
3.685185185185185230e-01
3.688888888888888773e-01
3.696296296296296413e-01
3.707407407407407596e-01
3.707407407407407596e-01
3.718518518518518778e-01
3.740740740740740589e-01
3.748148148148148229e-01
3.748148148148148229e-01
3.774074074074074137e-01
3.788888888888888862e-01
3.796296296296296502e-01
3.800000000000000044e-01
3.814814814814814770e-01
3.818518518518518312e-01
3.833333333333333592e-01
3.840740740740740677e-01
3.848148148148148318e-01
3.874074074074074225e-01
3.874074074074074225e-01
3.877777777777777768e-01
3.885185185185185408e-01
3.885185185185185408e-01
3.900000000000000133e-01
3.900000000000000133e-01
3.907407407407407218e-01
3.914814814814814858e-01
3.914814814814814858e-01
3.925925925925926041e-01
3.925925925925926041e-01
3.929629629629629584e-01
3.929629629629629584e-01
3.933333333333333126e-01
3.948148148148148406e-01
3.959259259259259034e-01
3.959259259259259034e-01
3.959259259259259034e-01
3.974074074074074314e-01
3.981481481481481399e-01
4.000000000000000222e-01
4.003703703703703765e-01
4.003703703703703765e-01
4.025925925925926130e-01
4.025925925925926130e-01
4.033333333333333215e-01
4.037037037037037313e-01
4.037037037037037313e-01
4.048148148148147940e-01
4.048148148148147940e-01
4.048148148148147940e-01
4.055555555555555580e-01
4.062962962962963220e-01
4.070370370370370305e-01
4.070370370370370305e-01
4.077777777777777946e-01
4.088888888888889128e-01
4.096296296296296213e-01
4.111111111111110938e-01
4.111111111111110938e-01
4.129629629629629761e-01
4.129629629629629761e-01
4.148148148148148029e-01
4.174074074074073937e-01
4.203703703703703942e-01
4.218518518518518667e-01
4.225925925925925752e-01
4.225925925925925752e-01
4.233333333333333393e-01
4.233333333333333393e-01
4.240740740740740478e-01
4.240740740740740478e-01
4.244444444444444575e-01
4.255555555555555758e-01
4.255555555555555758e-01
4.266666666666666941e-01
4.270370370370370483e-01
4.270370370370370483e-01
4.281481481481481666e-01
4.288888888888888751e-01
4.288888888888888751e-01
4.322222222222222299e-01
4.388888888888888840e-01
4.459259259259259478e-01
4.466666666666666563e-01
4.474074074074074203e-01
4.474074074074074203e-01
4.477777777777777746e-01
4.477777777777777746e-01
4.485185185185185386e-01
4.488888888888888928e-01
4.500000000000000111e-01
4.503703703703703654e-01
4.511111111111111294e-01
4.537037037037037202e-01
4.537037037037037202e-01
4.544444444444444287e-01
4.551851851851851927e-01
4.559259259259259012e-01
4.566666666666666652e-01
4.566666666666666652e-01
4.577777777777777835e-01
4.581481481481481377e-01
4.581481481481481377e-01
4.611111111111111382e-01
4.614814814814814925e-01
4.614814814814814925e-01
4.618518518518518468e-01
4.618518518518518468e-01
4.625925925925926108e-01
4.625925925925926108e-01
4.633333333333333193e-01
4.640740740740740833e-01
4.644444444444444375e-01
4.644444444444444375e-01
4.651851851851852016e-01
4.651851851851852016e-01
4.655555555555555558e-01
4.655555555555555558e-01
4.659259259259259101e-01
4.670370370370370283e-01
4.685185185185185008e-01
4.692592592592592649e-01
4.692592592592592649e-01
4.718518518518518556e-01
4.718518518518518556e-01
4.737037037037036824e-01
4.751851851851852104e-01
4.755555555555555647e-01
4.762962962962962732e-01
4.774074074074073915e-01
4.774074074074073915e-01
4.781481481481481555e-01
4.781481481481481555e-01
4.803703703703703920e-01
4.811111111111111005e-01
4.825925925925925730e-01
4.848148148148148096e-01
4.859259259259259278e-01
4.866666666666666918e-01
4.866666666666666918e-01
4.877777777777777546e-01
4.877777777777777546e-01
4.888888888888888729e-01
4.896296296296296369e-01
4.896296296296296369e-01
4.914814814814814636e-01
4.925925925925925819e-01
4.933333333333333459e-01
4.966666666666666452e-01
4.966666666666666452e-01
4.970370370370370550e-01
4.981481481481481732e-01
4.996296296296296457e-01
5.000000000000000000e-01
5.007407407407407085e-01
5.011111111111110628e-01
5.011111111111110628e-01
5.025925925925925908e-01
5.025925925925925908e-01
5.033333333333332993e-01
5.033333333333332993e-01
5.044444444444444731e-01
5.044444444444444731e-01
5.051851851851851816e-01
5.059259259259258901e-01
5.070370370370370638e-01
5.074074074074074181e-01
5.081481481481481266e-01
5.092592592592593004e-01
5.100000000000000089e-01
5.111111111111110716e-01
5.114814814814815369e-01
5.114814814814815369e-01
5.162962962962962532e-01
5.177777777777777812e-01
5.185185185185184897e-01
5.207407407407407263e-01
5.207407407407407263e-01
5.214814814814814348e-01
5.244444444444444908e-01
5.251851851851851993e-01
5.266666666666666163e-01
5.274074074074074359e-01
5.296296296296296724e-01
5.314814814814814437e-01
5.348148148148148540e-01
5.348148148148148540e-01
5.377777777777777990e-01
5.377777777777777990e-01
5.385185185185185075e-01
5.411111111111110983e-01
5.418518518518518068e-01
5.437037037037036891e-01
5.448148148148148628e-01
5.477777777777778079e-01
5.485185185185185164e-01
5.514814814814814614e-01
5.514814814814814614e-01
5.529629629629629894e-01
5.537037037037036979e-01
5.559259259259259345e-01
5.559259259259259345e-01
5.566666666666666430e-01
5.585185185185185253e-01
5.596296296296295880e-01
5.596296296296295880e-01
5.607407407407407618e-01
5.607407407407407618e-01
5.681481481481481799e-01
5.688888888888888884e-01
5.692592592592592426e-01
5.703703703703704164e-01
5.711111111111111249e-01
5.714814814814814792e-01
5.725925925925925419e-01
5.725925925925925419e-01
5.729629629629630072e-01
5.729629629629630072e-01
5.740740740740740700e-01
5.748148148148147785e-01
5.748148148148147785e-01
5.755555555555555980e-01
5.755555555555555980e-01
5.755555555555555980e-01
5.766666666666666607e-01
5.766666666666666607e-01
5.781481481481481888e-01
5.781481481481481888e-01
5.792592592592592515e-01
5.811111111111111338e-01
5.814814814814814881e-01
5.822222222222221966e-01
5.825925925925925508e-01
5.825925925925925508e-01
5.859259259259259611e-01
5.859259259259259611e-01
5.862962962962963154e-01
5.862962962962963154e-01
5.866666666666666696e-01
5.866666666666666696e-01
5.870370370370370239e-01
5.877777777777777324e-01
5.877777777777777324e-01
5.929629629629629139e-01
5.951851851851851505e-01
5.951851851851851505e-01
5.955555555555555047e-01
5.962962962962963243e-01
5.981481481481480955e-01
5.981481481481480955e-01
5.985185185185185608e-01
5.992592592592592693e-01
6.003703703703703320e-01
6.014814814814815058e-01
6.018518518518518601e-01
6.051851851851851594e-01
6.059259259259259789e-01
6.059259259259259789e-01
6.066666666666666874e-01
6.066666666666666874e-01
6.077777777777777501e-01
6.077777777777777501e-01
6.103703703703703409e-01
6.103703703703703409e-01
6.114814814814815147e-01
6.129629629629629317e-01
6.170370370370370505e-01
6.177777777777777590e-01
6.185185185185184675e-01
6.188888888888889328e-01
6.188888888888889328e-01
6.233333333333332948e-01
6.433333333333333126e-01
6.518518518518519045e-01
6.522222222222222587e-01
6.537037037037036757e-01
6.544444444444444953e-01
6.551851851851852038e-01
6.559259259259259123e-01
6.577777777777777946e-01
6.585185185185185031e-01
6.585185185185185031e-01
6.592592592592592116e-01
6.600000000000000311e-01
6.607407407407407396e-01
6.607407407407407396e-01
6.614814814814814481e-01
6.614814814814814481e-01
6.625925925925926219e-01
6.648148148148148584e-01
6.677777777777778034e-01
6.677777777777778034e-01
6.688888888888888662e-01
6.696296296296295747e-01
6.703703703703703942e-01
6.707407407407407485e-01
6.707407407407407485e-01
6.711111111111111027e-01
6.718518518518518112e-01
6.729629629629629850e-01
6.729629629629629850e-01
6.751851851851852215e-01
6.759259259259259300e-01
6.759259259259259300e-01
6.770370370370369928e-01
6.770370370370369928e-01
6.774074074074074581e-01
6.774074074074074581e-01
6.781481481481481666e-01
6.781481481481481666e-01
6.785185185185185208e-01
6.785185185185185208e-01
6.792592592592592293e-01
6.792592592592592293e-01
6.796296296296295836e-01
6.803703703703704031e-01
6.807407407407407574e-01
6.814814814814814659e-01
6.818518518518518201e-01
6.829629629629629939e-01
6.837037037037037024e-01
6.848148148148147651e-01
6.851851851851852304e-01
6.851851851851852304e-01
6.859259259259259389e-01
6.866666666666666474e-01
6.948148148148147740e-01
6.970370370370370106e-01
6.981481481481481843e-01
6.992592592592592471e-01
6.999999999999999556e-01
7.014814814814814836e-01
7.022222222222221921e-01
7.051851851851851372e-01
7.055555555555556024e-01
7.066666666666666652e-01
7.081481481481481932e-01
7.099999999999999645e-01
7.107407407407407840e-01
7.114814814814814925e-01
7.237037037037037379e-01
7.285185185185185652e-01
7.296296296296296280e-01
7.296296296296296280e-01
7.307407407407406907e-01
7.325925925925925730e-01
7.329629629629629273e-01
7.329629629629629273e-01
7.333333333333332815e-01
7.333333333333332815e-01
7.340740740740741010e-01
7.377777777777777546e-01
7.399999999999999911e-01
7.407407407407406996e-01
7.422222222222222276e-01
7.429629629629629362e-01
7.429629629629629362e-01
7.433333333333332904e-01
7.440740740740741099e-01
7.448148148148148184e-01
7.448148148148148184e-01
7.455555555555555269e-01
7.477777777777777635e-01
7.485185185185184720e-01
7.492592592592592915e-01
7.507407407407407085e-01
7.537037037037036535e-01
7.544444444444444731e-01
7.551851851851851816e-01
7.555555555555555358e-01
7.555555555555555358e-01
7.562962962962962443e-01
7.562962962962962443e-01
7.566666666666667096e-01
7.566666666666667096e-01
7.574074074074074181e-01
7.588888888888888351e-01
7.592592592592593004e-01
7.637037037037036624e-01
7.666666666666667185e-01
7.681481481481481355e-01
7.685185185185184897e-01
7.703703703703703720e-01
7.711111111111110805e-01
7.718518518518519000e-01
7.729629629629629628e-01
7.740740740740740256e-01
7.937037037037036891e-01
7.940740740740740433e-01
7.985185185185185164e-01
7.988888888888888706e-01
7.988888888888888706e-01
7.992592592592592249e-01
8.007407407407407529e-01
8.011111111111111072e-01
8.044444444444444065e-01
8.044444444444444065e-01
8.051851851851852260e-01
8.059259259259259345e-01
8.062962962962962887e-01
8.070370370370369972e-01
8.077777777777778168e-01
8.077777777777778168e-01
8.081481481481481710e-01
8.125925925925926441e-01
8.162962962962962976e-01
8.170370370370370061e-01
8.174074074074073604e-01
8.192592592592592426e-01
8.211111111111111249e-01
8.211111111111111249e-01
8.218518518518518334e-01
8.233333333333333615e-01
8.237037037037037157e-01
8.237037037037037157e-01
8.240740740740740700e-01
8.292592592592592515e-01
8.314814814814814881e-01
8.318518518518518423e-01
8.325925925925925508e-01
8.348148148148147873e-01
8.374074074074073781e-01
8.381481481481481977e-01
8.388888888888889062e-01
8.392592592592592604e-01
8.392592592592592604e-01
8.399999999999999689e-01
8.403703703703703232e-01
8.411111111111111427e-01
8.418518518518518512e-01
8.429629629629629139e-01
8.444444444444444420e-01
8.477777777777777413e-01
8.537037037037037424e-01
8.566666666666666874e-01
8.581481481481481044e-01
8.592592592592592782e-01
8.607407407407406952e-01
8.614814814814815147e-01
8.881481481481481310e-01
8.885185185185184853e-01
8.988888888888888484e-01
9.288888888888888751e-01
9.392592592592592382e-01
9.392592592592592382e-01
9.411111111111111205e-01
9.418518518518518290e-01
9.448148148148147740e-01
9.451851851851852393e-01
9.466666666666666563e-01
9.499999999999999556e-01
9.507407407407407751e-01
9.522222222222221921e-01
9.533333333333333659e-01
9.540740740740740744e-01
9.555555555555556024e-01
9.596296296296296102e-01
9.596296296296296102e-01
9.607407407407407840e-01
9.848148148148148096e-01
9.855555555555555181e-01
1.000000000000000000e+00
