0.000000000000000000e+00
6.984126984126984121e-03
8.571428571428571855e-03
8.571428571428571855e-03
8.571428571428571855e-03
8.571428571428571855e-03
8.571428571428571855e-03
8.571428571428571855e-03
8.571428571428571855e-03
8.571428571428571855e-03
8.571428571428571855e-03
8.571428571428571855e-03
8.571428571428571855e-03
8.571428571428571855e-03
8.571428571428571855e-03
8.571428571428571855e-03
8.571428571428571855e-03
8.571428571428571855e-03
8.571428571428571855e-03
8.571428571428571855e-03
8.571428571428571855e-03
8.571428571428571855e-03
9.841269841269841695e-03
9.841269841269841695e-03
1.047619047619047575e-02
1.079365079365079451e-02
1.079365079365079451e-02
1.111111111111111154e-02
1.111111111111111154e-02
1.111111111111111154e-02
1.142857142857142856e-02
1.142857142857142856e-02
1.206349206349206435e-02
1.206349206349206435e-02
1.301587301587301543e-02
1.301587301587301543e-02
1.301587301587301543e-02
1.365079365079365122e-02
1.492063492063492106e-02
1.587301587301587213e-02
1.650793650793650966e-02
1.746031746031746074e-02
1.777777777777777776e-02
1.777777777777777776e-02
1.809523809523809479e-02
1.904761904761904934e-02
1.904761904761904934e-02
1.904761904761904934e-02
1.936507936507936636e-02
1.936507936507936636e-02
2.000000000000000042e-02
2.031746031746031744e-02
2.031746031746031744e-02
2.031746031746031744e-02
2.095238095238095150e-02
2.095238095238095150e-02
2.158730158730158902e-02
2.158730158730158902e-02
2.222222222222222307e-02
2.222222222222222307e-02
2.285714285714285712e-02
2.285714285714285712e-02
2.317460317460317415e-02
2.317460317460317415e-02
2.349206349206349118e-02
2.349206349206349118e-02
2.380952380952380820e-02
2.380952380952380820e-02
2.412698412698412870e-02
2.412698412698412870e-02
2.444444444444444572e-02
2.444444444444444572e-02
2.444444444444444572e-02
2.444444444444444572e-02
2.476190476190476275e-02
2.476190476190476275e-02
2.507936507936507978e-02
2.507936507936507978e-02
2.539682539682539680e-02
2.539682539682539680e-02
2.603174603174603086e-02
2.603174603174603086e-02
2.634920634920634788e-02
2.634920634920634788e-02
2.698412698412698540e-02
2.698412698412698540e-02
2.730158730158730243e-02
2.730158730158730243e-02
2.793650793650793648e-02
2.793650793650793648e-02
2.825396825396825351e-02
2.825396825396825351e-02
2.857142857142857054e-02
2.857142857142857054e-02
2.888888888888888756e-02
2.888888888888888756e-02
2.920634920634920806e-02
2.984126984126984211e-02
2.984126984126984211e-02
3.015873015873015914e-02
3.015873015873015914e-02
3.047619047619047616e-02
3.047619047619047616e-02
3.079365079365079319e-02
3.079365079365079319e-02
3.142857142857143071e-02
3.174603174603174427e-02
3.301587301587301931e-02
3.333333333333333287e-02
3.333333333333333287e-02
3.365079365079365337e-02
3.365079365079365337e-02
3.428571428571428742e-02
3.460317460317460098e-02
3.555555555555555552e-02
3.587301587301587602e-02
3.587301587301587602e-02
3.619047619047618958e-02
3.714285714285714413e-02
3.777777777777777818e-02
3.809523809523809867e-02
3.809523809523809867e-02
3.841269841269841223e-02
3.841269841269841223e-02
3.968253968253968034e-02
3.968253968253968034e-02
4.000000000000000083e-02
4.000000000000000083e-02
4.031746031746031439e-02
4.031746031746031439e-02
4.063492063492063489e-02
4.190476190476190299e-02
4.190476190476190299e-02
4.253968253968253704e-02
4.253968253968253704e-02
4.317460317460317804e-02
4.317460317460317804e-02
4.444444444444444614e-02
4.444444444444444614e-02
4.507936507936508019e-02
4.507936507936508019e-02
4.603174603174603474e-02
4.666666666666666879e-02
4.761904761904761640e-02
4.825396825396825740e-02
4.825396825396825740e-02
4.888888888888889145e-02
4.888888888888889145e-02
4.920634920634920501e-02
4.920634920634920501e-02
4.952380952380952550e-02
4.952380952380952550e-02
4.984126984126983906e-02
4.984126984126983906e-02
5.047619047619047311e-02
5.047619047619047311e-02
5.111111111111111410e-02
5.111111111111111410e-02
5.174603174603174816e-02
5.174603174603174816e-02
5.238095238095238221e-02
5.238095238095238221e-02
5.269841269841269576e-02
5.269841269841269576e-02
5.269841269841269576e-02
5.301587301587301626e-02
5.301587301587301626e-02
5.365079365079365031e-02
5.365079365079365031e-02
5.396825396825397081e-02
5.396825396825397081e-02
5.492063492063491842e-02
5.492063492063491842e-02
5.523809523809523891e-02
5.523809523809523891e-02
5.587301587301587297e-02
5.587301587301587297e-02
5.619047619047619346e-02
5.619047619047619346e-02
5.619047619047619346e-02
5.682539682539682752e-02
5.682539682539682752e-02
5.714285714285714107e-02
5.714285714285714107e-02
5.777777777777777513e-02
5.777777777777777513e-02
5.841269841269841612e-02
5.904761904761905017e-02
5.904761904761905017e-02
5.936507936507936373e-02
5.936507936507936373e-02
5.936507936507936373e-02
5.999999999999999778e-02
5.999999999999999778e-02
6.031746031746031828e-02
6.031746031746031828e-02
6.063492063492063183e-02
6.063492063492063183e-02
6.126984126984127282e-02
6.253968253968253399e-02
6.349206349206348854e-02
6.412698412698412953e-02
6.412698412698412953e-02
6.444444444444444309e-02
6.444444444444444309e-02
6.444444444444444309e-02
6.476190476190475664e-02
6.539682539682539764e-02
6.571428571428571119e-02
6.571428571428571119e-02
6.571428571428571119e-02
6.603174603174603863e-02
6.603174603174603863e-02
6.603174603174603863e-02
6.634920634920635218e-02
6.634920634920635218e-02
6.634920634920635218e-02
6.634920634920635218e-02
6.698412698412697930e-02
6.698412698412697930e-02
6.698412698412697930e-02
6.698412698412697930e-02
6.698412698412697930e-02
6.698412698412697930e-02
6.793650793650793385e-02
6.857142857142857484e-02
6.857142857142857484e-02
6.857142857142857484e-02
6.857142857142857484e-02
6.920634920634920195e-02
6.920634920634920195e-02
6.952380952380952939e-02
6.952380952380952939e-02
6.984126984126984294e-02
6.984126984126984294e-02
7.015873015873015650e-02
7.015873015873015650e-02
7.015873015873015650e-02
7.015873015873015650e-02
7.079365079365079749e-02
7.079365079365079749e-02
7.142857142857142461e-02
7.142857142857142461e-02
7.142857142857142461e-02
7.142857142857142461e-02
7.174603174603175204e-02
7.174603174603175204e-02
7.174603174603175204e-02
7.206349206349206560e-02
7.206349206349206560e-02
7.206349206349206560e-02
7.206349206349206560e-02
7.206349206349206560e-02
7.206349206349206560e-02
7.238095238095237915e-02
7.238095238095237915e-02
7.269841269841269271e-02
7.269841269841269271e-02
7.269841269841269271e-02
7.269841269841269271e-02
7.301587301587302015e-02
7.301587301587302015e-02
7.301587301587302015e-02
7.301587301587302015e-02
7.333333333333333370e-02
7.333333333333333370e-02
7.333333333333333370e-02
7.365079365079364726e-02
7.365079365079364726e-02
7.365079365079364726e-02
7.365079365079364726e-02
7.365079365079364726e-02
7.428571428571428825e-02
7.428571428571428825e-02
7.428571428571428825e-02
7.428571428571428825e-02
7.428571428571428825e-02
7.428571428571428825e-02
7.460317460317460181e-02
7.460317460317460181e-02
7.460317460317460181e-02
7.460317460317460181e-02
7.460317460317460181e-02
7.460317460317460181e-02
7.460317460317460181e-02
7.492063492063491537e-02
7.492063492063491537e-02
7.492063492063491537e-02
7.492063492063491537e-02
7.523809523809524280e-02
7.523809523809524280e-02
7.555555555555555636e-02
7.555555555555555636e-02
7.587301587301586991e-02
7.587301587301586991e-02
7.587301587301586991e-02
7.587301587301586991e-02
7.587301587301586991e-02
7.619047619047619735e-02
7.619047619047619735e-02
7.650793650793651091e-02
7.650793650793651091e-02
7.682539682539682446e-02
7.682539682539682446e-02
7.682539682539682446e-02
7.682539682539682446e-02
7.714285714285713802e-02
7.714285714285713802e-02
7.714285714285713802e-02
7.714285714285713802e-02
7.714285714285713802e-02
7.746031746031746545e-02
7.746031746031746545e-02
7.777777777777777901e-02
7.777777777777777901e-02
7.809523809523809257e-02
7.809523809523809257e-02
7.841269841269840613e-02
7.841269841269840613e-02
7.873015873015873356e-02
7.873015873015873356e-02
7.904761904761904712e-02
7.904761904761904712e-02
7.936507936507936067e-02
7.936507936507936067e-02
7.936507936507936067e-02
7.936507936507936067e-02
7.936507936507936067e-02
7.936507936507936067e-02
7.936507936507936067e-02
7.936507936507936067e-02
7.936507936507936067e-02
7.936507936507936067e-02
7.936507936507936067e-02
7.968253968253968811e-02
7.968253968253968811e-02
7.968253968253968811e-02
7.968253968253968811e-02
7.968253968253968811e-02
7.968253968253968811e-02
8.031746031746031522e-02
8.031746031746031522e-02
8.031746031746031522e-02
8.063492063492062878e-02
8.063492063492062878e-02
8.095238095238095621e-02
8.095238095238095621e-02
8.126984126984126977e-02
8.126984126984126977e-02
8.126984126984126977e-02
8.126984126984126977e-02
8.158730158730158333e-02
8.158730158730158333e-02
8.158730158730158333e-02
8.158730158730158333e-02
8.190476190476191076e-02
8.190476190476191076e-02
8.190476190476191076e-02
8.190476190476191076e-02
8.222222222222222432e-02
8.222222222222222432e-02
8.222222222222222432e-02
8.222222222222222432e-02
8.253968253968253788e-02
8.253968253968253788e-02
8.253968253968253788e-02
8.285714285714285143e-02
8.285714285714285143e-02
8.349206349206349242e-02
8.349206349206349242e-02
8.349206349206349242e-02
8.380952380952380598e-02
8.380952380952380598e-02
8.380952380952380598e-02
8.380952380952380598e-02
8.380952380952380598e-02
8.444444444444444697e-02
8.476190476190476053e-02
8.476190476190476053e-02
8.507936507936507409e-02
8.507936507936507409e-02
8.571428571428571508e-02
8.571428571428571508e-02
8.634920634920635607e-02
8.634920634920635607e-02
8.666666666666666963e-02
8.666666666666666963e-02
8.698412698412698318e-02
8.698412698412698318e-02
8.730158730158729674e-02
8.730158730158729674e-02
8.793650793650793773e-02
8.857142857142856485e-02
8.920634920634920584e-02
8.920634920634920584e-02
8.984126984126984683e-02
9.047619047619047394e-02
9.047619047619047394e-02
9.111111111111111494e-02
9.111111111111111494e-02
9.142857142857142849e-02
9.142857142857142849e-02
9.238095238095238304e-02
9.269841269841269660e-02
9.269841269841269660e-02
9.301587301587301015e-02
9.301587301587301015e-02
9.333333333333333759e-02
9.333333333333333759e-02
9.365079365079365115e-02
9.365079365079365115e-02
9.396825396825396470e-02
9.396825396825396470e-02
9.428571428571429214e-02
9.428571428571429214e-02
9.460317460317460569e-02
9.555555555555556024e-02
9.555555555555556024e-02
9.587301587301587380e-02
9.587301587301587380e-02
9.714285714285714191e-02
9.714285714285714191e-02
9.714285714285714191e-02
9.746031746031745546e-02
9.746031746031745546e-02
9.777777777777778290e-02
9.777777777777778290e-02
9.777777777777778290e-02
9.809523809523809645e-02
9.809523809523809645e-02
9.936507936507936456e-02
9.936507936507936456e-02
9.968253968253967812e-02
9.968253968253967812e-02
9.968253968253967812e-02
9.968253968253967812e-02
1.006349206349206327e-01
1.006349206349206327e-01
1.025396825396825418e-01
1.025396825396825418e-01
1.028571428571428553e-01
1.028571428571428553e-01
1.031746031746031689e-01
1.031746031746031689e-01
1.034920634920634963e-01
1.034920634920634963e-01
1.038095238095238099e-01
1.047619047619047644e-01
1.050793650793650780e-01
1.082539682539682552e-01
1.085714285714285687e-01
1.088888888888888823e-01
1.092063492063492097e-01
1.092063492063492097e-01
1.104761904761904778e-01
1.104761904761904778e-01
1.117460317460317459e-01
1.117460317460317459e-01
1.120634920634920595e-01
1.120634920634920595e-01
1.120634920634920595e-01
1.126984126984127005e-01
1.130158730158730140e-01
1.130158730158730140e-01
1.130158730158730140e-01
1.136507936507936550e-01
1.136507936507936550e-01
1.136507936507936550e-01
1.136507936507936550e-01
1.136507936507936550e-01
1.142857142857142821e-01
1.142857142857142821e-01
1.152380952380952367e-01
1.152380952380952367e-01
1.152380952380952367e-01
1.155555555555555503e-01
1.155555555555555503e-01
1.165079365079365048e-01
1.165079365079365048e-01
1.168253968253968322e-01
1.168253968253968322e-01
1.171428571428571458e-01
1.171428571428571458e-01
1.177777777777777729e-01
1.177777777777777729e-01
1.180952380952381003e-01
1.187301587301587275e-01
1.187301587301587275e-01
1.190476190476190410e-01
1.190476190476190410e-01
1.190476190476190410e-01
1.196825396825396820e-01
1.206349206349206366e-01
1.206349206349206366e-01
1.212698412698412637e-01
1.219047619047619047e-01
1.219047619047619047e-01
1.225396825396825456e-01
1.225396825396825456e-01
1.228571428571428592e-01
1.228571428571428592e-01
1.234920634920634863e-01
1.234920634920634863e-01
1.241269841269841273e-01
1.241269841269841273e-01
1.244444444444444409e-01
1.244444444444444409e-01
1.253968253968253954e-01
1.253968253968253954e-01
1.260317460317460225e-01
1.260317460317460225e-01
1.260317460317460225e-01
1.263492063492063500e-01
1.263492063492063500e-01
1.266666666666666774e-01
1.276190476190476319e-01
1.276190476190476319e-01
1.282539682539682591e-01
1.285714285714285587e-01
1.288888888888888862e-01
1.288888888888888862e-01
1.292063492063492136e-01
1.298412698412698407e-01
1.301587301587301682e-01
1.301587301587301682e-01
1.304761904761904678e-01
1.304761904761904678e-01
1.304761904761904678e-01
1.307936507936507953e-01
1.307936507936507953e-01
1.314285714285714224e-01
1.314285714285714224e-01
1.320634920634920773e-01
1.320634920634920773e-01
1.320634920634920773e-01
1.320634920634920773e-01
1.326984126984127044e-01
1.326984126984127044e-01
1.326984126984127044e-01
1.326984126984127044e-01
1.326984126984127044e-01
1.326984126984127044e-01
1.330158730158730040e-01
1.330158730158730040e-01
1.333333333333333315e-01
1.333333333333333315e-01
1.336507936507936589e-01
1.336507936507936589e-01
1.339682539682539586e-01
1.339682539682539586e-01
1.342857142857142860e-01
1.342857142857142860e-01
1.346031746031746135e-01
1.346031746031746135e-01
1.349206349206349131e-01
1.349206349206349131e-01
1.349206349206349131e-01
1.349206349206349131e-01
1.352380952380952406e-01
1.352380952380952406e-01
1.358730158730158677e-01
1.358730158730158677e-01
1.361904761904761951e-01
1.361904761904761951e-01
1.361904761904761951e-01
1.365079365079364948e-01
1.365079365079364948e-01
1.365079365079364948e-01
1.365079365079364948e-01
1.368253968253968222e-01
1.368253968253968222e-01
1.371428571428571497e-01
1.371428571428571497e-01
1.374603174603174494e-01
1.380952380952381042e-01
1.380952380952381042e-01
1.384126984126984039e-01
1.384126984126984039e-01
1.390476190476190588e-01
1.390476190476190588e-01
1.393650793650793585e-01
1.393650793650793585e-01
1.412698412698412676e-01
1.422222222222222221e-01
1.422222222222222221e-01
1.425396825396825495e-01
1.425396825396825495e-01
1.428571428571428492e-01
1.428571428571428492e-01
1.431746031746031766e-01
1.431746031746031766e-01
1.434920634920635041e-01
1.434920634920635041e-01
1.441269841269841312e-01
1.453968253968253854e-01
1.457142857142857129e-01
1.457142857142857129e-01
1.463492063492063400e-01
1.469841269841269948e-01
1.469841269841269948e-01
1.476190476190476220e-01
1.476190476190476220e-01
1.482539682539682491e-01
1.485714285714285765e-01
1.485714285714285765e-01
1.488888888888888762e-01
1.488888888888888762e-01
1.492063492063492036e-01
1.492063492063492036e-01
1.498412698412698307e-01
1.498412698412698307e-01
1.507936507936507853e-01
1.517460317460317398e-01
1.517460317460317398e-01
1.523809523809523947e-01
1.536507936507936489e-01
1.536507936507936489e-01
1.542857142857142760e-01
1.542857142857142760e-01
1.549206349206349309e-01
1.552380952380952306e-01
1.552380952380952306e-01
1.555555555555555580e-01
1.555555555555555580e-01
1.558730158730158855e-01
1.558730158730158855e-01
1.565079365079365126e-01
1.565079365079365126e-01
1.568253968253968123e-01
1.568253968253968123e-01
1.577777777777777668e-01
1.584126984126984217e-01
1.587301587301587213e-01
1.593650793650793762e-01
1.600000000000000033e-01
1.600000000000000033e-01
1.603174603174603308e-01
1.603174603174603308e-01
1.612698412698412576e-01
1.612698412698412576e-01
1.615873015873015850e-01
1.615873015873015850e-01
1.619047619047619124e-01
1.619047619047619124e-01
1.622222222222222121e-01
1.622222222222222121e-01
1.622222222222222121e-01
1.622222222222222121e-01
1.625396825396825395e-01
1.625396825396825395e-01
1.628571428571428670e-01
1.628571428571428670e-01
1.631746031746031667e-01
1.631746031746031667e-01
1.647619047619047483e-01
1.653968253968254032e-01
1.657142857142857029e-01
1.657142857142857029e-01
1.660317460317460303e-01
1.660317460317460303e-01
1.669841269841269848e-01
1.669841269841269848e-01
1.673015873015873123e-01
1.682539682539682668e-01
1.682539682539682668e-01
1.685714285714285665e-01
1.685714285714285665e-01
1.692063492063491936e-01
1.692063492063491936e-01
1.695238095238095211e-01
1.695238095238095211e-01
1.698412698412698485e-01
1.698412698412698485e-01
1.704761904761904756e-01
1.704761904761904756e-01
1.707936507936508030e-01
1.707936507936508030e-01
1.714285714285714302e-01
1.720634920634920573e-01
1.720634920634920573e-01
1.730158730158730118e-01
1.730158730158730118e-01
1.736507936507936389e-01
1.736507936507936389e-01
1.742857142857142938e-01
1.742857142857142938e-01
1.742857142857142938e-01
1.742857142857142938e-01
1.749206349206349209e-01
1.749206349206349209e-01
1.752380952380952484e-01
1.752380952380952484e-01
1.758730158730158755e-01
1.768253968253968300e-01
1.768253968253968300e-01
1.777777777777777846e-01
1.777777777777777846e-01
1.780952380952380842e-01
1.780952380952380842e-01
1.796825396825396937e-01
1.803174603174603208e-01
1.809523809523809479e-01
1.809523809523809479e-01
1.812698412698412753e-01
1.812698412698412753e-01
1.819047619047619024e-01
1.819047619047619024e-01
1.825396825396825295e-01
1.825396825396825295e-01
1.853968253968253932e-01
1.866666666666666752e-01
1.879365079365079294e-01
1.888888888888888840e-01
1.888888888888888840e-01
1.895238095238095111e-01
1.895238095238095111e-01
1.898412698412698385e-01
1.904761904761904656e-01
1.907936507936507931e-01
1.914285714285714202e-01
1.917460317460317476e-01
1.917460317460317476e-01
1.920634920634920750e-01
1.920634920634920750e-01
1.926984126984127021e-01
1.926984126984127021e-01
1.930158730158730296e-01
1.930158730158730296e-01
1.933333333333333293e-01
1.933333333333333293e-01
1.936507936507936567e-01
1.936507936507936567e-01
1.942857142857142838e-01
1.942857142857142838e-01
1.946031746031746112e-01
1.946031746031746112e-01
1.952380952380952384e-01
1.952380952380952384e-01
1.952380952380952384e-01
1.952380952380952384e-01
1.958730158730158655e-01
1.958730158730158655e-01
1.968253968253968200e-01
1.968253968253968200e-01
1.974603174603174471e-01
1.974603174603174471e-01
1.977777777777777746e-01
1.977777777777777746e-01
1.987301587301587291e-01
1.987301587301587291e-01
1.990476190476190566e-01
1.990476190476190566e-01
1.993650793650793562e-01
2.000000000000000111e-01
2.006349206349206382e-01
2.006349206349206382e-01
2.009523809523809657e-01
2.009523809523809657e-01
2.015873015873015928e-01
2.015873015873015928e-01
2.022222222222222199e-01
2.034920634920635019e-01
2.034920634920635019e-01
2.041269841269841290e-01
2.041269841269841290e-01
2.050793650793650835e-01
2.050793650793650835e-01
2.053968253968253832e-01
2.053968253968253832e-01
2.057142857142857106e-01
2.057142857142857106e-01
2.066666666666666652e-01
2.066666666666666652e-01
2.073015873015872923e-01
2.073015873015872923e-01
2.079365079365079472e-01
2.088888888888889017e-01
2.092063492063492014e-01
2.092063492063492014e-01
2.095238095238095288e-01
2.095238095238095288e-01
2.126984126984126922e-01
2.126984126984126922e-01
2.130158730158730196e-01
2.130158730158730196e-01
2.133333333333333470e-01
2.133333333333333470e-01
2.139682539682539741e-01
2.139682539682539741e-01
2.142857142857142738e-01
2.142857142857142738e-01
2.146031746031746013e-01
2.146031746031746013e-01
2.149206349206349287e-01
2.155555555555555558e-01
2.155555555555555558e-01
2.158730158730158832e-01
2.158730158730158832e-01
2.168253968253968378e-01
2.168253968253968378e-01
2.171428571428571375e-01
2.171428571428571375e-01
2.174603174603174649e-01
2.187301587301587191e-01
2.187301587301587191e-01
2.190476190476190466e-01
2.196825396825396737e-01
2.206349206349206282e-01
2.206349206349206282e-01
2.209523809523809557e-01
2.209523809523809557e-01
2.209523809523809557e-01
2.212698412698412831e-01
2.212698412698412831e-01
2.215873015873015828e-01
2.215873015873015828e-01
2.219047619047619102e-01
2.219047619047619102e-01
2.228571428571428648e-01
2.228571428571428648e-01
2.231746031746031644e-01
2.231746031746031644e-01
2.234920634920634919e-01
2.234920634920634919e-01
2.234920634920634919e-01
2.241269841269841190e-01
2.241269841269841190e-01
2.247619047619047739e-01
2.247619047619047739e-01
2.257142857142857006e-01
2.263492063492063555e-01
2.263492063492063555e-01
2.269841269841269826e-01
2.276190476190476097e-01
2.279365079365079372e-01
2.279365079365079372e-01
2.295238095238095188e-01
2.304761904761904734e-01
2.317460317460317554e-01
2.320634920634920551e-01
2.326984126984127099e-01
2.326984126984127099e-01
2.330158730158730096e-01
2.336507936507936645e-01
2.336507936507936645e-01
2.342857142857142916e-01
2.342857142857142916e-01
2.352380952380952461e-01
2.355555555555555458e-01
2.355555555555555458e-01
2.358730158730158732e-01
2.358730158730158732e-01
2.361904761904762007e-01
2.361904761904762007e-01
2.368253968253968278e-01
2.368253968253968278e-01
2.371428571428571552e-01
2.371428571428571552e-01
2.371428571428571552e-01
2.371428571428571552e-01
2.377777777777777823e-01
2.377777777777777823e-01
2.380952380952380820e-01
2.380952380952380820e-01
2.384126984126984095e-01
2.390476190476190366e-01
2.396825396825396914e-01
2.396825396825396914e-01
2.403174603174603186e-01
2.403174603174603186e-01
2.412698412698412731e-01
2.412698412698412731e-01
2.419047619047619002e-01
2.425396825396825273e-01
2.428571428571428548e-01
2.428571428571428548e-01
2.431746031746031822e-01
2.438095238095238093e-01
2.438095238095238093e-01
2.447619047619047639e-01
2.457142857142857184e-01
2.460317460317460181e-01
2.460317460317460181e-01
2.463492063492063455e-01
2.463492063492063455e-01
2.466666666666666730e-01
2.466666666666666730e-01
2.469841269841269726e-01
2.476190476190476275e-01
2.485714285714285821e-01
2.485714285714285821e-01
2.485714285714285821e-01
2.498412698412698363e-01
2.498412698412698363e-01
2.498412698412698363e-01
2.501587301587301360e-01
2.501587301587301360e-01
2.501587301587301360e-01
2.523809523809523725e-01
2.523809523809523725e-01
2.542857142857142816e-01
2.542857142857142816e-01
2.546031746031746090e-01
2.546031746031746090e-01
2.552380952380952639e-01
2.558730158730158633e-01
2.561904761904761907e-01
2.561904761904761907e-01
2.561904761904761907e-01
2.568253968253968456e-01
2.580952380952380998e-01
2.580952380952380998e-01
2.593650793650793540e-01
2.593650793650793540e-01
2.596825396825396814e-01
2.596825396825396814e-01
2.606349206349206082e-01
2.606349206349206082e-01
2.609523809523809357e-01
2.609523809523809357e-01
2.612698412698412631e-01
2.619047619047619180e-01
2.622222222222222454e-01
2.622222222222222454e-01
2.628571428571428448e-01
2.628571428571428448e-01
2.634920634920634996e-01
2.641269841269841545e-01
2.641269841269841545e-01
2.644444444444444264e-01
2.644444444444444264e-01
2.666666666666666630e-01
2.666666666666666630e-01
2.669841269841269904e-01
2.669841269841269904e-01
2.673015873015873178e-01
2.673015873015873178e-01
2.679365079365079172e-01
2.682539682539682446e-01
2.682539682539682446e-01
2.688888888888888995e-01
2.688888888888888995e-01
2.701587301587301537e-01
2.701587301587301537e-01
2.707936507936508086e-01
2.707936507936508086e-01
2.714285714285714080e-01
2.714285714285714080e-01
2.717460317460317354e-01
2.723809523809523903e-01
2.723809523809523903e-01
2.726984126984127177e-01
2.726984126984127177e-01
2.758730158730158810e-01
2.758730158730158810e-01
2.768253968253968078e-01
2.768253968253968078e-01
2.777777777777777901e-01
2.777777777777777901e-01
2.780952380952381175e-01
2.780952380952381175e-01
2.790476190476190443e-01
2.790476190476190443e-01
2.796825396825396992e-01
2.806349206349206260e-01
2.806349206349206260e-01
2.828571428571428625e-01
2.834920634920635174e-01
2.841269841269841168e-01
2.841269841269841168e-01
2.850793650793650991e-01
2.860317460317460259e-01
2.860317460317460259e-01
2.873015873015872801e-01
2.873015873015872801e-01
2.888888888888888618e-01
2.895238095238095166e-01
2.901587301587301715e-01
2.907936507936507708e-01
2.926984126984126799e-01
2.926984126984126799e-01
2.933333333333333348e-01
2.933333333333333348e-01
2.939682539682539897e-01
2.939682539682539897e-01
2.942857142857142616e-01
2.942857142857142616e-01
2.955555555555555713e-01
2.955555555555555713e-01
2.980952380952380798e-01
2.980952380952380798e-01
2.984126984126984072e-01
3.012698412698412431e-01
3.022222222222222254e-01
3.031746031746031522e-01
3.041269841269841345e-01
3.041269841269841345e-01
3.044444444444444620e-01
3.044444444444444620e-01
3.050793650793650613e-01
3.050793650793650613e-01
3.076190476190476253e-01
3.085714285714285521e-01
3.092063492063492069e-01
3.098412698412698618e-01
3.098412698412698618e-01
3.111111111111111160e-01
3.133333333333333526e-01
3.133333333333333526e-01
3.139682539682539519e-01
3.139682539682539519e-01
3.155555555555555336e-01
3.161904761904761885e-01
3.168253968253968433e-01
3.180952380952380976e-01
3.184126984126984250e-01
3.190476190476190244e-01
3.203174603174603341e-01
3.203174603174603341e-01
3.209523809523809335e-01
3.215873015873015883e-01
3.222222222222222432e-01
3.222222222222222432e-01
3.234920634920634974e-01
3.234920634920634974e-01
3.238095238095238249e-01
3.244444444444444242e-01
3.247619047619047516e-01
3.247619047619047516e-01
3.260317460317460059e-01
3.282539682539682424e-01
3.298412698412698241e-01
3.304761904761904789e-01
3.304761904761904789e-01
3.311111111111111338e-01
3.314285714285714057e-01
3.314285714285714057e-01
3.339682539682539697e-01
3.346031746031746246e-01
3.361904761904762062e-01
3.361904761904762062e-01
3.368253968253968056e-01
3.368253968253968056e-01
3.387301587301587147e-01
3.396825396825396970e-01
3.396825396825396970e-01
3.400000000000000244e-01
3.409523809523809512e-01
3.415873015873016061e-01
3.415873015873016061e-01
3.444444444444444420e-01
3.444444444444444420e-01
3.460317460317460236e-01
3.460317460317460236e-01
3.463492063492063511e-01
3.463492063492063511e-01
3.469841269841270059e-01
3.469841269841270059e-01
3.473015873015872779e-01
3.473015873015872779e-01
3.476190476190476053e-01
3.476190476190476053e-01
3.479365079365079327e-01
3.479365079365079327e-01
3.488888888888889150e-01
3.495238095238095144e-01
3.498412698412698418e-01
3.498412698412698418e-01
3.504761904761904967e-01
3.504761904761904967e-01
3.507936507936507686e-01
3.520634920634920784e-01
3.536507936507936600e-01
3.542857142857142594e-01
3.542857142857142594e-01
3.552380952380952417e-01
3.561904761904761685e-01
3.571428571428571508e-01
3.571428571428571508e-01
3.577777777777777501e-01
3.584126984126984050e-01
3.584126984126984050e-01
3.590476190476190599e-01
3.596825396825396592e-01
3.596825396825396592e-01
3.606349206349206415e-01
3.606349206349206415e-01
3.615873015873015683e-01
3.625396825396825506e-01
3.625396825396825506e-01
3.634920634920634774e-01
3.641269841269841323e-01
3.647619047619047872e-01
3.657142857142857140e-01
3.657142857142857140e-01
3.666666666666666408e-01
3.685714285714285499e-01
3.688888888888888773e-01
3.688888888888888773e-01
3.695238095238095322e-01
3.695238095238095322e-01
3.717460317460317687e-01
3.733333333333333504e-01
3.739682539682539497e-01
3.742857142857142771e-01
3.755555555555555314e-01
3.758730158730158588e-01
3.758730158730158588e-01
3.777777777777777679e-01
3.784126984126984228e-01
3.790476190476190221e-01
3.812698412698412587e-01
3.812698412698412587e-01
3.815873015873015861e-01
3.815873015873015861e-01
3.822222222222222410e-01
3.828571428571428403e-01
3.828571428571428403e-01
3.834920634920634952e-01
3.834920634920634952e-01
3.844444444444444220e-01
3.844444444444444220e-01
3.850793650793650769e-01
3.857142857142857317e-01
3.857142857142857317e-01
3.866666666666666585e-01
3.866666666666666585e-01
3.869841269841269860e-01
3.869841269841269860e-01
3.873015873015873134e-01
3.885714285714285676e-01
3.898412698412698218e-01
3.898412698412698218e-01
3.898412698412698218e-01
3.914285714285714035e-01
3.923809523809523858e-01
3.939682539682539675e-01
3.942857142857142949e-01
3.942857142857142949e-01
3.952380952380952217e-01
3.952380952380952217e-01
3.958730158730158766e-01
3.968253968253968034e-01
3.971428571428571308e-01
3.971428571428571308e-01
3.977777777777777857e-01
3.977777777777777857e-01
3.980952380952381131e-01
3.980952380952381131e-01
3.990476190476190399e-01
3.990476190476190399e-01
3.990476190476190399e-01
3.996825396825396948e-01
4.003174603174602941e-01
4.009523809523809490e-01
4.009523809523809490e-01
4.015873015873016039e-01
4.025396825396825307e-01
4.031746031746031855e-01
4.044444444444444398e-01
4.044444444444444398e-01
4.047619047619047672e-01
4.047619047619047672e-01
4.063492063492063489e-01
4.063492063492063489e-01
4.073015873015872756e-01
4.079365079365079305e-01
4.082539682539682580e-01
4.104761904761904945e-01
4.120634920634920761e-01
4.120634920634920761e-01
4.130158730158730029e-01
4.136507936507936578e-01
4.146031746031745846e-01
4.152380952380952395e-01
4.152380952380952395e-01
4.158730158730158943e-01
4.158730158730158943e-01
4.168253968253968211e-01
4.168253968253968211e-01
4.171428571428571486e-01
4.171428571428571486e-01
4.174603174603174760e-01
4.184126984126984028e-01
4.184126984126984028e-01
4.193650793650793851e-01
4.196825396825396570e-01
4.196825396825396570e-01
4.206349206349206393e-01
4.212698412698412942e-01
4.212698412698412942e-01
4.215873015873015661e-01
4.250793650793650569e-01
4.323809523809523658e-01
4.384126984126984206e-01
4.390476190476190199e-01
4.396825396825396748e-01
4.396825396825396748e-01
4.400000000000000022e-01
4.400000000000000022e-01
4.406349206349206571e-01
4.409523809523809290e-01
4.419047619047619113e-01
4.425396825396825662e-01
4.431746031746031655e-01
4.453968253968254021e-01
4.453968253968254021e-01
4.460317460317460569e-01
4.473015873015873112e-01
4.482539682539682380e-01
4.488888888888888928e-01
4.492063492063492203e-01
4.492063492063492203e-01
4.507936507936508019e-01
4.511111111111111294e-01
4.511111111111111294e-01
4.514285714285714013e-01
4.539682539682539653e-01
4.542857142857142927e-01
4.542857142857142927e-01
4.549206349206349476e-01
4.549206349206349476e-01
4.552380952380952195e-01
4.552380952380952195e-01
4.558730158730158744e-01
4.558730158730158744e-01
4.565079365079365292e-01
4.571428571428571286e-01
4.580952380952381109e-01
4.580952380952381109e-01
4.587301587301587102e-01
4.587301587301587102e-01
4.590476190476190377e-01
4.590476190476190377e-01
4.596825396825396925e-01
4.600000000000000200e-01
4.609523809523809468e-01
4.622222222222222010e-01
4.628571428571428559e-01
4.628571428571428559e-01
4.634920634920635107e-01
4.647619047619047650e-01
4.657142857142856918e-01
4.663492063492063466e-01
4.663492063492063466e-01
4.679365079365079283e-01
4.692063492063491825e-01
4.695238095238095100e-01
4.714285714285714191e-01
4.717460317460317465e-01
4.717460317460317465e-01
4.723809523809524014e-01
4.723809523809524014e-01
4.742857142857143105e-01
4.742857142857143105e-01
4.749206349206349098e-01
4.765079365079364915e-01
4.784126984126984006e-01
4.793650793650793829e-01
4.799999999999999822e-01
4.799999999999999822e-01
4.809523809523809645e-01
4.809523809523809645e-01
4.819047619047618913e-01
4.825396825396825462e-01
4.825396825396825462e-01
4.847619047619047827e-01
4.857142857142857095e-01
4.863492063492063644e-01
4.885714285714285454e-01
4.892063492063492003e-01
4.898412698412698552e-01
4.898412698412698552e-01
4.901587301587301826e-01
4.911111111111111094e-01
4.923809523809523636e-01
4.926984126984126910e-01
4.933333333333333459e-01
4.936507936507936734e-01
4.936507936507936734e-01
4.949206349206349276e-01
4.949206349206349276e-01
4.955555555555555824e-01
4.955555555555555824e-01
4.965079365079365092e-01
4.965079365079365092e-01
4.974603174603174360e-01
4.980952380952380909e-01
4.990476190476190732e-01
4.996825396825396726e-01
5.003174603174602719e-01
5.012698412698413097e-01
5.019047619047618536e-01
5.028571428571428914e-01
5.031746031746031633e-01
5.031746031746031633e-01
5.034920634920635463e-01
5.082539682539682913e-01
5.095238095238094900e-01
5.101587301587301448e-01
5.123809523809523814e-01
5.123809523809523814e-01
5.130158730158730362e-01
5.155555555555555447e-01
5.161904761904761996e-01
5.174603174603175093e-01
5.180952380952380532e-01
5.200000000000000178e-01
5.215873015873015994e-01
5.247619047619047628e-01
5.247619047619047628e-01
5.263492063492063444e-01
5.269841269841269993e-01
5.279365079365079261e-01
5.279365079365079261e-01
5.285714285714285809e-01
5.288888888888888529e-01
5.295238095238095077e-01
5.311111111111110894e-01
5.317460317460317443e-01
5.320634920634920162e-01
5.326984126984126711e-01
5.336507936507935979e-01
5.336507936507935979e-01
5.342857142857142527e-01
5.352380952380952905e-01
5.380952380952380709e-01
5.387301587301587258e-01
5.387301587301587258e-01
5.403174603174603075e-01
5.409523809523809623e-01
5.428571428571428159e-01
5.428571428571428159e-01
5.444444444444443976e-01
5.450793650793650524e-01
5.469841269841270170e-01
5.469841269841270170e-01
5.476190476190476719e-01
5.495238095238095255e-01
5.507936507936508352e-01
5.507936507936508352e-01
5.517460317460317620e-01
5.517460317460317620e-01
5.533333333333333437e-01
5.539682539682539986e-01
5.558730158730158522e-01
5.565079365079365070e-01
5.596825396825396703e-01
5.603174603174603252e-01
5.606349206349205971e-01
5.615873015873016350e-01
5.622222222222221788e-01
5.625396825396825617e-01
5.634920634920634885e-01
5.634920634920634885e-01
5.641269841269841434e-01
5.641269841269841434e-01
5.653968253968253421e-01
5.660317460317459970e-01
5.660317460317459970e-01
5.666666666666666519e-01
5.666666666666666519e-01
5.666666666666666519e-01
5.676190476190475787e-01
5.676190476190475787e-01
5.688888888888888884e-01
5.688888888888888884e-01
5.704761904761904701e-01
5.720634920634920517e-01
5.723809523809524347e-01
5.736507936507936334e-01
5.736507936507936334e-01
5.761904761904761418e-01
5.761904761904761418e-01
5.765079365079365248e-01
5.765079365079365248e-01
5.771428571428571797e-01
5.771428571428571797e-01
5.774603174603174516e-01
5.774603174603174516e-01
5.780952380952381064e-01
5.780952380952381064e-01
5.784126984126983784e-01
5.790476190476190332e-01
5.790476190476190332e-01
5.841269841269841612e-01
5.863492063492063977e-01
5.863492063492063977e-01
5.866666666666666696e-01
5.873015873015873245e-01
5.895238095238095610e-01
5.895238095238095610e-01
5.898412698412698330e-01
5.904761904761904878e-01
5.914285714285714146e-01
5.923809523809523414e-01
5.926984126984127244e-01
5.961904761904761596e-01
5.968253968253968145e-01
5.968253968253968145e-01
5.977777777777777413e-01
5.977777777777777413e-01
5.987301587301587791e-01
5.987301587301587791e-01
6.009523809523809046e-01
6.009523809523809046e-01
6.019047619047619424e-01
6.031746031746031411e-01
6.085714285714285410e-01
6.092063492063491958e-01
6.101587301587301226e-01
6.104761904761905056e-01
6.114285714285714324e-01
6.114285714285714324e-01
6.155555555555555225e-01
6.377777777777777768e-01
6.469841269841269948e-01
6.473015873015872668e-01
6.485714285714285765e-01
6.488888888888888484e-01
6.488888888888888484e-01
6.492063492063492314e-01
6.498412698412698862e-01
6.504761904761904301e-01
6.523809523809523947e-01
6.530158730158730496e-01
6.530158730158730496e-01
6.536507936507937044e-01
6.542857142857142483e-01
6.549206349206349032e-01
6.549206349206349032e-01
6.555555555555555580e-01
6.555555555555555580e-01
6.561904761904762129e-01
6.568253968253968678e-01
6.571428571428571397e-01
6.593650793650793762e-01
6.628571428571428115e-01
6.628571428571428115e-01
6.638095238095238493e-01
6.638095238095238493e-01
6.644444444444443931e-01
6.650793650793650480e-01
6.653968253968254309e-01
6.653968253968254309e-01
6.657142857142857029e-01
6.663492063492063577e-01
6.673015873015872845e-01
6.673015873015872845e-01
6.692063492063492491e-01
6.698412698412697930e-01
6.698412698412697930e-01
6.707936507936508308e-01
6.707936507936508308e-01
6.711111111111111027e-01
6.711111111111111027e-01
6.717460317460317576e-01
6.717460317460317576e-01
6.723809523809524125e-01
6.726984126984126844e-01
6.726984126984126844e-01
6.733333333333333393e-01
6.733333333333333393e-01
6.739682539682539941e-01
6.746031746031746490e-01
6.746031746031746490e-01
6.755555555555555758e-01
6.768253968253967745e-01
6.771428571428571574e-01
6.780952380952380842e-01
6.784126984126984672e-01
6.790476190476190110e-01
6.803174603174603208e-01
6.806349206349205927e-01
6.806349206349205927e-01
6.815873015873016305e-01
6.825396825396825573e-01
6.831746031746032122e-01
6.834920634920634841e-01
6.911111111111111205e-01
6.933333333333333570e-01
6.942857142857142838e-01
6.955555555555555935e-01
6.961904761904761374e-01
6.974603174603174471e-01
6.980952380952381020e-01
7.006349206349206105e-01
7.009523809523809934e-01
7.019047619047619202e-01
7.031746031746032299e-01
7.047619047619048116e-01
7.053968253968253554e-01
7.060317460317460103e-01
7.063492063492063933e-01
7.203174603174603563e-01
7.250793650793651013e-01
7.260317460317460281e-01
7.260317460317460281e-01
7.269841269841269549e-01
7.288888888888889195e-01
7.292063492063491914e-01
7.292063492063491914e-01
7.295238095238095744e-01
7.295238095238095744e-01
7.301587301587301182e-01
7.336507936507936645e-01
7.365079365079365559e-01
7.374603174603174827e-01
7.393650793650793362e-01
7.399999999999999911e-01
7.399999999999999911e-01
7.406349206349206460e-01
7.412698412698413009e-01
7.419047619047619557e-01
7.419047619047619557e-01
7.425396825396824996e-01
7.444444444444444642e-01
7.450793650793651191e-01
7.460317460317460458e-01
7.479365079365078994e-01
7.517460317460317176e-01
7.523809523809523725e-01
7.530158730158730274e-01
7.530158730158730274e-01
7.533333333333332993e-01
7.533333333333332993e-01
7.542857142857143371e-01
7.542857142857143371e-01
7.546031746031746090e-01
7.546031746031746090e-01
7.555555555555555358e-01
7.568253968253968456e-01
7.574603174603175004e-01
7.603174603174602808e-01
7.622222222222222454e-01
7.650793650793650258e-01
7.660317460317460636e-01
7.666666666666667185e-01
7.669841269841269904e-01
7.685714285714285721e-01
7.692063492063492269e-01
7.698412698412698818e-01
7.711111111111110805e-01
7.723809523809523903e-01
7.895238095238095166e-01
7.898412698412697885e-01
7.939682539682539897e-01
7.942857142857142616e-01
7.942857142857142616e-01
7.946031746031746446e-01
7.958730158730158433e-01
7.965079365079364981e-01
8.000000000000000444e-01
8.000000000000000444e-01
8.006349206349205883e-01
8.012698412698412431e-01
8.015873015873016261e-01
8.022222222222221699e-01
8.028571428571428248e-01
8.034920634920634797e-01
8.034920634920634797e-01
8.038095238095238626e-01
8.082539682539682246e-01
8.120634920634920428e-01
8.126984126984126977e-01
8.130158730158729696e-01
8.149206349206349342e-01
8.165079365079365159e-01
8.171428571428571708e-01
8.171428571428571708e-01
8.180952380952380976e-01
8.193650793650794073e-01
8.199999999999999512e-01
8.203174603174603341e-01
8.203174603174603341e-01
8.206349206349206060e-01
8.266666666666666607e-01
8.298412698412698241e-01
8.301587301587302070e-01
8.307936507936507509e-01
8.326984126984127155e-01
8.352380952380952239e-01
8.361904761904761507e-01
8.368253968253968056e-01
8.374603174603174605e-01
8.374603174603174605e-01
8.377777777777777324e-01
8.377777777777777324e-01
8.380952380952381153e-01
8.387301587301587702e-01
8.390476190476190421e-01
8.396825396825396970e-01
8.403174603174603519e-01
8.415873015873015506e-01
8.422222222222222054e-01
8.428571428571428603e-01
8.431746031746031322e-01
8.469841269841269504e-01
8.536507936507936600e-01
8.565079365079365514e-01
8.577777777777777501e-01
8.587301587301586769e-01
8.590476190476190599e-01
8.599999999999999867e-01
8.609523809523809135e-01
8.619047619047619513e-01
8.625396825396824951e-01
8.631746031746031500e-01
8.885714285714285676e-01
8.888888888888888395e-01
8.984126984126984405e-01
9.276190476190475653e-01
9.377777777777778212e-01
9.377777777777778212e-01
9.399999999999999467e-01
9.406349206349206016e-01
9.441269841269841478e-01
9.447619047619048027e-01
9.460317460317460014e-01
9.488888888888888928e-01
9.495238095238095477e-01
9.501587301587302026e-01
9.507936507936507464e-01
9.520634920634920562e-01
9.526984126984127110e-01
9.533333333333333659e-01
9.542857142857142927e-01
9.552380952380952195e-01
9.606349206349206193e-01
9.606349206349206193e-01
9.615873015873015461e-01
9.634920634920635107e-01
9.641269841269841656e-01
9.866666666666666918e-01
9.873015873015873467e-01
1.000000000000000000e+00
