0.000000000000000000e+00
6.388888888888889263e-03
8.055555555555555386e-03
8.055555555555555386e-03
8.055555555555555386e-03
8.055555555555555386e-03
8.055555555555555386e-03
8.055555555555555386e-03
8.055555555555555386e-03
8.055555555555555386e-03
8.055555555555555386e-03
8.055555555555555386e-03
8.055555555555555386e-03
8.055555555555555386e-03
8.055555555555555386e-03
8.055555555555555386e-03
8.055555555555555386e-03
8.055555555555555386e-03
8.055555555555555386e-03
8.055555555555555386e-03
8.055555555555555386e-03
8.055555555555555386e-03
8.055555555555555386e-03
9.166666666666666713e-03
9.166666666666666713e-03
9.722222222222222376e-03
1.000000000000000021e-02
1.000000000000000021e-02
1.027777777777777804e-02
1.027777777777777804e-02
1.027777777777777804e-02
1.055555555555555587e-02
1.055555555555555587e-02
1.111111111111111154e-02
1.111111111111111154e-02
1.194444444444444503e-02
1.194444444444444503e-02
1.194444444444444503e-02
1.250000000000000069e-02
1.305555555555555636e-02
1.361111111111111029e-02
1.444444444444444378e-02
1.499999999999999944e-02
1.638888888888889034e-02
1.666666666666666644e-02
1.666666666666666644e-02
1.694444444444444600e-02
1.777777777777777776e-02
1.777777777777777776e-02
1.777777777777777776e-02
1.805555555555555386e-02
1.805555555555555386e-02
1.861111111111110952e-02
1.888888888888888909e-02
1.888888888888888909e-02
1.888888888888888909e-02
1.944444444444444475e-02
1.944444444444444475e-02
2.000000000000000042e-02
2.000000000000000042e-02
2.055555555555555608e-02
2.055555555555555608e-02
2.111111111111111174e-02
2.111111111111111174e-02
2.138888888888888784e-02
2.138888888888888784e-02
2.166666666666666741e-02
2.166666666666666741e-02
2.194444444444444350e-02
2.194444444444444350e-02
2.194444444444444350e-02
2.222222222222222307e-02
2.222222222222222307e-02
2.249999999999999917e-02
2.249999999999999917e-02
2.249999999999999917e-02
2.249999999999999917e-02
2.305555555555555483e-02
2.305555555555555483e-02
2.333333333333333440e-02
2.333333333333333440e-02
2.361111111111111049e-02
2.361111111111111049e-02
2.388888888888889006e-02
2.388888888888889006e-02
2.444444444444444572e-02
2.444444444444444572e-02
2.472222222222222182e-02
2.472222222222222182e-02
2.527777777777777748e-02
2.527777777777777748e-02
2.555555555555555705e-02
2.555555555555555705e-02
2.583333333333333315e-02
2.583333333333333315e-02
2.638888888888888881e-02
2.638888888888888881e-02
2.666666666666666838e-02
2.666666666666666838e-02
2.694444444444444448e-02
2.694444444444444448e-02
2.722222222222222057e-02
2.722222222222222057e-02
2.777777777777777624e-02
2.833333333333333190e-02
2.833333333333333190e-02
2.861111111111111147e-02
2.861111111111111147e-02
2.888888888888888756e-02
2.888888888888888756e-02
2.916666666666666713e-02
2.916666666666666713e-02
2.972222222222222279e-02
2.999999999999999889e-02
3.111111111111111022e-02
3.138888888888888978e-02
3.138888888888888978e-02
3.166666666666666935e-02
3.166666666666666935e-02
3.194444444444444198e-02
3.194444444444444198e-02
3.250000000000000111e-02
3.277777777777778068e-02
3.361111111111111244e-02
3.388888888888889200e-02
3.388888888888889200e-02
3.444444444444444420e-02
3.527777777777777596e-02
3.583333333333333509e-02
3.611111111111110772e-02
3.611111111111110772e-02
3.638888888888888729e-02
3.638888888888888729e-02
3.749999999999999861e-02
3.749999999999999861e-02
3.805555555555555775e-02
3.805555555555555775e-02
3.833333333333333037e-02
3.833333333333333037e-02
3.861111111111110994e-02
3.972222222222222127e-02
3.972222222222222127e-02
4.027777777777778040e-02
4.027777777777778040e-02
4.083333333333333259e-02
4.083333333333333259e-02
4.194444444444444392e-02
4.194444444444444392e-02
4.222222222222222349e-02
4.222222222222222349e-02
4.277777777777777568e-02
4.277777777777777568e-02
4.361111111111111438e-02
4.416666666666666657e-02
4.499999999999999833e-02
4.555555555555555747e-02
4.583333333333333010e-02
4.583333333333333010e-02
4.666666666666666879e-02
4.666666666666666879e-02
4.694444444444444142e-02
4.694444444444444142e-02
4.722222222222222099e-02
4.722222222222222099e-02
4.750000000000000056e-02
4.750000000000000056e-02
4.805555555555555275e-02
4.805555555555555275e-02
4.833333333333333232e-02
4.888888888888889145e-02
4.888888888888889145e-02
4.944444444444444364e-02
4.944444444444444364e-02
4.972222222222222321e-02
4.972222222222222321e-02
5.027777777777777540e-02
5.027777777777777540e-02
5.083333333333333454e-02
5.083333333333333454e-02
5.111111111111111410e-02
5.111111111111111410e-02
5.111111111111111410e-02
5.138888888888888673e-02
5.138888888888888673e-02
5.194444444444444586e-02
5.194444444444444586e-02
5.222222222222222543e-02
5.222222222222222543e-02
5.333333333333333676e-02
5.333333333333333676e-02
5.361111111111110938e-02
5.361111111111110938e-02
5.416666666666666852e-02
5.416666666666666852e-02
5.444444444444444114e-02
5.444444444444444114e-02
5.472222222222222071e-02
5.472222222222222071e-02
5.500000000000000028e-02
5.500000000000000028e-02
5.500000000000000028e-02
5.555555555555555247e-02
5.555555555555555247e-02
5.583333333333333204e-02
5.583333333333333204e-02
5.611111111111111160e-02
5.611111111111111160e-02
5.638888888888889117e-02
5.638888888888889117e-02
5.694444444444444337e-02
5.750000000000000250e-02
5.750000000000000250e-02
5.777777777777777513e-02
5.777777777777777513e-02
5.777777777777777513e-02
5.833333333333333426e-02
5.833333333333333426e-02
5.861111111111111382e-02
5.861111111111111382e-02
5.888888888888888645e-02
5.888888888888888645e-02
5.944444444444444559e-02
6.027777777777777735e-02
6.027777777777777735e-02
6.055555555555555691e-02
6.138888888888888867e-02
6.194444444444444781e-02
6.194444444444444781e-02
6.222222222222222043e-02
6.222222222222222043e-02
6.222222222222222043e-02
6.250000000000000000e-02
6.305555555555555913e-02
6.305555555555555913e-02
6.333333333333333870e-02
6.333333333333333870e-02
6.333333333333333870e-02
6.361111111111110439e-02
6.361111111111110439e-02
6.361111111111110439e-02
6.416666666666666352e-02
6.416666666666666352e-02
6.416666666666666352e-02
6.416666666666666352e-02
6.472222222222222265e-02
6.472222222222222265e-02
6.472222222222222265e-02
6.472222222222222265e-02
6.472222222222222265e-02
6.472222222222222265e-02
6.555555555555556135e-02
6.611111111111110661e-02
6.611111111111110661e-02
6.694444444444444531e-02
6.694444444444444531e-02
6.777777777777778401e-02
6.777777777777778401e-02
6.805555555555554970e-02
6.805555555555554970e-02
6.805555555555554970e-02
6.805555555555554970e-02
6.833333333333332926e-02
6.833333333333332926e-02
6.861111111111110883e-02
6.861111111111110883e-02
6.861111111111110883e-02
6.861111111111110883e-02
6.916666666666666796e-02
6.916666666666666796e-02
6.972222222222222709e-02
6.972222222222222709e-02
6.972222222222222709e-02
6.972222222222222709e-02
7.000000000000000666e-02
7.000000000000000666e-02
7.000000000000000666e-02
7.055555555555555192e-02
7.055555555555555192e-02
7.055555555555555192e-02
7.055555555555555192e-02
7.055555555555555192e-02
7.055555555555555192e-02
7.055555555555555192e-02
7.083333333333333148e-02
7.083333333333333148e-02
7.111111111111111105e-02
7.111111111111111105e-02
7.111111111111111105e-02
7.111111111111111105e-02
7.138888888888889062e-02
7.138888888888889062e-02
7.138888888888889062e-02
7.138888888888889062e-02
7.166666666666667018e-02
7.166666666666667018e-02
7.166666666666667018e-02
7.194444444444444975e-02
7.194444444444444975e-02
7.194444444444444975e-02
7.194444444444444975e-02
7.194444444444444975e-02
7.194444444444444975e-02
7.249999999999999500e-02
7.249999999999999500e-02
7.249999999999999500e-02
7.249999999999999500e-02
7.249999999999999500e-02
7.249999999999999500e-02
7.277777777777777457e-02
7.277777777777777457e-02
7.277777777777777457e-02
7.277777777777777457e-02
7.277777777777777457e-02
7.277777777777777457e-02
7.277777777777777457e-02
7.305555555555555414e-02
7.305555555555555414e-02
7.305555555555555414e-02
7.305555555555555414e-02
7.333333333333333370e-02
7.333333333333333370e-02
7.361111111111111327e-02
7.361111111111111327e-02
7.388888888888889284e-02
7.388888888888889284e-02
7.388888888888889284e-02
7.388888888888889284e-02
7.388888888888889284e-02
7.416666666666667240e-02
7.416666666666667240e-02
7.444444444444443809e-02
7.444444444444443809e-02
7.472222222222221766e-02
7.472222222222221766e-02
7.472222222222221766e-02
7.472222222222221766e-02
7.499999999999999722e-02
7.499999999999999722e-02
7.527777777777777679e-02
7.527777777777777679e-02
7.527777777777777679e-02
7.527777777777777679e-02
7.527777777777777679e-02
7.555555555555555636e-02
7.555555555555555636e-02
7.583333333333333592e-02
7.583333333333333592e-02
7.611111111111111549e-02
7.611111111111111549e-02
7.638888888888889506e-02
7.638888888888889506e-02
7.694444444444444031e-02
7.694444444444444031e-02
7.722222222222221988e-02
7.722222222222221988e-02
7.749999999999999944e-02
7.749999999999999944e-02
7.749999999999999944e-02
7.749999999999999944e-02
7.777777777777777901e-02
7.777777777777777901e-02
7.777777777777777901e-02
7.777777777777777901e-02
7.777777777777777901e-02
7.777777777777777901e-02
7.777777777777777901e-02
7.777777777777777901e-02
7.777777777777777901e-02
7.805555555555555858e-02
7.805555555555555858e-02
7.833333333333333814e-02
7.833333333333333814e-02
7.833333333333333814e-02
7.833333333333333814e-02
7.833333333333333814e-02
7.833333333333333814e-02
7.833333333333333814e-02
7.888888888888888340e-02
7.888888888888888340e-02
7.888888888888888340e-02
7.916666666666666297e-02
7.916666666666666297e-02
7.944444444444444253e-02
7.944444444444444253e-02
7.972222222222222210e-02
7.972222222222222210e-02
7.972222222222222210e-02
7.972222222222222210e-02
8.000000000000000167e-02
8.000000000000000167e-02
8.000000000000000167e-02
8.000000000000000167e-02
8.027777777777778123e-02
8.027777777777778123e-02
8.027777777777778123e-02
8.027777777777778123e-02
8.055555555555556080e-02
8.055555555555556080e-02
8.055555555555556080e-02
8.055555555555556080e-02
8.083333333333332649e-02
8.083333333333332649e-02
8.083333333333332649e-02
8.111111111111110605e-02
8.111111111111110605e-02
8.166666666666666519e-02
8.166666666666666519e-02
8.166666666666666519e-02
8.194444444444444475e-02
8.194444444444444475e-02
8.194444444444444475e-02
8.194444444444444475e-02
8.194444444444444475e-02
8.305555555555554914e-02
8.333333333333332871e-02
8.333333333333332871e-02
8.361111111111110827e-02
8.361111111111110827e-02
8.416666666666666741e-02
8.416666666666666741e-02
8.472222222222222654e-02
8.472222222222222654e-02
8.500000000000000611e-02
8.500000000000000611e-02
8.527777777777777179e-02
8.527777777777777179e-02
8.555555555555555136e-02
8.555555555555555136e-02
8.611111111111111049e-02
8.666666666666666963e-02
8.722222222222222876e-02
8.722222222222222876e-02
8.777777777777777402e-02
8.833333333333333315e-02
8.833333333333333315e-02
8.888888888888889228e-02
8.888888888888889228e-02
8.916666666666667185e-02
8.916666666666667185e-02
8.944444444444443754e-02
8.944444444444443754e-02
9.027777777777777624e-02
9.055555555555555580e-02
9.055555555555555580e-02
9.083333333333333537e-02
9.083333333333333537e-02
9.083333333333333537e-02
9.083333333333333537e-02
9.111111111111111494e-02
9.111111111111111494e-02
9.138888888888889450e-02
9.138888888888889450e-02
9.166666666666666019e-02
9.166666666666666019e-02
9.194444444444443976e-02
9.194444444444443976e-02
9.222222222222221932e-02
9.305555555555555802e-02
9.305555555555555802e-02
9.333333333333333759e-02
9.333333333333333759e-02
9.444444444444444198e-02
9.444444444444444198e-02
9.444444444444444198e-02
9.472222222222222154e-02
9.472222222222222154e-02
9.500000000000000111e-02
9.500000000000000111e-02
9.500000000000000111e-02
9.527777777777778068e-02
9.527777777777778068e-02
9.638888888888888506e-02
9.638888888888888506e-02
9.666666666666666463e-02
9.666666666666666463e-02
9.666666666666666463e-02
9.666666666666666463e-02
9.750000000000000333e-02
9.750000000000000333e-02
9.833333333333332815e-02
9.944444444444444642e-02
9.944444444444444642e-02
9.972222222222222598e-02
9.972222222222222598e-02
1.000000000000000056e-01
1.000000000000000056e-01
1.002777777777777712e-01
1.002777777777777712e-01
1.005555555555555508e-01
1.013888888888888895e-01
1.016666666666666691e-01
1.047222222222222165e-01
1.049999999999999961e-01
1.052777777777777757e-01
1.055555555555555552e-01
1.055555555555555552e-01
1.066666666666666735e-01
1.066666666666666735e-01
1.077777777777777779e-01
1.077777777777777779e-01
1.080555555555555575e-01
1.080555555555555575e-01
1.080555555555555575e-01
1.086111111111111166e-01
1.088888888888888823e-01
1.088888888888888823e-01
1.088888888888888823e-01
1.100000000000000006e-01
1.100000000000000006e-01
1.100000000000000006e-01
1.100000000000000006e-01
1.100000000000000006e-01
1.102777777777777801e-01
1.102777777777777801e-01
1.105555555555555597e-01
1.105555555555555597e-01
1.113888888888888845e-01
1.113888888888888845e-01
1.122222222222222232e-01
1.122222222222222232e-01
1.122222222222222232e-01
1.127777777777777823e-01
1.127777777777777823e-01
1.136111111111111072e-01
1.136111111111111072e-01
1.144444444444444459e-01
1.144444444444444459e-01
1.147222222222222254e-01
1.147222222222222254e-01
1.150000000000000050e-01
1.150000000000000050e-01
1.152777777777777846e-01
1.152777777777777846e-01
1.158333333333333298e-01
1.158333333333333298e-01
1.163888888888888890e-01
1.169444444444444481e-01
1.172222222222222276e-01
1.172222222222222276e-01
1.174999999999999933e-01
1.174999999999999933e-01
1.177777777777777729e-01
1.177777777777777729e-01
1.177777777777777729e-01
1.180555555555555525e-01
1.180555555555555525e-01
1.186111111111111116e-01
1.194444444444444503e-01
1.194444444444444503e-01
1.199999999999999956e-01
1.208333333333333343e-01
1.208333333333333343e-01
1.213888888888888934e-01
1.213888888888888934e-01
1.216666666666666730e-01
1.216666666666666730e-01
1.224999999999999978e-01
1.224999999999999978e-01
1.230555555555555569e-01
1.230555555555555569e-01
1.236111111111111160e-01
1.236111111111111160e-01
1.244444444444444409e-01
1.244444444444444409e-01
1.250000000000000000e-01
1.250000000000000000e-01
1.250000000000000000e-01
1.252777777777777657e-01
1.252777777777777657e-01
1.255555555555555591e-01
1.263888888888888840e-01
1.263888888888888840e-01
1.269444444444444431e-01
1.272222222222222088e-01
1.275000000000000022e-01
1.275000000000000022e-01
1.277777777777777679e-01
1.283333333333333270e-01
1.286111111111111205e-01
1.286111111111111205e-01
1.288888888888888862e-01
1.288888888888888862e-01
1.288888888888888862e-01
1.291666666666666796e-01
1.291666666666666796e-01
1.297222222222222110e-01
1.297222222222222110e-01
1.302777777777777701e-01
1.302777777777777701e-01
1.302777777777777701e-01
1.302777777777777701e-01
1.308333333333333293e-01
1.308333333333333293e-01
1.308333333333333293e-01
1.308333333333333293e-01
1.308333333333333293e-01
1.308333333333333293e-01
1.311111111111111227e-01
1.311111111111111227e-01
1.313888888888888884e-01
1.313888888888888884e-01
1.316666666666666541e-01
1.316666666666666541e-01
1.319444444444444475e-01
1.319444444444444475e-01
1.322222222222222132e-01
1.322222222222222132e-01
1.325000000000000067e-01
1.325000000000000067e-01
1.327777777777777724e-01
1.327777777777777724e-01
1.330555555555555658e-01
1.330555555555555658e-01
1.330555555555555658e-01
1.333333333333333315e-01
1.333333333333333315e-01
1.333333333333333315e-01
1.333333333333333315e-01
1.336111111111111249e-01
1.336111111111111249e-01
1.341666666666666563e-01
1.341666666666666563e-01
1.344444444444444497e-01
1.344444444444444497e-01
1.344444444444444497e-01
1.347222222222222154e-01
1.347222222222222154e-01
1.347222222222222154e-01
1.347222222222222154e-01
1.350000000000000089e-01
1.350000000000000089e-01
1.355555555555555680e-01
1.355555555555555680e-01
1.358333333333333337e-01
1.363888888888888928e-01
1.363888888888888928e-01
1.372222222222222177e-01
1.372222222222222177e-01
1.377777777777777768e-01
1.377777777777777768e-01
1.380555555555555425e-01
1.380555555555555425e-01
1.397222222222222199e-01
1.397222222222222199e-01
1.400000000000000133e-01
1.411111111111111038e-01
1.411111111111111038e-01
1.413888888888888973e-01
1.413888888888888973e-01
1.416666666666666630e-01
1.416666666666666630e-01
1.419444444444444564e-01
1.419444444444444564e-01
1.422222222222222221e-01
1.422222222222222221e-01
1.427777777777777812e-01
1.438888888888888995e-01
1.441666666666666652e-01
1.441666666666666652e-01
1.447222222222222243e-01
1.452777777777777835e-01
1.452777777777777835e-01
1.461111111111111083e-01
1.461111111111111083e-01
1.466666666666666674e-01
1.472222222222222265e-01
1.472222222222222265e-01
1.477777777777777857e-01
1.477777777777777857e-01
1.480555555555555514e-01
1.480555555555555514e-01
1.486111111111111105e-01
1.486111111111111105e-01
1.488888888888888762e-01
1.488888888888888762e-01
1.497222222222222288e-01
1.505555555555555536e-01
1.505555555555555536e-01
1.511111111111111127e-01
1.522222222222222310e-01
1.522222222222222310e-01
1.527777777777777901e-01
1.527777777777777901e-01
1.533333333333333215e-01
1.536111111111111149e-01
1.536111111111111149e-01
1.538888888888888806e-01
1.538888888888888806e-01
1.541666666666666741e-01
1.541666666666666741e-01
1.549999999999999989e-01
1.549999999999999989e-01
1.552777777777777646e-01
1.552777777777777646e-01
1.561111111111111172e-01
1.566666666666666763e-01
1.572222222222222354e-01
1.577777777777777668e-01
1.583333333333333259e-01
1.583333333333333259e-01
1.586111111111111194e-01
1.586111111111111194e-01
1.594444444444444442e-01
1.594444444444444442e-01
1.597222222222222099e-01
1.597222222222222099e-01
1.600000000000000033e-01
1.600000000000000033e-01
1.602777777777777690e-01
1.602777777777777690e-01
1.602777777777777690e-01
1.602777777777777690e-01
1.608333333333333282e-01
1.608333333333333282e-01
1.613888888888888873e-01
1.613888888888888873e-01
1.616666666666666530e-01
1.616666666666666530e-01
1.627777777777777712e-01
1.627777777777777712e-01
1.630555555555555647e-01
1.630555555555555647e-01
1.636111111111111238e-01
1.636111111111111238e-01
1.638888888888888895e-01
1.638888888888888895e-01
1.641666666666666552e-01
1.641666666666666552e-01
1.650000000000000078e-01
1.650000000000000078e-01
1.652777777777777735e-01
1.661111111111110983e-01
1.661111111111110983e-01
1.663888888888888917e-01
1.663888888888888917e-01
1.669444444444444509e-01
1.675000000000000100e-01
1.675000000000000100e-01
1.677777777777777757e-01
1.677777777777777757e-01
1.677777777777777757e-01
1.677777777777777757e-01
1.680555555555555691e-01
1.680555555555555691e-01
1.683333333333333348e-01
1.683333333333333348e-01
1.686111111111111005e-01
1.686111111111111005e-01
1.688888888888888939e-01
1.688888888888888939e-01
1.691666666666666596e-01
1.691666666666666596e-01
1.697222222222222188e-01
1.702777777777777779e-01
1.702777777777777779e-01
1.713888888888888962e-01
1.713888888888888962e-01
1.719444444444444553e-01
1.719444444444444553e-01
1.724999999999999867e-01
1.724999999999999867e-01
1.724999999999999867e-01
1.724999999999999867e-01
1.730555555555555458e-01
1.730555555555555458e-01
1.733333333333333393e-01
1.733333333333333393e-01
1.736111111111111049e-01
1.736111111111111049e-01
1.741666666666666641e-01
1.749999999999999889e-01
1.749999999999999889e-01
1.758333333333333415e-01
1.758333333333333415e-01
1.761111111111111072e-01
1.761111111111111072e-01
1.774999999999999911e-01
1.780555555555555503e-01
1.786111111111111094e-01
1.786111111111111094e-01
1.788888888888888751e-01
1.788888888888888751e-01
1.797222222222222276e-01
1.797222222222222276e-01
1.802777777777777868e-01
1.802777777777777868e-01
1.827777777777777890e-01
1.833333333333333204e-01
1.833333333333333204e-01
1.838888888888888795e-01
1.861111111111111160e-01
1.869444444444444409e-01
1.869444444444444409e-01
1.875000000000000000e-01
1.875000000000000000e-01
1.880555555555555591e-01
1.886111111111111183e-01
1.888888888888888840e-01
1.894444444444444431e-01
1.897222222222222088e-01
1.897222222222222088e-01
1.900000000000000022e-01
1.900000000000000022e-01
1.905555555555555614e-01
1.905555555555555614e-01
1.908333333333333270e-01
1.908333333333333270e-01
1.911111111111111205e-01
1.911111111111111205e-01
1.913888888888888862e-01
1.913888888888888862e-01
1.919444444444444453e-01
1.919444444444444453e-01
1.925000000000000044e-01
1.925000000000000044e-01
1.927777777777777701e-01
1.927777777777777701e-01
1.938888888888888884e-01
1.938888888888888884e-01
1.947222222222222132e-01
1.947222222222222132e-01
1.947222222222222132e-01
1.947222222222222132e-01
1.947222222222222132e-01
1.950000000000000067e-01
1.950000000000000067e-01
1.955555555555555658e-01
1.955555555555555658e-01
1.966666666666666563e-01
1.966666666666666563e-01
1.972222222222222154e-01
1.972222222222222154e-01
1.977777777777777746e-01
1.977777777777777746e-01
1.988888888888888928e-01
1.988888888888888928e-01
1.991666666666666585e-01
1.991666666666666585e-01
1.994444444444444520e-01
2.000000000000000111e-01
2.008333333333333359e-01
2.008333333333333359e-01
2.013888888888888951e-01
2.013888888888888951e-01
2.016666666666666607e-01
2.016666666666666607e-01
2.022222222222222199e-01
2.022222222222222199e-01
2.027777777777777790e-01
2.033333333333333381e-01
2.033333333333333381e-01
2.041666666666666630e-01
2.041666666666666630e-01
2.041666666666666630e-01
2.041666666666666630e-01
2.047222222222222221e-01
2.047222222222222221e-01
2.055555555555555469e-01
2.055555555555555469e-01
2.063888888888888995e-01
2.063888888888888995e-01
2.066666666666666652e-01
2.066666666666666652e-01
2.074999999999999900e-01
2.074999999999999900e-01
2.080555555555555491e-01
2.080555555555555491e-01
2.086111111111111083e-01
2.094444444444444331e-01
2.097222222222222265e-01
2.097222222222222265e-01
2.099999999999999922e-01
2.099999999999999922e-01
2.130555555555555536e-01
2.130555555555555536e-01
2.133333333333333470e-01
2.133333333333333470e-01
2.136111111111111127e-01
2.141666666666666718e-01
2.141666666666666718e-01
2.147222222222222310e-01
2.147222222222222310e-01
2.149999999999999967e-01
2.149999999999999967e-01
2.152777777777777901e-01
2.152777777777777901e-01
2.155555555555555558e-01
2.161111111111111149e-01
2.161111111111111149e-01
2.163888888888888806e-01
2.163888888888888806e-01
2.166666666666666741e-01
2.166666666666666741e-01
2.174999999999999989e-01
2.174999999999999989e-01
2.177777777777777646e-01
2.177777777777777646e-01
2.180555555555555580e-01
2.191666666666666763e-01
2.191666666666666763e-01
2.194444444444444420e-01
2.200000000000000011e-01
2.200000000000000011e-01
2.202777777777777668e-01
2.213888888888888851e-01
2.213888888888888851e-01
2.216666666666666785e-01
2.216666666666666785e-01
2.216666666666666785e-01
2.219444444444444442e-01
2.219444444444444442e-01
2.222222222222222099e-01
2.222222222222222099e-01
2.225000000000000033e-01
2.225000000000000033e-01
2.233333333333333282e-01
2.233333333333333282e-01
2.236111111111111216e-01
2.236111111111111216e-01
2.241666666666666530e-01
2.241666666666666530e-01
2.241666666666666530e-01
2.247222222222222121e-01
2.247222222222222121e-01
2.255555555555555647e-01
2.255555555555555647e-01
2.263888888888888895e-01
2.269444444444444486e-01
2.269444444444444486e-01
2.275000000000000078e-01
2.280555555555555669e-01
2.283333333333333326e-01
2.283333333333333326e-01
2.297222222222222165e-01
2.305555555555555691e-01
2.316666666666666596e-01
2.319444444444444531e-01
2.319444444444444531e-01
2.327777777777777779e-01
2.327777777777777779e-01
2.336111111111111027e-01
2.341666666666666619e-01
2.341666666666666619e-01
2.349999999999999867e-01
2.349999999999999867e-01
2.358333333333333393e-01
2.361111111111111049e-01
2.361111111111111049e-01
2.369444444444444575e-01
2.374999999999999889e-01
2.374999999999999889e-01
2.377777777777777823e-01
2.377777777777777823e-01
2.383333333333333415e-01
2.383333333333333415e-01
2.386111111111111072e-01
2.386111111111111072e-01
2.388888888888889006e-01
2.388888888888889006e-01
2.388888888888889006e-01
2.388888888888889006e-01
2.394444444444444320e-01
2.394444444444444320e-01
2.397222222222222254e-01
2.397222222222222254e-01
2.399999999999999911e-01
2.399999999999999911e-01
2.402777777777777846e-01
2.408333333333333437e-01
2.413888888888888751e-01
2.413888888888888751e-01
2.416666666666666685e-01
2.416666666666666685e-01
2.433333333333333459e-01
2.433333333333333459e-01
2.441666666666666707e-01
2.441666666666666707e-01
2.449999999999999956e-01
2.455555555555555547e-01
2.458333333333333204e-01
2.458333333333333204e-01
2.461111111111111138e-01
2.466666666666666730e-01
2.466666666666666730e-01
2.472222222222222321e-01
2.472222222222222321e-01
2.474999999999999978e-01
2.483333333333333226e-01
2.486111111111111160e-01
2.486111111111111160e-01
2.488888888888888817e-01
2.488888888888888817e-01
2.491666666666666752e-01
2.491666666666666752e-01
2.494444444444444409e-01
2.500000000000000000e-01
2.511111111111111183e-01
2.511111111111111183e-01
2.511111111111111183e-01
2.522222222222222365e-01
2.522222222222222365e-01
2.527777777777777679e-01
2.527777777777777679e-01
2.527777777777777679e-01
2.530555555555555336e-01
2.530555555555555336e-01
2.530555555555555336e-01
2.550000000000000044e-01
2.550000000000000044e-01
2.552777777777777701e-01
2.552777777777777701e-01
2.558333333333333570e-01
2.563888888888888884e-01
2.569444444444444198e-01
2.569444444444444198e-01
2.572222222222222410e-01
2.572222222222222410e-01
2.577777777777777724e-01
2.583333333333333592e-01
2.586111111111111249e-01
2.586111111111111249e-01
2.586111111111111249e-01
2.591666666666666563e-01
2.602777777777777746e-01
2.602777777777777746e-01
2.613888888888888928e-01
2.613888888888888928e-01
2.616666666666666585e-01
2.616666666666666585e-01
2.625000000000000111e-01
2.625000000000000111e-01
2.630555555555555425e-01
2.630555555555555425e-01
2.633333333333333082e-01
2.638888888888888951e-01
2.641666666666666607e-01
2.641666666666666607e-01
2.647222222222222476e-01
2.647222222222222476e-01
2.652777777777777790e-01
2.661111111111111316e-01
2.661111111111111316e-01
2.663888888888888973e-01
2.663888888888888973e-01
2.691666666666666652e-01
2.691666666666666652e-01
2.694444444444444309e-01
2.694444444444444309e-01
2.697222222222221966e-01
2.697222222222221966e-01
2.702777777777777835e-01
2.705555555555555491e-01
2.705555555555555491e-01
2.713888888888889017e-01
2.713888888888889017e-01
2.725000000000000200e-01
2.725000000000000200e-01
2.730555555555555514e-01
2.730555555555555514e-01
2.736111111111111382e-01
2.736111111111111382e-01
2.738888888888889039e-01
2.744444444444444353e-01
2.744444444444444353e-01
2.747222222222222010e-01
2.747222222222222010e-01
2.777777777777777901e-01
2.777777777777777901e-01
2.786111111111110872e-01
2.786111111111110872e-01
2.788888888888889084e-01
2.788888888888889084e-01
2.800000000000000266e-01
2.800000000000000266e-01
2.808333333333333237e-01
2.808333333333333237e-01
2.816666666666666763e-01
2.816666666666666763e-01
2.822222222222222077e-01
2.830555555555555602e-01
2.830555555555555602e-01
2.849999999999999756e-01
2.855555555555555625e-01
2.861111111111110938e-01
2.861111111111110938e-01
2.869444444444444464e-01
2.880555555555555647e-01
2.880555555555555647e-01
2.894444444444444486e-01
2.894444444444444486e-01
2.908333333333333326e-01
2.913888888888888640e-01
2.919444444444444509e-01
2.927777777777778034e-01
2.944444444444444531e-01
2.944444444444444531e-01
2.949999999999999845e-01
2.949999999999999845e-01
2.955555555555555713e-01
2.955555555555555713e-01
2.958333333333333370e-01
2.958333333333333370e-01
2.969444444444444553e-01
2.969444444444444553e-01
2.991666666666666918e-01
2.991666666666666918e-01
2.994444444444444575e-01
3.019444444444444597e-01
3.027777777777777568e-01
3.036111111111111094e-01
3.047222222222222276e-01
3.047222222222222276e-01
3.052777777777777590e-01
3.052777777777777590e-01
3.058333333333333459e-01
3.058333333333333459e-01
3.061111111111111116e-01
3.061111111111111116e-01
3.072222222222222299e-01
3.072222222222222299e-01
3.074999999999999956e-01
3.074999999999999956e-01
3.083333333333333481e-01
3.091666666666666452e-01
3.097222222222222321e-01
3.102777777777777635e-01
3.102777777777777635e-01
3.105555555555555292e-01
3.116666666666666474e-01
3.136111111111111183e-01
3.144444444444444708e-01
3.144444444444444708e-01
3.150000000000000022e-01
3.150000000000000022e-01
3.163888888888888862e-01
3.169444444444444176e-01
3.177777777777777701e-01
3.191666666666666541e-01
3.197222222222222410e-01
3.202777777777777724e-01
3.213888888888888906e-01
3.213888888888888906e-01
3.219444444444444220e-01
3.225000000000000089e-01
3.230555555555555403e-01
3.230555555555555403e-01
3.244444444444444242e-01
3.244444444444444242e-01
3.247222222222222454e-01
3.255555555555555425e-01
3.258333333333333082e-01
3.258333333333333082e-01
3.269444444444444264e-01
3.294444444444444287e-01
3.311111111111111338e-01
3.316666666666666652e-01
3.319444444444444309e-01
3.319444444444444309e-01
3.322222222222221966e-01
3.330555555555555491e-01
3.333333333333333148e-01
3.333333333333333148e-01
3.358333333333333171e-01
3.363888888888889039e-01
3.377777777777777879e-01
3.383333333333333193e-01
3.383333333333333193e-01
3.388888888888889062e-01
3.394444444444444375e-01
3.394444444444444375e-01
3.413888888888889084e-01
3.422222222222222054e-01
3.422222222222222054e-01
3.430555555555555580e-01
3.438888888888889106e-01
3.444444444444444420e-01
3.444444444444444420e-01
3.474999999999999756e-01
3.474999999999999756e-01
3.480555555555555625e-01
3.486111111111110938e-01
3.491666666666666807e-01
3.491666666666666807e-01
3.494444444444444464e-01
3.494444444444444464e-01
3.499999999999999778e-01
3.499999999999999778e-01
3.502777777777777990e-01
3.502777777777777990e-01
3.505555555555555647e-01
3.505555555555555647e-01
3.508333333333333304e-01
3.508333333333333304e-01
3.516666666666666829e-01
3.522222222222222143e-01
3.524999999999999800e-01
3.524999999999999800e-01
3.530555555555555669e-01
3.530555555555555669e-01
3.533333333333333326e-01
3.538888888888888640e-01
3.547222222222222165e-01
3.561111111111111005e-01
3.566666666666666874e-01
3.566666666666666874e-01
3.574999999999999845e-01
3.583333333333333370e-01
3.591666666666666896e-01
3.591666666666666896e-01
3.597222222222222210e-01
3.602777777777777524e-01
3.602777777777777524e-01
3.608333333333333393e-01
3.616666666666666918e-01
3.616666666666666918e-01
3.627777777777777546e-01
3.627777777777777546e-01
3.636111111111111072e-01
3.644444444444444597e-01
3.644444444444444597e-01
3.652777777777777568e-01
3.658333333333333437e-01
3.663888888888888751e-01
3.674999999999999933e-01
3.674999999999999933e-01
3.683333333333333459e-01
3.702777777777777612e-01
3.705555555555555824e-01
3.705555555555555824e-01
3.711111111111111138e-01
3.711111111111111138e-01
3.713888888888888795e-01
3.713888888888888795e-01
3.733333333333333504e-01
3.752777777777777657e-01
3.758333333333333526e-01
3.761111111111111183e-01
3.761111111111111183e-01
3.772222222222222365e-01
3.775000000000000022e-01
3.775000000000000022e-01
3.791666666666666519e-01
3.797222222222222388e-01
3.802777777777777701e-01
3.808333333333333570e-01
3.830555555555555380e-01
3.830555555555555380e-01
3.833333333333333592e-01
3.833333333333333592e-01
3.838888888888888906e-01
3.844444444444444220e-01
3.844444444444444220e-01
3.850000000000000089e-01
3.850000000000000089e-01
3.855555555555555403e-01
3.855555555555555403e-01
3.858333333333333059e-01
3.858333333333333059e-01
3.863888888888888928e-01
3.869444444444444242e-01
3.869444444444444242e-01
3.877777777777777768e-01
3.877777777777777768e-01
3.880555555555555425e-01
3.880555555555555425e-01
3.883333333333333082e-01
3.900000000000000133e-01
3.913888888888888973e-01
3.913888888888888973e-01
3.913888888888888973e-01
3.922222222222222499e-01
3.927777777777777812e-01
3.930555555555555469e-01
3.938888888888888995e-01
3.952777777777777835e-01
3.955555555555555491e-01
3.955555555555555491e-01
3.966666666666666674e-01
3.966666666666666674e-01
3.972222222222221988e-01
3.980555555555555514e-01
3.983333333333333171e-01
3.983333333333333171e-01
3.988888888888889039e-01
3.988888888888889039e-01
3.991666666666666696e-01
3.991666666666666696e-01
4.000000000000000222e-01
4.000000000000000222e-01
4.002777777777777879e-01
4.002777777777777879e-01
4.011111111111110850e-01
4.016666666666666718e-01
4.022222222222222032e-01
4.022222222222222032e-01
4.027777777777777901e-01
4.036111111111110872e-01
4.041666666666666741e-01
4.044444444444444398e-01
4.055555555555555580e-01
4.063888888888889106e-01
4.063888888888889106e-01
4.072222222222222077e-01
4.072222222222222077e-01
4.086111111111110916e-01
4.086111111111110916e-01
4.097222222222222099e-01
4.102777777777777968e-01
4.105555555555555625e-01
4.124999999999999778e-01
4.133333333333333304e-01
4.138888888888888618e-01
4.147222222222222143e-01
4.147222222222222143e-01
4.155555555555555669e-01
4.161111111111110983e-01
4.169444444444444509e-01
4.174999999999999822e-01
4.174999999999999822e-01
4.183333333333333348e-01
4.183333333333333348e-01
4.194444444444444531e-01
4.194444444444444531e-01
4.197222222222222188e-01
4.197222222222222188e-01
4.199999999999999845e-01
4.208333333333333370e-01
4.213888888888888684e-01
4.213888888888888684e-01
4.216666666666666896e-01
4.224999999999999867e-01
4.227777777777777524e-01
4.227777777777777524e-01
4.236111111111111049e-01
4.241666666666666918e-01
4.241666666666666918e-01
4.244444444444444575e-01
4.283333333333333437e-01
4.349999999999999978e-01
4.405555555555555336e-01
4.411111111111111205e-01
4.416666666666666519e-01
4.416666666666666519e-01
4.419444444444444176e-01
4.419444444444444176e-01
4.425000000000000044e-01
4.427777777777777701e-01
4.438888888888888884e-01
4.441666666666666541e-01
4.447222222222222410e-01
4.450000000000000067e-01
4.455555555555555380e-01
4.477777777777777746e-01
4.477777777777777746e-01
4.483333333333333059e-01
4.494444444444444242e-01
4.502777777777777768e-01
4.508333333333333082e-01
4.511111111111111294e-01
4.511111111111111294e-01
4.513888888888888951e-01
4.513888888888888951e-01
4.527777777777777790e-01
4.530555555555555447e-01
4.530555555555555447e-01
4.533333333333333104e-01
4.555555555555555469e-01
4.558333333333333126e-01
4.558333333333333126e-01
4.563888888888888995e-01
4.563888888888888995e-01
4.566666666666666652e-01
4.566666666666666652e-01
4.575000000000000178e-01
4.575000000000000178e-01
4.580555555555555491e-01
4.586111111111111360e-01
4.594444444444444331e-01
4.594444444444444331e-01
4.602777777777777857e-01
4.602777777777777857e-01
4.605555555555555514e-01
4.605555555555555514e-01
4.611111111111111382e-01
4.613888888888889039e-01
4.627777777777777879e-01
4.638888888888889062e-01
4.647222222222222032e-01
4.647222222222222032e-01
4.655555555555555558e-01
4.661111111111110872e-01
4.669444444444444398e-01
4.677777777777777923e-01
4.683333333333333237e-01
4.683333333333333237e-01
4.705555555555555602e-01
4.716666666666666785e-01
4.719444444444444442e-01
4.730555555555555625e-01
4.738888888888889150e-01
4.741666666666666807e-01
4.741666666666666807e-01
4.747222222222222121e-01
4.747222222222222121e-01
4.766666666666666829e-01
4.766666666666666829e-01
4.774999999999999800e-01
4.791666666666666852e-01
4.794444444444444509e-01
4.794444444444444509e-01
4.811111111111111005e-01
4.819444444444444531e-01
4.827777777777777501e-01
4.827777777777777501e-01
4.836111111111111027e-01
4.836111111111111027e-01
4.847222222222222210e-01
4.852777777777777524e-01
4.852777777777777524e-01
4.872222222222222232e-01
4.880555555555555758e-01
4.886111111111111072e-01
4.905555555555555780e-01
4.911111111111111094e-01
4.916666666666666408e-01
4.916666666666666408e-01
4.919444444444444620e-01
4.927777777777777590e-01
4.938888888888888773e-01
4.941666666666666430e-01
4.947222222222222299e-01
4.949999999999999956e-01
4.949999999999999956e-01
4.955555555555555824e-01
4.955555555555555824e-01
4.966666666666666452e-01
4.966666666666666452e-01
4.974999999999999978e-01
4.974999999999999978e-01
4.986111111111111160e-01
4.986111111111111160e-01
4.994444444444444686e-01
5.000000000000000000e-01
5.008333333333333526e-01
5.013888888888888840e-01
5.019444444444444153e-01
5.027777777777777679e-01
5.027777777777777679e-01
5.033333333333332993e-01
5.036111111111111205e-01
5.047222222222221832e-01
5.050000000000000044e-01
5.050000000000000044e-01
5.052777777777778256e-01
5.094444444444444775e-01
5.111111111111110716e-01
5.116666666666667140e-01
5.133333333333333082e-01
5.133333333333333082e-01
5.136111111111111294e-01
5.136111111111111294e-01
5.141666666666666607e-01
5.163888888888888973e-01
5.169444444444444287e-01
5.183333333333333126e-01
5.183333333333333126e-01
5.188888888888888440e-01
5.197222222222221966e-01
5.197222222222221966e-01
5.202777777777777279e-01
5.208333333333333703e-01
5.213888888888889017e-01
5.227777777777777857e-01
5.236111111111111382e-01
5.236111111111111382e-01
5.241666666666666696e-01
5.247222222222222010e-01
5.250000000000000222e-01
5.255555555555555536e-01
5.263888888888889062e-01
5.263888888888889062e-01
5.277777777777777901e-01
5.286111111111111427e-01
5.294444444444444953e-01
5.294444444444444953e-01
5.300000000000000266e-01
5.302777777777777368e-01
5.308333333333333792e-01
5.322222222222222632e-01
5.327777777777777946e-01
5.330555555555555047e-01
5.336111111111111471e-01
5.344444444444444997e-01
5.344444444444444997e-01
5.352777777777777413e-01
5.361111111111110938e-01
5.386111111111111516e-01
5.391666666666666829e-01
5.391666666666666829e-01
5.408333333333333881e-01
5.413888888888889195e-01
5.430555555555555136e-01
5.430555555555555136e-01
5.433333333333333348e-01
5.438888888888888662e-01
5.441666666666666874e-01
5.441666666666666874e-01
5.452777777777777501e-01
5.458333333333332815e-01
5.480555555555555181e-01
5.480555555555555181e-01
5.488888888888888706e-01
5.505555555555555758e-01
5.519444444444444597e-01
5.522222222222221699e-01
5.522222222222221699e-01
5.530555555555555225e-01
5.530555555555555225e-01
5.547222222222222276e-01
5.552777777777777590e-01
5.569444444444444642e-01
5.574999999999999956e-01
5.602777777777777635e-01
5.608333333333332948e-01
5.611111111111111160e-01
5.619444444444444686e-01
5.625000000000000000e-01
5.627777777777778212e-01
5.636111111111110628e-01
5.636111111111110628e-01
5.641666666666667052e-01
5.641666666666667052e-01
5.655555555555555891e-01
5.663888888888889417e-01
5.663888888888889417e-01
5.669444444444444731e-01
5.669444444444444731e-01
5.669444444444444731e-01
5.677777777777778256e-01
5.677777777777778256e-01
5.680555555555555358e-01
5.680555555555555358e-01
5.680555555555555358e-01
5.691666666666667096e-01
5.691666666666667096e-01
5.705555555555555935e-01
5.719444444444444775e-01
5.722222222222221877e-01
5.733333333333333615e-01
5.733333333333333615e-01
5.736111111111110716e-01
5.736111111111110716e-01
5.763888888888888395e-01
5.763888888888888395e-01
5.766666666666666607e-01
5.766666666666666607e-01
5.772222222222221921e-01
5.772222222222221921e-01
5.775000000000000133e-01
5.775000000000000133e-01
5.780555555555555447e-01
5.780555555555555447e-01
5.783333333333333659e-01
5.788888888888888973e-01
5.788888888888888973e-01
5.841666666666666119e-01
5.861111111111111382e-01
5.863888888888888484e-01
5.863888888888888484e-01
5.866666666666666696e-01
5.869444444444444908e-01
5.875000000000000222e-01
5.897222222222222587e-01
5.897222222222222587e-01
5.899999999999999689e-01
5.905555555555555003e-01
5.913888888888888529e-01
5.922222222222222054e-01
5.922222222222222054e-01
5.925000000000000266e-01
5.958333333333333259e-01
5.966666666666666785e-01
5.966666666666666785e-01
5.975000000000000311e-01
5.975000000000000311e-01
5.983333333333333837e-01
5.983333333333333837e-01
5.988888888888889150e-01
5.988888888888889150e-01
6.008333333333333304e-01
6.008333333333333304e-01
6.016666666666666829e-01
6.030555555555555669e-01
6.080555555555555713e-01
6.086111111111111027e-01
6.094444444444444553e-01
6.094444444444444553e-01
6.102777777777778079e-01
6.111111111111111605e-01
6.111111111111111605e-01
6.152777777777778123e-01
6.377777777777777768e-01
6.477777777777777857e-01
6.483333333333333171e-01
6.494444444444444908e-01
6.497222222222222010e-01
6.497222222222222010e-01
6.500000000000000222e-01
6.505555555555555536e-01
6.511111111111110850e-01
6.530555555555555003e-01
6.538888888888888529e-01
6.538888888888888529e-01
6.541666666666666741e-01
6.552777777777777368e-01
6.558333333333333792e-01
6.558333333333333792e-01
6.563888888888889106e-01
6.563888888888889106e-01
6.572222222222222632e-01
6.577777777777777946e-01
6.580555555555555047e-01
6.600000000000000311e-01
6.630555555555555092e-01
6.630555555555555092e-01
6.641666666666666829e-01
6.641666666666666829e-01
6.647222222222222143e-01
6.652777777777777457e-01
6.655555555555555669e-01
6.655555555555555669e-01
6.658333333333333881e-01
6.663888888888889195e-01
6.672222222222222721e-01
6.672222222222222721e-01
6.688888888888888662e-01
6.694444444444443976e-01
6.694444444444443976e-01
6.702777777777777501e-01
6.702777777777777501e-01
6.705555555555555713e-01
6.705555555555555713e-01
6.711111111111111027e-01
6.711111111111111027e-01
6.713888888888889239e-01
6.719444444444444553e-01
6.722222222222222765e-01
6.722222222222222765e-01
6.727777777777778079e-01
6.727777777777778079e-01
6.733333333333333393e-01
6.738888888888888706e-01
6.738888888888888706e-01
6.750000000000000444e-01
6.761111111111111072e-01
6.763888888888889284e-01
6.772222222222221699e-01
6.774999999999999911e-01
6.780555555555555225e-01
6.783333333333333437e-01
6.794444444444444065e-01
6.800000000000000488e-01
6.800000000000000488e-01
6.811111111111111116e-01
6.824999999999999956e-01
6.827777777777778168e-01
6.833333333333333481e-01
6.836111111111110583e-01
6.908333333333332993e-01
6.930555555555555358e-01
6.938888888888888884e-01
6.952777777777777724e-01
6.958333333333333037e-01
6.969444444444444775e-01
6.975000000000000089e-01
6.999999999999999556e-01
7.002777777777777768e-01
7.011111111111111294e-01
7.016666666666666607e-01
7.019444444444444819e-01
7.025000000000000133e-01
7.038888888888888973e-01
7.044444444444444287e-01
7.049999999999999600e-01
7.052777777777777812e-01
7.186111111111110894e-01
7.230555555555555625e-01
7.238888888888889150e-01
7.238888888888889150e-01
7.244444444444444464e-01
7.249999999999999778e-01
7.266666666666666829e-01
7.269444444444443931e-01
7.269444444444443931e-01
7.272222222222222143e-01
7.272222222222222143e-01
7.277777777777777457e-01
7.283333333333333881e-01
7.322222222222222188e-01
7.349999999999999867e-01
7.358333333333333393e-01
7.375000000000000444e-01
7.377777777777777546e-01
7.377777777777777546e-01
7.380555555555555758e-01
7.380555555555555758e-01
7.386111111111111072e-01
7.391666666666666385e-01
7.397222222222221699e-01
7.397222222222221699e-01
7.405555555555555225e-01
7.422222222222222276e-01
7.427777777777777590e-01
7.438888888888889328e-01
7.466666666666667007e-01
7.502777777777778212e-01
7.508333333333333526e-01
7.513888888888888840e-01
7.513888888888888840e-01
7.516666666666667052e-01
7.516666666666667052e-01
7.524999999999999467e-01
7.524999999999999467e-01
7.527777777777777679e-01
7.527777777777777679e-01
7.536111111111111205e-01
7.536111111111111205e-01
7.547222222222221832e-01
7.552777777777778256e-01
7.580555555555555935e-01
7.600000000000000089e-01
7.627777777777777768e-01
7.636111111111111294e-01
7.641666666666666607e-01
7.644444444444444819e-01
7.661111111111110761e-01
7.669444444444444287e-01
7.680555555555556024e-01
7.691666666666666652e-01
7.702777777777777279e-01
7.866666666666666252e-01
7.869444444444444464e-01
7.916666666666666297e-01
7.919444444444444509e-01
7.919444444444444509e-01
7.924999999999999822e-01
7.938888888888888662e-01
7.944444444444443976e-01
7.983333333333333393e-01
7.983333333333333393e-01
7.994444444444444020e-01
8.002777777777777546e-01
8.005555555555555758e-01
8.011111111111111072e-01
8.019444444444444597e-01
8.027777777777778123e-01
8.030555555555555225e-01
8.033333333333333437e-01
8.038888888888888751e-01
8.038888888888888751e-01
8.044444444444444065e-01
8.086111111111110583e-01
8.119444444444444686e-01
8.125000000000000000e-01
8.127777777777778212e-01
8.144444444444444153e-01
8.152777777777777679e-01
8.158333333333332993e-01
8.161111111111111205e-01
8.166666666666666519e-01
8.166666666666666519e-01
8.188888888888888884e-01
8.194444444444444198e-01
8.197222222222222410e-01
8.197222222222222410e-01
8.199999999999999512e-01
8.263888888888888395e-01
8.294444444444444287e-01
8.297222222222222499e-01
8.322222222222221966e-01
8.344444444444444331e-01
8.349999999999999645e-01
8.355555555555556069e-01
8.361111111111111382e-01
8.369444444444444908e-01
8.375000000000000222e-01
8.375000000000000222e-01
8.377777777777777324e-01
8.377777777777777324e-01
8.380555555555555536e-01
8.388888888888889062e-01
8.391666666666666163e-01
8.397222222222222587e-01
8.402777777777777901e-01
8.402777777777777901e-01
8.413888888888888529e-01
8.425000000000000266e-01
8.433333333333333792e-01
8.438888888888889106e-01
8.477777777777777413e-01
8.541666666666666297e-01
8.569444444444443976e-01
8.580555555555555713e-01
8.588888888888889239e-01
8.591666666666666341e-01
8.599999999999999867e-01
8.608333333333333393e-01
8.616666666666666918e-01
8.622222222222222232e-01
8.627777777777777546e-01
8.855555555555555403e-01
8.858333333333333615e-01
8.950000000000000178e-01
9.258333333333332860e-01
9.366666666666666474e-01
9.366666666666666474e-01
9.386111111111110628e-01
9.391666666666667052e-01
9.422222222222221832e-01
9.430555555555555358e-01
9.444444444444444198e-01
9.469444444444444775e-01
9.475000000000000089e-01
9.483333333333333615e-01
9.488888888888888928e-01
9.494444444444444242e-01
9.497222222222222454e-01
9.502777777777777768e-01
9.511111111111111294e-01
9.516666666666666607e-01
9.525000000000000133e-01
9.533333333333333659e-01
9.586111111111110805e-01
9.586111111111110805e-01
9.594444444444444331e-01
9.599999999999999645e-01
9.616666666666666696e-01
9.622222222222222010e-01
9.858333333333333393e-01
9.863888888888888706e-01
1.000000000000000000e+00
