0.000000000000000000e+00
6.419753086419752695e-03
8.395061728395061817e-03
8.395061728395061817e-03
8.395061728395061817e-03
8.395061728395061817e-03
8.395061728395061817e-03
8.395061728395061817e-03
8.395061728395061817e-03
8.395061728395061817e-03
8.395061728395061817e-03
8.395061728395061817e-03
8.395061728395061817e-03
8.395061728395061817e-03
8.395061728395061817e-03
8.395061728395061817e-03
8.395061728395061817e-03
8.395061728395061817e-03
8.395061728395061817e-03
8.395061728395061817e-03
8.395061728395061817e-03
8.395061728395061817e-03
8.395061728395061817e-03
8.395061728395061817e-03
8.395061728395061817e-03
9.382716049382715945e-03
9.382716049382715945e-03
9.876543209876543009e-03
1.012345679012345741e-02
1.012345679012345741e-02
1.037037037037037007e-02
1.037037037037037007e-02
1.037037037037037007e-02
1.061728395061728447e-02
1.061728395061728447e-02
1.111111111111111154e-02
1.111111111111111154e-02
1.135802469135802420e-02
1.209876543209876566e-02
1.209876543209876566e-02
1.209876543209876566e-02
1.259259259259259273e-02
1.308641975308641979e-02
1.308641975308641979e-02
1.358024691358024685e-02
1.432098765432098832e-02
1.481481481481481538e-02
1.604938271604938391e-02
1.629629629629629484e-02
1.629629629629629484e-02
1.654320987654320924e-02
1.728395061728394896e-02
1.728395061728394896e-02
1.728395061728394896e-02
1.753086419753086336e-02
1.753086419753086336e-02
1.777777777777777776e-02
1.827160493827160656e-02
1.851851851851851749e-02
1.925925925925926069e-02
1.925925925925926069e-02
1.975308641975308602e-02
1.975308641975308602e-02
2.024691358024691482e-02
2.024691358024691482e-02
2.074074074074074014e-02
2.074074074074074014e-02
2.098765432098765454e-02
2.148148148148147987e-02
2.148148148148147987e-02
2.197530864197530867e-02
2.197530864197530867e-02
2.222222222222222307e-02
2.222222222222222307e-02
2.246913580246913747e-02
2.246913580246913747e-02
2.271604938271604840e-02
2.271604938271604840e-02
2.271604938271604840e-02
2.296296296296296280e-02
2.296296296296296280e-02
2.320987654320987720e-02
2.320987654320987720e-02
2.320987654320987720e-02
2.320987654320987720e-02
2.395061728395061693e-02
2.395061728395061693e-02
2.419753086419753133e-02
2.419753086419753133e-02
2.444444444444444572e-02
2.444444444444444572e-02
2.469135802469135665e-02
2.469135802469135665e-02
2.518518518518518545e-02
2.518518518518518545e-02
2.518518518518518545e-02
2.543209876543209985e-02
2.543209876543209985e-02
2.592592592592592518e-02
2.592592592592592518e-02
2.617283950617283958e-02
2.617283950617283958e-02
2.641975308641975398e-02
2.641975308641975398e-02
2.666666666666666838e-02
2.666666666666666838e-02
2.716049382716049371e-02
2.716049382716049371e-02
2.765432098765432251e-02
2.765432098765432251e-02
2.790123456790123344e-02
2.790123456790123344e-02
2.814814814814814783e-02
2.814814814814814783e-02
2.839506172839506223e-02
2.839506172839506223e-02
2.864197530864197663e-02
2.913580246913580196e-02
2.913580246913580196e-02
2.938271604938271636e-02
2.938271604938271636e-02
2.962962962962963076e-02
2.962962962962963076e-02
2.987654320987654169e-02
2.987654320987654169e-02
3.037037037037037049e-02
3.061728395061728489e-02
3.160493827160493902e-02
3.160493827160493902e-02
3.185185185185185341e-02
3.185185185185185341e-02
3.209876543209876781e-02
3.209876543209876781e-02
3.234567901234568221e-02
3.234567901234568221e-02
3.283950617283950407e-02
3.308641975308641847e-02
3.382716049382716167e-02
3.432098765432099047e-02
3.432098765432099047e-02
3.456790123456789793e-02
3.456790123456789793e-02
3.506172839506172673e-02
3.580246913580246992e-02
3.629629629629629872e-02
3.654320987654321312e-02
3.654320987654321312e-02
3.679012345679012058e-02
3.679012345679012058e-02
3.728395061728394938e-02
3.728395061728394938e-02
3.777777777777777818e-02
3.777777777777777818e-02
3.827160493827160698e-02
3.827160493827160698e-02
3.851851851851852138e-02
3.851851851851852138e-02
3.876543209876542884e-02
3.975308641975308643e-02
3.975308641975308643e-02
4.024691358024691523e-02
4.024691358024691523e-02
4.074074074074074403e-02
4.074074074074074403e-02
4.172839506172839469e-02
4.172839506172839469e-02
4.197530864197530909e-02
4.197530864197530909e-02
4.246913580246913789e-02
4.246913580246913789e-02
4.320987654320987414e-02
4.320987654320987414e-02
4.395061728395061734e-02
4.444444444444444614e-02
4.518518518518518240e-02
4.567901234567901120e-02
4.592592592592592560e-02
4.592592592592592560e-02
4.666666666666666879e-02
4.666666666666666879e-02
4.691358024691358319e-02
4.691358024691358319e-02
4.716049382716049065e-02
4.716049382716049065e-02
4.740740740740740505e-02
4.740740740740740505e-02
4.790123456790123385e-02
4.839506172839506265e-02
4.839506172839506265e-02
4.864197530864197705e-02
4.913580246913580585e-02
4.938271604938271331e-02
4.938271604938271331e-02
4.987654320987654211e-02
4.987654320987654211e-02
5.012345679012345651e-02
5.012345679012345651e-02
5.061728395061728530e-02
5.061728395061728530e-02
5.111111111111111410e-02
5.111111111111111410e-02
5.135802469135802156e-02
5.135802469135802156e-02
5.135802469135802156e-02
5.160493827160493596e-02
5.160493827160493596e-02
5.209876543209876476e-02
5.209876543209876476e-02
5.234567901234567916e-02
5.234567901234567916e-02
5.333333333333333676e-02
5.333333333333333676e-02
5.358024691358024422e-02
5.358024691358024422e-02
5.407407407407407302e-02
5.407407407407407302e-02
5.432098765432098741e-02
5.432098765432098741e-02
5.456790123456790181e-02
5.456790123456790181e-02
5.481481481481481621e-02
5.481481481481481621e-02
5.481481481481481621e-02
5.530864197530864501e-02
5.530864197530864501e-02
5.555555555555555247e-02
5.555555555555555247e-02
5.580246913580246687e-02
5.580246913580246687e-02
5.604938271604938127e-02
5.604938271604938127e-02
5.654320987654321007e-02
5.703703703703703887e-02
5.703703703703703887e-02
5.728395061728395327e-02
5.728395061728395327e-02
5.728395061728395327e-02
5.777777777777777513e-02
5.777777777777777513e-02
5.876543209876543272e-02
5.876543209876543272e-02
5.925925925925926152e-02
5.925925925925926152e-02
5.975308641975308338e-02
6.049382716049382658e-02
6.049382716049382658e-02
6.074074074074074098e-02
6.148148148148148417e-02
6.197530864197530603e-02
6.197530864197530603e-02
6.222222222222222043e-02
6.222222222222222043e-02
6.222222222222222043e-02
6.246913580246913483e-02
6.296296296296295669e-02
6.296296296296295669e-02
6.320987654320987803e-02
6.320987654320987803e-02
6.320987654320987803e-02
6.370370370370370683e-02
6.370370370370370683e-02
6.370370370370370683e-02
6.419753086419753563e-02
6.419753086419753563e-02
6.419753086419753563e-02
6.419753086419753563e-02
6.469135802469136443e-02
6.469135802469136443e-02
6.469135802469136443e-02
6.469135802469136443e-02
6.469135802469136443e-02
6.469135802469136443e-02
6.543209876543210068e-02
6.592592592592592948e-02
6.592592592592592948e-02
6.666666666666666574e-02
6.666666666666666574e-02
6.740740740740740200e-02
6.740740740740740200e-02
6.765432098765432334e-02
6.765432098765432334e-02
6.765432098765432334e-02
6.765432098765432334e-02
6.790123456790123080e-02
6.790123456790123080e-02
6.814814814814815214e-02
6.814814814814815214e-02
6.814814814814815214e-02
6.814814814814815214e-02
6.864197530864198094e-02
6.864197530864198094e-02
6.864197530864198094e-02
6.864197530864198094e-02
6.888888888888888840e-02
6.888888888888888840e-02
6.913580246913579586e-02
6.913580246913579586e-02
6.913580246913579586e-02
6.913580246913579586e-02
6.913580246913579586e-02
6.962962962962962465e-02
6.962962962962962465e-02
6.987654320987654599e-02
6.987654320987654599e-02
6.987654320987654599e-02
7.037037037037037479e-02
7.037037037037037479e-02
7.037037037037037479e-02
7.037037037037037479e-02
7.037037037037037479e-02
7.037037037037037479e-02
7.037037037037037479e-02
7.037037037037037479e-02
7.061728395061728225e-02
7.061728395061728225e-02
7.086419753086420359e-02
7.086419753086420359e-02
7.086419753086420359e-02
7.086419753086420359e-02
7.111111111111111105e-02
7.111111111111111105e-02
7.111111111111111105e-02
7.111111111111111105e-02
7.135802469135801851e-02
7.135802469135801851e-02
7.135802469135801851e-02
7.160493827160493985e-02
7.160493827160493985e-02
7.160493827160493985e-02
7.160493827160493985e-02
7.160493827160493985e-02
7.160493827160493985e-02
7.209876543209876865e-02
7.209876543209876865e-02
7.209876543209876865e-02
7.209876543209876865e-02
7.209876543209876865e-02
7.209876543209876865e-02
7.234567901234567611e-02
7.234567901234567611e-02
7.234567901234567611e-02
7.234567901234567611e-02
7.259259259259259744e-02
7.259259259259259744e-02
7.259259259259259744e-02
7.259259259259259744e-02
7.259259259259259744e-02
7.283950617283950490e-02
7.283950617283950490e-02
7.283950617283950490e-02
7.283950617283950490e-02
7.283950617283950490e-02
7.283950617283950490e-02
7.308641975308642624e-02
7.308641975308642624e-02
7.333333333333333370e-02
7.333333333333333370e-02
7.382716049382716250e-02
7.407407407407406996e-02
7.407407407407406996e-02
7.407407407407406996e-02
7.407407407407406996e-02
7.407407407407406996e-02
7.432098765432099130e-02
7.432098765432099130e-02
7.456790123456789876e-02
7.456790123456789876e-02
7.481481481481482010e-02
7.481481481481482010e-02
7.506172839506172756e-02
7.506172839506172756e-02
7.506172839506172756e-02
7.506172839506172756e-02
7.530864197530864890e-02
7.530864197530864890e-02
7.555555555555555636e-02
7.555555555555555636e-02
7.555555555555555636e-02
7.555555555555555636e-02
7.555555555555555636e-02
7.555555555555555636e-02
7.580246913580246382e-02
7.580246913580246382e-02
7.604938271604938516e-02
7.604938271604938516e-02
7.629629629629629262e-02
7.629629629629629262e-02
7.654320987654321395e-02
7.654320987654321395e-02
7.654320987654321395e-02
7.654320987654321395e-02
7.679012345679012141e-02
7.679012345679012141e-02
7.728395061728395021e-02
7.728395061728395021e-02
7.753086419753085767e-02
7.753086419753085767e-02
7.777777777777777901e-02
7.777777777777777901e-02
7.777777777777777901e-02
7.777777777777777901e-02
7.802469135802468647e-02
7.802469135802468647e-02
7.827160493827160781e-02
7.827160493827160781e-02
7.827160493827160781e-02
7.827160493827160781e-02
7.827160493827160781e-02
7.827160493827160781e-02
7.827160493827160781e-02
7.827160493827160781e-02
7.827160493827160781e-02
7.827160493827160781e-02
7.851851851851851527e-02
7.851851851851851527e-02
7.876543209876543661e-02
7.876543209876543661e-02
7.876543209876543661e-02
7.876543209876543661e-02
7.876543209876543661e-02
7.876543209876543661e-02
7.876543209876543661e-02
7.925925925925926541e-02
7.925925925925926541e-02
7.925925925925926541e-02
7.925925925925926541e-02
7.950617283950617287e-02
7.950617283950617287e-02
7.975308641975308033e-02
7.975308641975308033e-02
8.000000000000000167e-02
8.000000000000000167e-02
8.000000000000000167e-02
8.000000000000000167e-02
8.024691358024690913e-02
8.024691358024690913e-02
8.024691358024690913e-02
8.024691358024690913e-02
8.049382716049383046e-02
8.049382716049383046e-02
8.049382716049383046e-02
8.049382716049383046e-02
8.049382716049383046e-02
8.049382716049383046e-02
8.074074074074073792e-02
8.074074074074073792e-02
8.074074074074073792e-02
8.074074074074073792e-02
8.098765432098765926e-02
8.098765432098765926e-02
8.098765432098765926e-02
8.123456790123456672e-02
8.123456790123456672e-02
8.172839506172839552e-02
8.172839506172839552e-02
8.172839506172839552e-02
8.197530864197530298e-02
8.197530864197530298e-02
8.197530864197530298e-02
8.197530864197530298e-02
8.197530864197530298e-02
8.296296296296296058e-02
8.320987654320988192e-02
8.320987654320988192e-02
8.370370370370369684e-02
8.370370370370369684e-02
8.419753086419752564e-02
8.419753086419752564e-02
8.469135802469135443e-02
8.469135802469135443e-02
8.493827160493827577e-02
8.493827160493827577e-02
8.518518518518518323e-02
8.518518518518518323e-02
8.543209876543210457e-02
8.543209876543210457e-02
8.592592592592591949e-02
8.641975308641974829e-02
8.691358024691357709e-02
8.691358024691357709e-02
8.740740740740740589e-02
8.790123456790123468e-02
8.814814814814814214e-02
8.814814814814814214e-02
8.839506172839506348e-02
8.839506172839506348e-02
8.888888888888889228e-02
8.888888888888889228e-02
8.913580246913579974e-02
8.913580246913579974e-02
8.938271604938272108e-02
8.938271604938272108e-02
9.086419753086419360e-02
9.111111111111111494e-02
9.111111111111111494e-02
9.135802469135802240e-02
9.135802469135802240e-02
9.135802469135802240e-02
9.135802469135802240e-02
9.160493827160494373e-02
9.160493827160494373e-02
9.185185185185185119e-02
9.234567901234567999e-02
9.234567901234567999e-02
9.259259259259258745e-02
9.259259259259258745e-02
9.283950617283950879e-02
9.283950617283950879e-02
9.308641975308641625e-02
9.382716049382716639e-02
9.382716049382716639e-02
9.407407407407407385e-02
9.407407407407407385e-02
9.506172839506173144e-02
9.506172839506173144e-02
9.506172839506173144e-02
9.530864197530863891e-02
9.530864197530863891e-02
9.530864197530863891e-02
9.555555555555556024e-02
9.555555555555556024e-02
9.555555555555556024e-02
9.580246913580246770e-02
9.580246913580246770e-02
9.679012345679012530e-02
9.679012345679012530e-02
9.703703703703703276e-02
9.703703703703703276e-02
9.728395061728395410e-02
9.728395061728395410e-02
9.728395061728395410e-02
9.728395061728395410e-02
9.802469135802469036e-02
9.802469135802469036e-02
9.876543209876542662e-02
1.002469135802469130e-01
1.002469135802469130e-01
1.002469135802469130e-01
1.007407407407407418e-01
1.007407407407407418e-01
1.009876543209876493e-01
1.009876543209876493e-01
1.012345679012345706e-01
1.012345679012345706e-01
1.014814814814814781e-01
1.022222222222222282e-01
1.024691358024691357e-01
1.054320987654320946e-01
1.056790123456790159e-01
1.059259259259259234e-01
1.061728395061728447e-01
1.061728395061728447e-01
1.071604938271604884e-01
1.071604938271604884e-01
1.081481481481481460e-01
1.081481481481481460e-01
1.083950617283950674e-01
1.083950617283950674e-01
1.083950617283950674e-01
1.088888888888888823e-01
1.091358024691358036e-01
1.091358024691358036e-01
1.091358024691358036e-01
1.101234567901234612e-01
1.101234567901234612e-01
1.101234567901234612e-01
1.101234567901234612e-01
1.101234567901234612e-01
1.103703703703703687e-01
1.103703703703703687e-01
1.106172839506172900e-01
1.106172839506172900e-01
1.108641975308641975e-01
1.108641975308641975e-01
1.113580246913580263e-01
1.113580246913580263e-01
1.120987654320987625e-01
1.120987654320987625e-01
1.120987654320987625e-01
1.125925925925925913e-01
1.125925925925925913e-01
1.130864197530864201e-01
1.138271604938271564e-01
1.138271604938271564e-01
1.145679012345679065e-01
1.145679012345679065e-01
1.148148148148148140e-01
1.148148148148148140e-01
1.150617283950617353e-01
1.150617283950617353e-01
1.155555555555555503e-01
1.158024691358024716e-01
1.158024691358024716e-01
1.162962962962963004e-01
1.162962962962963004e-01
1.167901234567901292e-01
1.172839506172839441e-01
1.175308641975308654e-01
1.175308641975308654e-01
1.175308641975308654e-01
1.175308641975308654e-01
1.177777777777777729e-01
1.177777777777777729e-01
1.180246913580246942e-01
1.180246913580246942e-01
1.180246913580246942e-01
1.182716049382716017e-01
1.182716049382716017e-01
1.187654320987654305e-01
1.195061728395061668e-01
1.195061728395061668e-01
1.199999999999999956e-01
1.207407407407407457e-01
1.207407407407407457e-01
1.214814814814814820e-01
1.214814814814814820e-01
1.217283950617283894e-01
1.217283950617283894e-01
1.224691358024691396e-01
1.224691358024691396e-01
1.234567901234567833e-01
1.234567901234567833e-01
1.239506172839506121e-01
1.239506172839506121e-01
1.246913580246913622e-01
1.246913580246913622e-01
1.251851851851851771e-01
1.251851851851851771e-01
1.251851851851851771e-01
1.254320987654320985e-01
1.254320987654320985e-01
1.256790123456790198e-01
1.266666666666666774e-01
1.266666666666666774e-01
1.271604938271604923e-01
1.274074074074074137e-01
1.276543209876543072e-01
1.276543209876543072e-01
1.279012345679012286e-01
1.283950617283950713e-01
1.286419753086419648e-01
1.286419753086419648e-01
1.288888888888888862e-01
1.288888888888888862e-01
1.288888888888888862e-01
1.291358024691358075e-01
1.291358024691358075e-01
1.296296296296296224e-01
1.298765432098765438e-01
1.298765432098765438e-01
1.301234567901234651e-01
1.301234567901234651e-01
1.303703703703703587e-01
1.303703703703703587e-01
1.303703703703703587e-01
1.303703703703703587e-01
1.308641975308642014e-01
1.308641975308642014e-01
1.308641975308642014e-01
1.308641975308642014e-01
1.308641975308642014e-01
1.308641975308642014e-01
1.311111111111111227e-01
1.311111111111111227e-01
1.313580246913580163e-01
1.313580246913580163e-01
1.316049382716049376e-01
1.316049382716049376e-01
1.318518518518518590e-01
1.318518518518518590e-01
1.323456790123456739e-01
1.323456790123456739e-01
1.325925925925925952e-01
1.325925925925925952e-01
1.328395061728395166e-01
1.328395061728395166e-01
1.330864197530864101e-01
1.330864197530864101e-01
1.333333333333333315e-01
1.333333333333333315e-01
1.333333333333333315e-01
1.333333333333333315e-01
1.333333333333333315e-01
1.335802469135802528e-01
1.335802469135802528e-01
1.335802469135802528e-01
1.335802469135802528e-01
1.338271604938271742e-01
1.338271604938271742e-01
1.343209876543209891e-01
1.343209876543209891e-01
1.348148148148148040e-01
1.348148148148148040e-01
1.348148148148148040e-01
1.350617283950617253e-01
1.350617283950617253e-01
1.350617283950617253e-01
1.350617283950617253e-01
1.353086419753086467e-01
1.353086419753086467e-01
1.358024691358024616e-01
1.358024691358024616e-01
1.360493827160493829e-01
1.365432098765431979e-01
1.365432098765431979e-01
1.372839506172839619e-01
1.372839506172839619e-01
1.380246913580246981e-01
1.385185185185185130e-01
1.385185185185185130e-01
1.387654320987654344e-01
1.387654320987654344e-01
1.402469135802469069e-01
1.402469135802469069e-01
1.404938271604938282e-01
1.414814814814814858e-01
1.414814814814814858e-01
1.417283950617284072e-01
1.417283950617284072e-01
1.419753086419753008e-01
1.419753086419753008e-01
1.422222222222222221e-01
1.422222222222222221e-01
1.424691358024691434e-01
1.424691358024691434e-01
1.429629629629629584e-01
1.429629629629629584e-01
1.434567901234568010e-01
1.439506172839506160e-01
1.439506172839506160e-01
1.444444444444444309e-01
1.446913580246913522e-01
1.446913580246913522e-01
1.451851851851851949e-01
1.456790123456790098e-01
1.456790123456790098e-01
1.464197530864197461e-01
1.464197530864197461e-01
1.469135802469135887e-01
1.474074074074074037e-01
1.474074074074074037e-01
1.479012345679012463e-01
1.479012345679012463e-01
1.481481481481481399e-01
1.481481481481481399e-01
1.486419753086419826e-01
1.486419753086419826e-01
1.488888888888888762e-01
1.488888888888888762e-01
1.491358024691357975e-01
1.498765432098765338e-01
1.506172839506172978e-01
1.506172839506172978e-01
1.511111111111111127e-01
1.516049382716049276e-01
1.523456790123456916e-01
1.523456790123456916e-01
1.528395061728395066e-01
1.528395061728395066e-01
1.533333333333333215e-01
1.535802469135802428e-01
1.535802469135802428e-01
1.538271604938271642e-01
1.538271604938271642e-01
1.540740740740740855e-01
1.540740740740740855e-01
1.548148148148148218e-01
1.548148148148148218e-01
1.550617283950617153e-01
1.550617283950617153e-01
1.558024691358024794e-01
1.562962962962962943e-01
1.570370370370370305e-01
1.575308641975308732e-01
1.580246913580246881e-01
1.580246913580246881e-01
1.582716049382716095e-01
1.582716049382716095e-01
1.590123456790123457e-01
1.590123456790123457e-01
1.592592592592592671e-01
1.592592592592592671e-01
1.595061728395061607e-01
1.595061728395061607e-01
1.597530864197530820e-01
1.597530864197530820e-01
1.597530864197530820e-01
1.597530864197530820e-01
1.602469135802469247e-01
1.602469135802469247e-01
1.607407407407407396e-01
1.607407407407407396e-01
1.609876543209876609e-01
1.609876543209876609e-01
1.612345679012345545e-01
1.612345679012345545e-01
1.622222222222222121e-01
1.622222222222222121e-01
1.624691358024691334e-01
1.624691358024691334e-01
1.629629629629629761e-01
1.629629629629629761e-01
1.632098765432098697e-01
1.632098765432098697e-01
1.634567901234567910e-01
1.634567901234567910e-01
1.641975308641975273e-01
1.641975308641975273e-01
1.644444444444444486e-01
1.651851851851851849e-01
1.651851851851851849e-01
1.656790123456789998e-01
1.656790123456789998e-01
1.664197530864197638e-01
1.669135802469135788e-01
1.669135802469135788e-01
1.671604938271605001e-01
1.671604938271605001e-01
1.671604938271605001e-01
1.671604938271605001e-01
1.676543209876543150e-01
1.676543209876543150e-01
1.679012345679012363e-01
1.679012345679012363e-01
1.681481481481481577e-01
1.681481481481481577e-01
1.683950617283950513e-01
1.683950617283950513e-01
1.686419753086419726e-01
1.686419753086419726e-01
1.691358024691358153e-01
1.696296296296296302e-01
1.696296296296296302e-01
1.698765432098765515e-01
1.698765432098765515e-01
1.703703703703703665e-01
1.703703703703703665e-01
1.706172839506172878e-01
1.706172839506172878e-01
1.711111111111111027e-01
1.711111111111111027e-01
1.716049382716049454e-01
1.716049382716049454e-01
1.716049382716049454e-01
1.716049382716049454e-01
1.720987654320987603e-01
1.720987654320987603e-01
1.725925925925926030e-01
1.725925925925926030e-01
1.728395061728394966e-01
1.728395061728394966e-01
1.733333333333333393e-01
1.738271604938271542e-01
1.738271604938271542e-01
1.740740740740740755e-01
1.740740740740740755e-01
1.743209876543209969e-01
1.743209876543209969e-01
1.750617283950617331e-01
1.750617283950617331e-01
1.753086419753086544e-01
1.758024691358024694e-01
1.758024691358024694e-01
1.770370370370370483e-01
1.775308641975308632e-01
1.780246913580246781e-01
1.780246913580246781e-01
1.782716049382715995e-01
1.782716049382715995e-01
1.790123456790123357e-01
1.790123456790123357e-01
1.792592592592592571e-01
1.792592592592592571e-01
1.797530864197530998e-01
1.797530864197530998e-01
1.822222222222222299e-01
1.827160493827160448e-01
1.827160493827160448e-01
1.832098765432098875e-01
1.851851851851851749e-01
1.859259259259259389e-01
1.859259259259259389e-01
1.864197530864197538e-01
1.864197530864197538e-01
1.869135802469135688e-01
1.874074074074074114e-01
1.876543209876543328e-01
1.881481481481481477e-01
1.883950617283950690e-01
1.883950617283950690e-01
1.886419753086419626e-01
1.886419753086419626e-01
1.891358024691358053e-01
1.891358024691358053e-01
1.893827160493827266e-01
1.893827160493827266e-01
1.896296296296296202e-01
1.896296296296296202e-01
1.898765432098765416e-01
1.898765432098765416e-01
1.903703703703703842e-01
1.903703703703703842e-01
1.911111111111111205e-01
1.911111111111111205e-01
1.911111111111111205e-01
1.911111111111111205e-01
1.913580246913580141e-01
1.913580246913580141e-01
1.923456790123456717e-01
1.923456790123456717e-01
1.925925925925925930e-01
1.925925925925925930e-01
1.930864197530864079e-01
1.930864197530864079e-01
1.933333333333333293e-01
1.933333333333333293e-01
1.933333333333333293e-01
1.933333333333333293e-01
1.933333333333333293e-01
1.935802469135802506e-01
1.935802469135802506e-01
1.940740740740740655e-01
1.940740740740740655e-01
1.950617283950617231e-01
1.950617283950617231e-01
1.953086419753086445e-01
1.953086419753086445e-01
1.955555555555555658e-01
1.955555555555555658e-01
1.960493827160493807e-01
1.960493827160493807e-01
1.967901234567901170e-01
1.967901234567901170e-01
1.977777777777777746e-01
1.977777777777777746e-01
1.977777777777777746e-01
1.980246913580246959e-01
1.980246913580246959e-01
1.982716049382716172e-01
1.987654320987654322e-01
1.995061728395061684e-01
1.995061728395061684e-01
2.000000000000000111e-01
2.000000000000000111e-01
2.002469135802469047e-01
2.002469135802469047e-01
2.007407407407407474e-01
2.007407407407407474e-01
2.012345679012345623e-01
2.014814814814814836e-01
2.014814814814814836e-01
2.017283950617284050e-01
2.017283950617284050e-01
2.024691358024691412e-01
2.024691358024691412e-01
2.024691358024691412e-01
2.024691358024691412e-01
2.027160493827160626e-01
2.032098765432098775e-01
2.037037037037036924e-01
2.037037037037036924e-01
2.044444444444444564e-01
2.044444444444444564e-01
2.051851851851851927e-01
2.051851851851851927e-01
2.054320987654320863e-01
2.054320987654320863e-01
2.054320987654320863e-01
2.064197530864197438e-01
2.064197530864197438e-01
2.069135802469135865e-01
2.069135802469135865e-01
2.076543209876543228e-01
2.083950617283950590e-01
2.086419753086419804e-01
2.086419753086419804e-01
2.088888888888889017e-01
2.088888888888889017e-01
2.120987654320987681e-01
2.120987654320987681e-01
2.123456790123456894e-01
2.123456790123456894e-01
2.125925925925925830e-01
2.125925925925925830e-01
2.130864197530864257e-01
2.135802469135802406e-01
2.138271604938271619e-01
2.138271604938271619e-01
2.143209876543209769e-01
2.143209876543209769e-01
2.145679012345678982e-01
2.145679012345678982e-01
2.148148148148148195e-01
2.148148148148148195e-01
2.150617283950617409e-01
2.155555555555555558e-01
2.155555555555555558e-01
2.158024691358024771e-01
2.158024691358024771e-01
2.160493827160493707e-01
2.160493827160493707e-01
2.170370370370370283e-01
2.170370370370370283e-01
2.172839506172839497e-01
2.172839506172839497e-01
2.175308641975308710e-01
2.185185185185185286e-01
2.185185185185185286e-01
2.185185185185185286e-01
2.187654320987654222e-01
2.192592592592592649e-01
2.192592592592592649e-01
2.195061728395061862e-01
2.204938271604938160e-01
2.204938271604938160e-01
2.207407407407407374e-01
2.207407407407407374e-01
2.207407407407407374e-01
2.209876543209876587e-01
2.209876543209876587e-01
2.212345679012345800e-01
2.212345679012345800e-01
2.214814814814814736e-01
2.217283950617283950e-01
2.217283950617283950e-01
2.227160493827160526e-01
2.227160493827160526e-01
2.229629629629629739e-01
2.229629629629629739e-01
2.237037037037037102e-01
2.237037037037037102e-01
2.237037037037037102e-01
2.244444444444444464e-01
2.244444444444444464e-01
2.251851851851851827e-01
2.251851851851851827e-01
2.259259259259259189e-01
2.266666666666666552e-01
2.266666666666666552e-01
2.276543209876543128e-01
2.281481481481481555e-01
2.283950617283950490e-01
2.283950617283950490e-01
2.298765432098765493e-01
2.306172839506172856e-01
2.316049382716049432e-01
2.318518518518518645e-01
2.318518518518518645e-01
2.328395061728394944e-01
2.330864197530864157e-01
2.330864197530864157e-01
2.340740740740740733e-01
2.340740740740740733e-01
2.345679012345678882e-01
2.345679012345678882e-01
2.353086419753086522e-01
2.353086419753086522e-01
2.360493827160493885e-01
2.362962962962963098e-01
2.362962962962963098e-01
2.372839506172839397e-01
2.377777777777777823e-01
2.377777777777777823e-01
2.380246913580247037e-01
2.380246913580247037e-01
2.385185185185185186e-01
2.385185185185185186e-01
2.387654320987654399e-01
2.387654320987654399e-01
2.395061728395061762e-01
2.395061728395061762e-01
2.395061728395061762e-01
2.395061728395061762e-01
2.399999999999999911e-01
2.399999999999999911e-01
2.402469135802469125e-01
2.402469135802469125e-01
2.409876543209876487e-01
2.409876543209876487e-01
2.412345679012345701e-01
2.412345679012345701e-01
2.414814814814814914e-01
2.419753086419753063e-01
2.424691358024691490e-01
2.424691358024691490e-01
2.432098765432098852e-01
2.432098765432098852e-01
2.446913580246913578e-01
2.446913580246913578e-01
2.454320987654320940e-01
2.454320987654320940e-01
2.461728395061728303e-01
2.466666666666666730e-01
2.469135802469135665e-01
2.469135802469135665e-01
2.471604938271604879e-01
2.476543209876543306e-01
2.479012345679012241e-01
2.479012345679012241e-01
2.483950617283950668e-01
2.483950617283950668e-01
2.486419753086419882e-01
2.493827160493827244e-01
2.496296296296296180e-01
2.496296296296296180e-01
2.498765432098765393e-01
2.498765432098765393e-01
2.501234567901234329e-01
2.501234567901234329e-01
2.516049382716049609e-01
2.518518518518518268e-01
2.523456790123456694e-01
2.528395061728395121e-01
2.528395061728395121e-01
2.530864197530864335e-01
2.530864197530864335e-01
2.540740740740740633e-01
2.540740740740740633e-01
2.545679012345679060e-01
2.545679012345679060e-01
2.545679012345679060e-01
2.548148148148148273e-01
2.548148148148148273e-01
2.548148148148148273e-01
2.548148148148148273e-01
2.550617283950617487e-01
2.550617283950617487e-01
2.565432098765432212e-01
2.565432098765432212e-01
2.570370370370370638e-01
2.570370370370370638e-01
2.575308641975308510e-01
2.580246913580246937e-01
2.585185185185185364e-01
2.585185185185185364e-01
2.587654320987654577e-01
2.587654320987654577e-01
2.592592592592592449e-01
2.597530864197530875e-01
2.600000000000000089e-01
2.600000000000000089e-01
2.600000000000000089e-01
2.607407407407407174e-01
2.622222222222222454e-01
2.622222222222222454e-01
2.634567901234567966e-01
2.634567901234567966e-01
2.637037037037037179e-01
2.637037037037037179e-01
2.644444444444444264e-01
2.644444444444444264e-01
2.654320987654321118e-01
2.654320987654321118e-01
2.656790123456790331e-01
2.656790123456790331e-01
2.661728395061728203e-01
2.664197530864197416e-01
2.664197530864197416e-01
2.669135802469135843e-01
2.669135802469135843e-01
2.674074074074074270e-01
2.681481481481481355e-01
2.681481481481481355e-01
2.683950617283950568e-01
2.683950617283950568e-01
2.698765432098765293e-01
2.703703703703703720e-01
2.711111111111111360e-01
2.711111111111111360e-01
2.713580246913580019e-01
2.713580246913580019e-01
2.718518518518518445e-01
2.718518518518518445e-01
2.723456790123456872e-01
2.725925925925926085e-01
2.725925925925926085e-01
2.733333333333333171e-01
2.733333333333333171e-01
2.743209876543210024e-01
2.743209876543210024e-01
2.748148148148147896e-01
2.753086419753086322e-01
2.753086419753086322e-01
2.758024691358024749e-01
2.758024691358024749e-01
2.760493827160493963e-01
2.765432098765431834e-01
2.765432098765431834e-01
2.767901234567901048e-01
2.767901234567901048e-01
2.802469135802468925e-01
2.802469135802468925e-01
2.814814814814814992e-01
2.814814814814814992e-01
2.817283950617284205e-01
2.817283950617284205e-01
2.829629629629629717e-01
2.829629629629629717e-01
2.837037037037036802e-01
2.837037037037036802e-01
2.844444444444444442e-01
2.844444444444444442e-01
2.849382716049382869e-01
2.849382716049382869e-01
2.856790123456789954e-01
2.856790123456789954e-01
2.879012345679012319e-01
2.886419753086419959e-01
2.891358024691357831e-01
2.891358024691357831e-01
2.898765432098765471e-01
2.908641975308641769e-01
2.908641975308641769e-01
2.920987654320987836e-01
2.920987654320987836e-01
2.935802469135802562e-01
2.940740740740740988e-01
2.945679012345678860e-01
2.953086419753086500e-01
2.955555555555555713e-01
2.955555555555555713e-01
2.965432098765432012e-01
2.965432098765432012e-01
2.970370370370370439e-01
2.972839506172839652e-01
2.972839506172839652e-01
2.977777777777777524e-01
2.977777777777777524e-01
2.982716049382715950e-01
2.982716049382715950e-01
2.985185185185185164e-01
2.985185185185185164e-01
2.995061728395061462e-01
2.995061728395061462e-01
3.017283950617283828e-01
3.017283950617283828e-01
3.019753086419753041e-01
3.044444444444444620e-01
3.051851851851851705e-01
3.059259259259259345e-01
3.069135802469135643e-01
3.069135802469135643e-01
3.074074074074074070e-01
3.074074074074074070e-01
3.079012345679012497e-01
3.079012345679012497e-01
3.083950617283950368e-01
3.083950617283950368e-01
3.086419753086419582e-01
3.096296296296296435e-01
3.101234567901234307e-01
3.101234567901234307e-01
3.103703703703703520e-01
3.103703703703703520e-01
3.111111111111111160e-01
3.120987654320987459e-01
3.125925925925925886e-01
3.130864197530864312e-01
3.130864197530864312e-01
3.133333333333333526e-01
3.143209876543209824e-01
3.160493827160493763e-01
3.167901234567901403e-01
3.167901234567901403e-01
3.172839506172839275e-01
3.172839506172839275e-01
3.185185185185185341e-01
3.190123456790123213e-01
3.192592592592592426e-01
3.197530864197530853e-01
3.200000000000000067e-01
3.212345679012345578e-01
3.217283950617284005e-01
3.222222222222222432e-01
3.227160493827160304e-01
3.232098765432098730e-01
3.234567901234567944e-01
3.234567901234567944e-01
3.239506172839506370e-01
3.244444444444444242e-01
3.251851851851851882e-01
3.251851851851851882e-01
3.264197530864197394e-01
3.264197530864197394e-01
3.266666666666666607e-01
3.274074074074074248e-01
3.276543209876543461e-01
3.276543209876543461e-01
3.286419753086419759e-01
3.313580246913579996e-01
3.330864197530863935e-01
3.335802469135802362e-01
3.340740740740740788e-01
3.340740740740740788e-01
3.343209876543210002e-01
3.350617283950617087e-01
3.355555555555555514e-01
3.355555555555555514e-01
3.382716049382716306e-01
3.387654320987654177e-01
3.400000000000000244e-01
3.404938271604938116e-01
3.407407407407407329e-01
3.407407407407407329e-01
3.417283950617284183e-01
3.419753086419752841e-01
3.419753086419752841e-01
3.437037037037036780e-01
3.444444444444444420e-01
3.444444444444444420e-01
3.451851851851852060e-01
3.461728395061728358e-01
3.461728395061728358e-01
3.466666666666666785e-01
3.466666666666666785e-01
3.471604938271605212e-01
3.503703703703703876e-01
3.503703703703703876e-01
3.508641975308641747e-01
3.513580246913580174e-01
3.518518518518518601e-01
3.518518518518518601e-01
3.520987654320987814e-01
3.520987654320987814e-01
3.523456790123457028e-01
3.528395061728394899e-01
3.528395061728394899e-01
3.530864197530864113e-01
3.530864197530864113e-01
3.533333333333333326e-01
3.533333333333333326e-01
3.538271604938271753e-01
3.538271604938271753e-01
3.545679012345678838e-01
3.555555555555555691e-01
3.555555555555555691e-01
3.560493827160493563e-01
3.560493827160493563e-01
3.567901234567901203e-01
3.572839506172839630e-01
3.580246913580246715e-01
3.592592592592592782e-01
3.597530864197530653e-01
3.597530864197530653e-01
3.599999999999999867e-01
3.599999999999999867e-01
3.604938271604938294e-01
3.612345679012345934e-01
3.619753086419753019e-01
3.619753086419753019e-01
3.624691358024691445e-01
3.629629629629629872e-01
3.629629629629629872e-01
3.634567901234567744e-01
3.644444444444444597e-01
3.644444444444444597e-01
3.654320987654320896e-01
3.654320987654320896e-01
3.664197530864197749e-01
3.671604938271604834e-01
3.671604938271604834e-01
3.679012345679012475e-01
3.683950617283950346e-01
3.703703703703703498e-01
3.713580246913580352e-01
3.713580246913580352e-01
3.720987654320987437e-01
3.740740740740740589e-01
3.743209876543209802e-01
3.743209876543209802e-01
3.748148148148148229e-01
3.748148148148148229e-01
3.750617283950617442e-01
3.750617283950617442e-01
3.770370370370370594e-01
3.787654320987654533e-01
3.792592592592592404e-01
3.795061728395061618e-01
3.795061728395061618e-01
3.804938271604938471e-01
3.809876543209876343e-01
3.809876543209876343e-01
3.824691358024691623e-01
3.834567901234567922e-01
3.837037037037037135e-01
3.841975308641975562e-01
3.849382716049382647e-01
3.854320987654321073e-01
3.864197530864197372e-01
3.864197530864197372e-01
3.869135802469135799e-01
3.869135802469135799e-01
3.874074074074074225e-01
3.879012345679012097e-01
3.879012345679012097e-01
3.883950617283950524e-01
3.883950617283950524e-01
3.888888888888888951e-01
3.888888888888888951e-01
3.891358024691358164e-01
3.891358024691358164e-01
3.893827160493827377e-01
3.893827160493827377e-01
3.896296296296296036e-01
3.896296296296296036e-01
3.901234567901234462e-01
3.906172839506172889e-01
3.906172839506172889e-01
3.913580246913579974e-01
3.913580246913579974e-01
3.916049382716049188e-01
3.916049382716049188e-01
3.918518518518518401e-01
3.918518518518518401e-01
3.920987654320987614e-01
3.928395061728395254e-01
3.930864197530864468e-01
3.938271604938271553e-01
3.950617283950617065e-01
3.950617283950617065e-01
3.950617283950617065e-01
3.958024691358024705e-01
3.962962962962963132e-01
3.962962962962963132e-01
3.965432098765432345e-01
3.972839506172839430e-01
3.985185185185184942e-01
3.987654320987654155e-01
3.987654320987654155e-01
3.997530864197531009e-01
3.997530864197531009e-01
4.002469135802468880e-01
4.012345679012345734e-01
4.017283950617284161e-01
4.017283950617284161e-01
4.019753086419752819e-01
4.024691358024691246e-01
4.024691358024691246e-01
4.027160493827160459e-01
4.027160493827160459e-01
4.037037037037037313e-01
4.037037037037037313e-01
4.039506172839505971e-01
4.039506172839505971e-01
4.044444444444444398e-01
4.049382716049382824e-01
4.054320987654321251e-01
4.064197530864197550e-01
4.064197530864197550e-01
4.069135802469135976e-01
4.079012345679012275e-01
4.079012345679012275e-01
4.081481481481481488e-01
4.086419753086419915e-01
4.088888888888889128e-01
4.098765432098765427e-01
4.106172839506173067e-01
4.106172839506173067e-01
4.113580246913580152e-01
4.113580246913580152e-01
4.128395061728394877e-01
4.128395061728394877e-01
4.130864197530864090e-01
4.130864197530864090e-01
4.140740740740740944e-01
4.148148148148148029e-01
4.150617283950617242e-01
4.167901234567901181e-01
4.175308641975308821e-01
4.180246913580246693e-01
4.187654320987654333e-01
4.187654320987654333e-01
4.195061728395061973e-01
4.199999999999999845e-01
4.207407407407407485e-01
4.212345679012345911e-01
4.212345679012345911e-01
4.219753086419752997e-01
4.219753086419752997e-01
4.229629629629629850e-01
4.229629629629629850e-01
4.232098765432098508e-01
4.232098765432098508e-01
4.234567901234567722e-01
4.241975308641975362e-01
4.246913580246913789e-01
4.246913580246913789e-01
4.251851851851851660e-01
4.259259259259259300e-01
4.264197530864197727e-01
4.264197530864197727e-01
4.271604938271604812e-01
4.276543209876543239e-01
4.276543209876543239e-01
4.279012345679012452e-01
4.316049382716049543e-01
4.375308641975308444e-01
4.432098765432098686e-01
4.437037037037037113e-01
4.441975308641975539e-01
4.441975308641975539e-01
4.444444444444444198e-01
4.444444444444444198e-01
4.449382716049382624e-01
4.451851851851851838e-01
4.461728395061728136e-01
4.464197530864197350e-01
4.469135802469135776e-01
4.471604938271604990e-01
4.476543209876543417e-01
4.496296296296296569e-01
4.496296296296296569e-01
4.501234567901234440e-01
4.516049382716049165e-01
4.520987654320987592e-01
4.525925925925926019e-01
4.533333333333333104e-01
4.538271604938271531e-01
4.543209876543209957e-01
4.543209876543209957e-01
4.545679012345679171e-01
4.545679012345679171e-01
4.560493827160493896e-01
4.562962962962963109e-01
4.562962962962963109e-01
4.565432098765432323e-01
4.590123456790123346e-01
4.595061728395061773e-01
4.595061728395061773e-01
4.600000000000000200e-01
4.600000000000000200e-01
4.602469135802469413e-01
4.602469135802469413e-01
4.612345679012345712e-01
4.612345679012345712e-01
4.617283950617284138e-01
4.622222222222222010e-01
4.629629629629629650e-01
4.629629629629629650e-01
4.637037037037037290e-01
4.637037037037037290e-01
4.639506172839505949e-01
4.639506172839505949e-01
4.644444444444444375e-01
4.646913580246913589e-01
4.661728395061728314e-01
4.671604938271605167e-01
4.679012345679012252e-01
4.679012345679012252e-01
4.686419753086419893e-01
4.691358024691357764e-01
4.698765432098765404e-01
4.706172839506173045e-01
4.711111111111110916e-01
4.711111111111110916e-01
4.723456790123456983e-01
4.723456790123456983e-01
4.733333333333333282e-01
4.743209876543210135e-01
4.745679012345678793e-01
4.755555555555555647e-01
4.762962962962962732e-01
4.765432098765431945e-01
4.765432098765431945e-01
4.770370370370370372e-01
4.770370370370370372e-01
4.785185185185185097e-01
4.785185185185185097e-01
4.787654320987654311e-01
4.787654320987654311e-01
4.795061728395061951e-01
4.809876543209876676e-01
4.812345679012345889e-01
4.812345679012345889e-01
4.829629629629629828e-01
4.837037037037036913e-01
4.846913580246913766e-01
4.846913580246913766e-01
4.854320987654320851e-01
4.854320987654320851e-01
4.866666666666666918e-01
4.871604938271604790e-01
4.871604938271604790e-01
4.888888888888888729e-01
4.896296296296296369e-01
4.901234567901234795e-01
4.920987654320987392e-01
4.925925925925925819e-01
4.930864197530864246e-01
4.930864197530864246e-01
4.933333333333333459e-01
4.935802469135802673e-01
4.943209876543209758e-01
4.948148148148148184e-01
4.953086419753086611e-01
4.962962962962962910e-01
4.965432098765432123e-01
4.970370370370370550e-01
4.972839506172839763e-01
4.972839506172839763e-01
4.977777777777777635e-01
4.977777777777777635e-01
4.980246913580246848e-01
4.980246913580246848e-01
4.990123456790123702e-01
4.990123456790123702e-01
4.997530864197530787e-01
4.997530864197530787e-01
5.007407407407407085e-01
5.007407407407407085e-01
5.014814814814815280e-01
5.029629629629629450e-01
5.037037037037036535e-01
5.041975308641974962e-01
5.049382716049383157e-01
5.049382716049383157e-01
5.054320987654320474e-01
5.056790123456790242e-01
5.069135802469135754e-01
5.071604938271604412e-01
5.071604938271604412e-01
5.074074074074074181e-01
5.116049382716049143e-01
5.130864197530864423e-01
5.135802469135802850e-01
5.150617283950617020e-01
5.150617283950617020e-01
5.153086419753086789e-01
5.153086419753086789e-01
5.155555555555555447e-01
5.165432098765432301e-01
5.172839506172839386e-01
5.172839506172839386e-01
5.182716049382716239e-01
5.187654320987654666e-01
5.197530864197530409e-01
5.207407407407407263e-01
5.214814814814814348e-01
5.214814814814814348e-01
5.222222222222222543e-01
5.227160493827160970e-01
5.234567901234568055e-01
5.234567901234568055e-01
5.239506172839506482e-01
5.244444444444444908e-01
5.249382716049382225e-01
5.261728395061728847e-01
5.269135802469135932e-01
5.269135802469135932e-01
5.274074074074074359e-01
5.279012345679012785e-01
5.281481481481481444e-01
5.286419753086419870e-01
5.288888888888888529e-01
5.288888888888888529e-01
5.293827160493826955e-01
5.293827160493826955e-01
5.298765432098765382e-01
5.303703703703703809e-01
5.308641975308642236e-01
5.316049382716049321e-01
5.318518518518517979e-01
5.323456790123456406e-01
5.325925925925926174e-01
5.325925925925926174e-01
5.330864197530864601e-01
5.333333333333333259e-01
5.340740740740740344e-01
5.353086419753086966e-01
5.358024691358024283e-01
5.360493827160494051e-01
5.365432098765432478e-01
5.377777777777777990e-01
5.377777777777777990e-01
5.385185185185185075e-01
5.392592592592592160e-01
5.419753086419752952e-01
5.424691358024691379e-01
5.424691358024691379e-01
5.434567901234568232e-01
5.439506172839506659e-01
5.444444444444443976e-01
5.449382716049382402e-01
5.464197530864197683e-01
5.464197530864197683e-01
5.466666666666666341e-01
5.471604938271604768e-01
5.474074074074074536e-01
5.474074074074074536e-01
5.483950617283950280e-01
5.488888888888888706e-01
5.501234567901234218e-01
5.501234567901234218e-01
5.508641975308642413e-01
5.508641975308642413e-01
5.516049382716049498e-01
5.538271604938271864e-01
5.553086419753086034e-01
5.555555555555555802e-01
5.555555555555555802e-01
5.562962962962962887e-01
5.565432098765431546e-01
5.580246913580246826e-01
5.585185185185185253e-01
5.602469135802469191e-01
5.607407407407407618e-01
5.632098765432098642e-01
5.637037037037037068e-01
5.639506172839505727e-01
5.646913580246913922e-01
5.651851851851852349e-01
5.654320987654321007e-01
5.659259259259259434e-01
5.661728395061728092e-01
5.669135802469136287e-01
5.669135802469136287e-01
5.676543209876543372e-01
5.676543209876543372e-01
5.693827160493827311e-01
5.708641975308641481e-01
5.708641975308641481e-01
5.713580246913579908e-01
5.713580246913579908e-01
5.713580246913579908e-01
5.720987654320988103e-01
5.720987654320988103e-01
5.723456790123456761e-01
5.728395061728395188e-01
5.730864197530863846e-01
5.730864197530863846e-01
5.730864197530863846e-01
5.740740740740740700e-01
5.740740740740740700e-01
5.753086419753086211e-01
5.765432098765431723e-01
5.767901234567901492e-01
5.777777777777777235e-01
5.777777777777777235e-01
5.780246913580247003e-01
5.780246913580247003e-01
5.785185185185185430e-01
5.785185185185185430e-01
5.787654320987654089e-01
5.792592592592592515e-01
5.799999999999999600e-01
5.804938271604938027e-01
5.819753086419753307e-01
5.819753086419753307e-01
5.822222222222221966e-01
5.822222222222221966e-01
5.827160493827160392e-01
5.827160493827160392e-01
5.832098765432098819e-01
5.832098765432098819e-01
5.841975308641975673e-01
5.841975308641975673e-01
5.844444444444444331e-01
5.849382716049382758e-01
5.849382716049382758e-01
5.896296296296296147e-01
5.913580246913580085e-01
5.916049382716049854e-01
5.916049382716049854e-01
5.918518518518518512e-01
5.920987654320987170e-01
5.923456790123456939e-01
5.928395061728395365e-01
5.950617283950617731e-01
5.950617283950617731e-01
5.953086419753086389e-01
5.958024691358024816e-01
5.965432098765431901e-01
5.972839506172838986e-01
5.972839506172838986e-01
5.975308641975308754e-01
6.004938271604938205e-01
6.012345679012345290e-01
6.012345679012345290e-01
6.019753086419753485e-01
6.019753086419753485e-01
6.027160493827160570e-01
6.027160493827160570e-01
6.032098765432098997e-01
6.032098765432098997e-01
6.049382716049382935e-01
6.049382716049382935e-01
6.056790123456790020e-01
6.071604938271605301e-01
6.116049382716048921e-01
6.118518518518518690e-01
6.123456790123457116e-01
6.130864197530864201e-01
6.130864197530864201e-01
6.138271604938271286e-01
6.145679012345679482e-01
6.145679012345679482e-01
6.182716049382716017e-01
6.400000000000000133e-01
6.506172839506172423e-01
6.511111111111110850e-01
6.516049382716049276e-01
6.523456790123456361e-01
6.525925925925926130e-01
6.525925925925926130e-01
6.528395061728394788e-01
6.533333333333333215e-01
6.538271604938271642e-01
6.555555555555555580e-01
6.562962962962962665e-01
6.562962962962962665e-01
6.565432098765432434e-01
6.575308641975308177e-01
6.585185185185185031e-01
6.585185185185185031e-01
6.595061728395061884e-01
6.595061728395061884e-01
6.602469135802468969e-01
6.612345679012345823e-01
6.614814814814814481e-01
6.634567901234568188e-01
6.634567901234568188e-01
6.656790123456790553e-01
6.661728395061727870e-01
6.666666666666666297e-01
6.666666666666666297e-01
6.669135802469136065e-01
6.679012345679011808e-01
6.679012345679011808e-01
6.683950617283950235e-01
6.688888888888888662e-01
6.691358024691358430e-01
6.691358024691358430e-01
6.693827160493827089e-01
6.698765432098765515e-01
6.698765432098765515e-01
6.706172839506172600e-01
6.706172839506172600e-01
6.720987654320987881e-01
6.725925925925926308e-01
6.725925925925926308e-01
6.733333333333333393e-01
6.733333333333333393e-01
6.735802469135802051e-01
6.735802469135802051e-01
6.738271604938271819e-01
6.738271604938271819e-01
6.743209876543210246e-01
6.743209876543210246e-01
6.745679012345678904e-01
6.750617283950617331e-01
6.753086419753085989e-01
6.753086419753085989e-01
6.758024691358024416e-01
6.758024691358024416e-01
6.762962962962962843e-01
6.767901234567901270e-01
6.767901234567901270e-01
6.770370370370369928e-01
6.775308641975308355e-01
6.782716049382716550e-01
6.792592592592592293e-01
6.795061728395062062e-01
6.802469135802469147e-01
6.807407407407407574e-01
6.814814814814814659e-01
6.817283950617284427e-01
6.829629629629629939e-01
6.834567901234568366e-01
6.834567901234568366e-01
6.844444444444444109e-01
6.856790123456789621e-01
6.866666666666666474e-01
6.871604938271604901e-01
6.938271604938271997e-01
6.958024691358024594e-01
6.967901234567901447e-01
6.970370370370370106e-01
6.975308641975308532e-01
6.982716049382715617e-01
6.987654320987654044e-01
6.997530864197530898e-01
7.002469135802469324e-01
7.027160493827160348e-01
7.029629629629630116e-01
7.037037037037037202e-01
7.041975308641975628e-01
7.041975308641975628e-01
7.044444444444444287e-01
7.049382716049382713e-01
7.064197530864197994e-01
7.069135802469135310e-01
7.074074074074073737e-01
7.076543209876543505e-01
7.212345679012345245e-01
7.254320987654321318e-01
7.259259259259259744e-01
7.264197530864197061e-01
7.264197530864197061e-01
7.266666666666666829e-01
7.271604938271605256e-01
7.274074074074073915e-01
7.279012345679012341e-01
7.296296296296296280e-01
7.298765432098764938e-01
7.298765432098764938e-01
7.301234567901234707e-01
7.301234567901234707e-01
7.306172839506173133e-01
7.311111111111111560e-01
7.350617283950616754e-01
7.377777777777777546e-01
7.385185185185184631e-01
7.399999999999999911e-01
7.402469135802469680e-01
7.402469135802469680e-01
7.404938271604938338e-01
7.404938271604938338e-01
7.409876543209876765e-01
7.414814814814815191e-01
7.419753086419753618e-01
7.419753086419753618e-01
7.427160493827160703e-01
7.441975308641974873e-01
7.446913580246913300e-01
7.456790123456790154e-01
7.464197530864197239e-01
7.469135802469135665e-01
7.483950617283950946e-01
7.525925925925925908e-01
7.530864197530864335e-01
7.535802469135802761e-01
7.535802469135802761e-01
7.540740740740741188e-01
7.540740740740741188e-01
7.548148148148148273e-01
7.548148148148148273e-01
7.553086419753086700e-01
7.553086419753086700e-01
7.558024691358025127e-01
7.562962962962962443e-01
7.562962962962962443e-01
7.572839506172839297e-01
7.577777777777777724e-01
7.607407407407407174e-01
7.627160493827160881e-01
7.651851851851851904e-01
7.659259259259258990e-01
7.669135802469135843e-01
7.686419753086419782e-01
7.693827160493826867e-01
7.703703703703703720e-01
7.713580246913580574e-01
7.713580246913580574e-01
7.723456790123456317e-01
7.879012345679012874e-01
7.881481481481481532e-01
7.925925925925926263e-01
7.928395061728394921e-01
7.928395061728394921e-01
7.935802469135802006e-01
7.950617283950617287e-01
7.955555555555555713e-01
7.995061728395062017e-01
8.000000000000000444e-01
8.000000000000000444e-01
8.002469135802469102e-01
8.007407407407407529e-01
8.012345679012345956e-01
8.019753086419753041e-01
8.022222222222221699e-01
8.027160493827160126e-01
8.034567901234568321e-01
8.041975308641975406e-01
8.044444444444444065e-01
8.046913580246913833e-01
8.051851851851852260e-01
8.051851851851852260e-01
8.056790123456789576e-01
8.093827160493827222e-01
8.123456790123456672e-01
8.128395061728395099e-01
8.130864197530863757e-01
8.145679012345679038e-01
8.153086419753086123e-01
8.160493827160494318e-01
8.162962962962962976e-01
8.167901234567901403e-01
8.167901234567901403e-01
8.197530864197530853e-01
8.202469135802469280e-01
8.207407407407407707e-01
8.209876543209876365e-01
8.209876543209876365e-01
8.212345679012346134e-01
8.281481481481481888e-01
8.311111111111111338e-01
8.313580246913579996e-01
8.323456790123456850e-01
8.338271604938272130e-01
8.360493827160493385e-01
8.365432098765431812e-01
8.370370370370370239e-01
8.375308641975308666e-01
8.382716049382715751e-01
8.387654320987654177e-01
8.390123456790123946e-01
8.390123456790123946e-01
8.392592592592592604e-01
8.392592592592592604e-01
8.392592592592592604e-01
8.397530864197531031e-01
8.404938271604938116e-01
8.407407407407407884e-01
8.412345679012345201e-01
8.417283950617283628e-01
8.417283950617283628e-01
8.427160493827160481e-01
8.441975308641975762e-01
8.449382716049382847e-01
8.451851851851851505e-01
8.454320987654321273e-01
8.493827160493827577e-01
8.562962962962963331e-01
8.587654320987654355e-01
8.595061728395061440e-01
8.599999999999999867e-01
8.607407407407406952e-01
8.609876543209876720e-01
8.617283950617283805e-01
8.624691358024690890e-01
8.632098765432099086e-01
8.637037037037037512e-01
8.641975308641974829e-01
8.864197530864197372e-01
8.866666666666667140e-01
8.965432098765432345e-01
9.271604938271604812e-01
9.385185185185185297e-01
9.385185185185185297e-01
9.402469135802469236e-01
9.407407407407407662e-01
9.437037037037037113e-01
9.444444444444444198e-01
9.459259259259259478e-01
9.466666666666666563e-01
9.479012345679012075e-01
9.486419753086420270e-01
9.491358024691357587e-01
9.498765432098765782e-01
9.503703703703704209e-01
9.508641975308641525e-01
9.511111111111111294e-01
9.516049382716049720e-01
9.523456790123456805e-01
9.528395061728395232e-01
9.535802469135802317e-01
9.545679012345679171e-01
9.592592592592592560e-01
9.592592592592592560e-01
9.599999999999999645e-01
9.604938271604938071e-01
9.619753086419753352e-01
9.624691358024691779e-01
9.854320987654321407e-01
9.859259259259258723e-01
1.000000000000000000e+00
