0.000000000000000000e+00
6.666666666666667095e-03
8.444444444444443656e-03
8.444444444444443656e-03
8.444444444444443656e-03
8.444444444444443656e-03
8.444444444444443656e-03
8.444444444444443656e-03
8.444444444444443656e-03
8.444444444444443656e-03
8.444444444444443656e-03
8.444444444444443656e-03
8.444444444444443656e-03
8.444444444444443656e-03
8.444444444444443656e-03
8.444444444444443656e-03
8.444444444444443656e-03
8.444444444444443656e-03
8.444444444444443656e-03
8.444444444444443656e-03
8.444444444444443656e-03
8.444444444444443656e-03
8.444444444444443656e-03
8.444444444444443656e-03
8.444444444444443656e-03
8.444444444444443656e-03
8.444444444444443656e-03
9.333333333333334106e-03
9.333333333333334106e-03
9.777777777777777596e-03
1.000000000000000021e-02
1.000000000000000021e-02
1.022222222222222282e-02
1.022222222222222282e-02
1.022222222222222282e-02
1.044444444444444370e-02
1.044444444444444370e-02
1.088888888888888892e-02
1.088888888888888892e-02
1.111111111111111154e-02
1.177777777777777764e-02
1.177777777777777764e-02
1.177777777777777764e-02
1.222222222222222286e-02
1.266666666666666635e-02
1.266666666666666635e-02
1.311111111111111158e-02
1.400000000000000029e-02
1.444444444444444378e-02
1.555555555555555511e-02
1.577777777777777946e-02
1.577777777777777946e-02
1.600000000000000033e-02
1.666666666666666644e-02
1.666666666666666644e-02
1.688888888888888731e-02
1.688888888888888731e-02
1.711111111111111166e-02
1.755555555555555688e-02
1.777777777777777776e-02
1.844444444444444386e-02
1.844444444444444386e-02
1.888888888888888909e-02
1.888888888888888909e-02
1.933333333333333431e-02
1.933333333333333431e-02
1.977777777777777607e-02
1.977777777777777607e-02
2.000000000000000042e-02
2.000000000000000042e-02
2.022222222222222129e-02
2.066666666666666652e-02
2.066666666666666652e-02
2.111111111111111174e-02
2.111111111111111174e-02
2.133333333333333262e-02
2.133333333333333262e-02
2.155555555555555697e-02
2.155555555555555697e-02
2.177777777777777785e-02
2.177777777777777785e-02
2.177777777777777785e-02
2.199999999999999872e-02
2.199999999999999872e-02
2.222222222222222307e-02
2.222222222222222307e-02
2.222222222222222307e-02
2.222222222222222307e-02
2.222222222222222307e-02
2.222222222222222307e-02
2.288888888888888917e-02
2.288888888888888917e-02
2.311111111111111005e-02
2.311111111111111005e-02
2.333333333333333440e-02
2.333333333333333440e-02
2.355555555555555527e-02
2.355555555555555527e-02
2.400000000000000050e-02
2.400000000000000050e-02
2.422222222222222138e-02
2.422222222222222138e-02
2.444444444444444572e-02
2.444444444444444572e-02
2.444444444444444572e-02
2.466666666666666660e-02
2.466666666666666660e-02
2.511111111111111183e-02
2.511111111111111183e-02
2.533333333333333270e-02
2.533333333333333270e-02
2.555555555555555705e-02
2.555555555555555705e-02
2.555555555555555705e-02
2.555555555555555705e-02
2.577777777777777793e-02
2.577777777777777793e-02
2.622222222222222315e-02
2.622222222222222315e-02
2.622222222222222315e-02
2.666666666666666838e-02
2.666666666666666838e-02
2.688888888888888926e-02
2.688888888888888926e-02
2.711111111111111013e-02
2.711111111111111013e-02
2.733333333333333448e-02
2.733333333333333448e-02
2.755555555555555536e-02
2.800000000000000058e-02
2.800000000000000058e-02
2.822222222222222146e-02
2.822222222222222146e-02
2.866666666666666669e-02
2.866666666666666669e-02
2.888888888888888756e-02
2.888888888888888756e-02
2.933333333333333279e-02
2.955555555555555713e-02
3.044444444444444411e-02
3.044444444444444411e-02
3.088888888888888934e-02
3.088888888888888934e-02
3.111111111111111022e-02
3.111111111111111022e-02
3.155555555555555891e-02
3.155555555555555891e-02
3.200000000000000067e-02
3.222222222222222154e-02
3.288888888888889112e-02
3.333333333333333287e-02
3.333333333333333287e-02
3.355555555555555375e-02
3.355555555555555375e-02
3.400000000000000244e-02
3.466666666666666508e-02
3.511111111111111377e-02
3.533333333333333465e-02
3.533333333333333465e-02
3.555555555555555552e-02
3.555555555555555552e-02
3.599999999999999728e-02
3.599999999999999728e-02
3.644444444444444597e-02
3.644444444444444597e-02
3.688888888888888773e-02
3.688888888888888773e-02
3.711111111111110861e-02
3.711111111111110861e-02
3.733333333333333642e-02
3.822222222222221993e-02
3.822222222222221993e-02
3.866666666666666863e-02
3.911111111111111038e-02
3.911111111111111038e-02
3.955555555555555214e-02
3.955555555555555214e-02
3.977777777777777996e-02
4.066666666666666347e-02
4.066666666666666347e-02
4.088888888888889128e-02
4.088888888888889128e-02
4.133333333333333304e-02
4.133333333333333304e-02
4.200000000000000261e-02
4.200000000000000261e-02
4.266666666666666524e-02
4.311111111111111394e-02
4.333333333333333481e-02
4.399999999999999745e-02
4.444444444444444614e-02
4.466666666666666702e-02
4.466666666666666702e-02
4.488888888888888790e-02
4.488888888888888790e-02
4.533333333333333659e-02
4.533333333333333659e-02
4.555555555555555747e-02
4.555555555555555747e-02
4.577777777777777835e-02
4.577777777777777835e-02
4.622222222222222010e-02
4.622222222222222010e-02
4.666666666666666879e-02
4.711111111111111055e-02
4.711111111111111055e-02
4.733333333333333143e-02
4.777777777777778012e-02
4.800000000000000100e-02
4.800000000000000100e-02
4.800000000000000100e-02
4.844444444444444275e-02
4.844444444444444275e-02
4.866666666666666363e-02
4.866666666666666363e-02
4.911111111111111233e-02
4.911111111111111233e-02
4.955555555555555408e-02
4.955555555555555408e-02
5.000000000000000278e-02
5.000000000000000278e-02
5.000000000000000278e-02
5.022222222222222365e-02
5.022222222222222365e-02
5.066666666666666541e-02
5.066666666666666541e-02
5.088888888888888629e-02
5.088888888888888629e-02
5.111111111111111410e-02
5.111111111111111410e-02
5.199999999999999761e-02
5.199999999999999761e-02
5.222222222222222543e-02
5.222222222222222543e-02
5.266666666666666718e-02
5.266666666666666718e-02
5.311111111111110894e-02
5.311111111111110894e-02
5.355555555555555763e-02
5.355555555555555763e-02
5.399999999999999939e-02
5.422222222222222027e-02
5.422222222222222027e-02
5.444444444444444114e-02
5.444444444444444114e-02
5.444444444444444114e-02
5.488888888888888984e-02
5.488888888888888984e-02
5.511111111111111072e-02
5.511111111111111072e-02
5.533333333333333159e-02
5.533333333333333159e-02
5.555555555555555247e-02
5.555555555555555247e-02
5.577777777777778029e-02
5.577777777777778029e-02
5.622222222222222204e-02
5.666666666666666380e-02
5.666666666666666380e-02
5.688888888888889162e-02
5.688888888888889162e-02
5.688888888888889162e-02
5.711111111111111249e-02
5.711111111111111249e-02
5.755555555555555425e-02
5.755555555555555425e-02
5.844444444444444470e-02
5.844444444444444470e-02
5.888888888888888645e-02
5.888888888888888645e-02
5.933333333333333515e-02
5.999999999999999778e-02
5.999999999999999778e-02
6.022222222222222560e-02
6.022222222222222560e-02
6.088888888888888823e-02
6.133333333333332998e-02
6.133333333333332998e-02
6.155555555555555780e-02
6.155555555555555780e-02
6.155555555555555780e-02
6.177777777777777868e-02
6.222222222222222043e-02
6.222222222222222043e-02
6.266666666666666219e-02
6.266666666666666219e-02
6.266666666666666219e-02
6.333333333333333870e-02
6.333333333333333870e-02
6.333333333333333870e-02
6.377777777777778045e-02
6.377777777777778045e-02
6.377777777777778045e-02
6.377777777777778045e-02
6.444444444444444309e-02
6.444444444444444309e-02
6.444444444444444309e-02
6.444444444444444309e-02
6.444444444444444309e-02
6.444444444444444309e-02
6.444444444444444309e-02
6.444444444444444309e-02
6.511111111111110572e-02
6.555555555555556135e-02
6.555555555555556135e-02
6.622222222222222399e-02
6.622222222222222399e-02
6.688888888888888662e-02
6.688888888888888662e-02
6.711111111111110750e-02
6.711111111111110750e-02
6.733333333333332837e-02
6.733333333333332837e-02
6.733333333333332837e-02
6.733333333333332837e-02
6.755555555555554925e-02
6.755555555555554925e-02
6.777777777777778401e-02
6.777777777777778401e-02
6.777777777777778401e-02
6.777777777777778401e-02
6.822222222222222576e-02
6.822222222222222576e-02
6.822222222222222576e-02
6.822222222222222576e-02
6.844444444444444664e-02
6.844444444444444664e-02
6.866666666666666752e-02
6.866666666666666752e-02
6.866666666666666752e-02
6.866666666666666752e-02
6.866666666666666752e-02
6.911111111111110927e-02
6.911111111111110927e-02
6.933333333333333015e-02
6.933333333333333015e-02
6.933333333333333015e-02
6.977777777777777191e-02
6.977777777777777191e-02
6.977777777777777191e-02
6.977777777777777191e-02
6.977777777777777191e-02
6.977777777777777191e-02
6.977777777777777191e-02
6.977777777777777191e-02
7.000000000000000666e-02
7.000000000000000666e-02
7.000000000000000666e-02
7.000000000000000666e-02
7.022222222222222754e-02
7.022222222222222754e-02
7.022222222222222754e-02
7.022222222222222754e-02
7.022222222222222754e-02
7.022222222222222754e-02
7.066666666666666929e-02
7.066666666666666929e-02
7.066666666666666929e-02
7.066666666666666929e-02
7.066666666666666929e-02
7.088888888888889017e-02
7.088888888888889017e-02
7.088888888888889017e-02
7.111111111111111105e-02
7.111111111111111105e-02
7.111111111111111105e-02
7.111111111111111105e-02
7.111111111111111105e-02
7.111111111111111105e-02
7.155555555555555280e-02
7.155555555555555280e-02
7.155555555555555280e-02
7.155555555555555280e-02
7.155555555555555280e-02
7.155555555555555280e-02
7.177777777777777368e-02
7.177777777777777368e-02
7.199999999999999456e-02
7.199999999999999456e-02
7.199999999999999456e-02
7.222222222222221544e-02
7.222222222222221544e-02
7.222222222222221544e-02
7.222222222222221544e-02
7.222222222222221544e-02
7.244444444444445019e-02
7.244444444444445019e-02
7.244444444444445019e-02
7.244444444444445019e-02
7.244444444444445019e-02
7.244444444444445019e-02
7.266666666666667107e-02
7.266666666666667107e-02
7.311111111111111283e-02
7.311111111111111283e-02
7.355555555555555458e-02
7.377777777777777546e-02
7.377777777777777546e-02
7.377777777777777546e-02
7.377777777777777546e-02
7.377777777777777546e-02
7.399999999999999634e-02
7.399999999999999634e-02
7.422222222222221721e-02
7.422222222222221721e-02
7.444444444444443809e-02
7.444444444444443809e-02
7.466666666666667285e-02
7.466666666666667285e-02
7.466666666666667285e-02
7.466666666666667285e-02
7.488888888888889372e-02
7.488888888888889372e-02
7.511111111111111460e-02
7.511111111111111460e-02
7.511111111111111460e-02
7.511111111111111460e-02
7.511111111111111460e-02
7.511111111111111460e-02
7.533333333333333548e-02
7.533333333333333548e-02
7.555555555555555636e-02
7.555555555555555636e-02
7.577777777777777724e-02
7.577777777777777724e-02
7.599999999999999811e-02
7.599999999999999811e-02
7.599999999999999811e-02
7.599999999999999811e-02
7.622222222222221899e-02
7.622222222222221899e-02
7.666666666666666075e-02
7.666666666666666075e-02
7.688888888888889550e-02
7.688888888888889550e-02
7.711111111111111638e-02
7.711111111111111638e-02
7.711111111111111638e-02
7.711111111111111638e-02
7.733333333333333726e-02
7.733333333333333726e-02
7.755555555555555813e-02
7.755555555555555813e-02
7.755555555555555813e-02
7.755555555555555813e-02
7.755555555555555813e-02
7.755555555555555813e-02
7.755555555555555813e-02
7.755555555555555813e-02
7.755555555555555813e-02
7.755555555555555813e-02
7.777777777777777901e-02
7.777777777777777901e-02
7.799999999999999989e-02
7.799999999999999989e-02
7.799999999999999989e-02
7.799999999999999989e-02
7.799999999999999989e-02
7.799999999999999989e-02
7.799999999999999989e-02
7.799999999999999989e-02
7.844444444444444164e-02
7.844444444444444164e-02
7.844444444444444164e-02
7.844444444444444164e-02
7.866666666666666252e-02
7.866666666666666252e-02
7.888888888888888340e-02
7.888888888888888340e-02
7.911111111111110428e-02
7.911111111111110428e-02
7.911111111111110428e-02
7.911111111111110428e-02
7.933333333333333903e-02
7.933333333333333903e-02
7.933333333333333903e-02
7.933333333333333903e-02
7.977777777777778079e-02
7.977777777777778079e-02
7.977777777777778079e-02
7.977777777777778079e-02
7.977777777777778079e-02
7.977777777777778079e-02
8.000000000000000167e-02
8.000000000000000167e-02
8.000000000000000167e-02
8.000000000000000167e-02
8.022222222222222254e-02
8.022222222222222254e-02
8.022222222222222254e-02
8.044444444444444342e-02
8.044444444444444342e-02
8.088888888888888518e-02
8.088888888888888518e-02
8.088888888888888518e-02
8.088888888888888518e-02
8.088888888888888518e-02
8.111111111111110605e-02
8.111111111111110605e-02
8.133333333333332693e-02
8.133333333333332693e-02
8.133333333333332693e-02
8.133333333333332693e-02
8.133333333333332693e-02
8.222222222222222432e-02
8.244444444444444520e-02
8.244444444444444520e-02
8.288888888888888695e-02
8.288888888888888695e-02
8.355555555555554959e-02
8.355555555555554959e-02
8.400000000000000522e-02
8.400000000000000522e-02
8.422222222222222610e-02
8.422222222222222610e-02
8.444444444444444697e-02
8.444444444444444697e-02
8.488888888888888873e-02
8.488888888888888873e-02
8.533333333333333048e-02
8.577777777777777224e-02
8.644444444444444875e-02
8.644444444444444875e-02
8.688888888888889050e-02
8.733333333333333226e-02
8.755555555555555314e-02
8.755555555555555314e-02
8.777777777777777402e-02
8.777777777777777402e-02
8.822222222222221577e-02
8.822222222222221577e-02
8.844444444444445053e-02
8.844444444444445053e-02
8.844444444444445053e-02
8.844444444444445053e-02
8.866666666666667140e-02
8.866666666666667140e-02
8.999999999999999667e-02
9.022222222222221755e-02
9.022222222222221755e-02
9.044444444444443842e-02
9.044444444444443842e-02
9.044444444444443842e-02
9.044444444444443842e-02
9.066666666666667318e-02
9.066666666666667318e-02
9.088888888888889406e-02
9.133333333333333581e-02
9.133333333333333581e-02
9.155555555555555669e-02
9.155555555555555669e-02
9.155555555555555669e-02
9.177777777777777757e-02
9.177777777777777757e-02
9.199999999999999845e-02
9.266666666666666108e-02
9.266666666666666108e-02
9.288888888888888196e-02
9.288888888888888196e-02
9.377777777777777934e-02
9.377777777777777934e-02
9.377777777777777934e-02
9.400000000000000022e-02
9.400000000000000022e-02
9.400000000000000022e-02
9.422222222222222110e-02
9.422222222222222110e-02
9.422222222222222110e-02
9.444444444444444198e-02
9.444444444444444198e-02
9.444444444444444198e-02
9.444444444444444198e-02
9.533333333333333937e-02
9.533333333333333937e-02
9.555555555555556024e-02
9.555555555555556024e-02
9.622222222222222288e-02
9.666666666666666463e-02
9.666666666666666463e-02
9.666666666666666463e-02
9.666666666666666463e-02
9.688888888888888551e-02
9.688888888888888551e-02
9.733333333333332726e-02
9.733333333333332726e-02
9.800000000000000377e-02
9.933333333333332904e-02
9.933333333333332904e-02
9.933333333333332904e-02
9.977777777777778467e-02
9.977777777777778467e-02
1.000000000000000056e-01
1.000000000000000056e-01
1.002222222222222264e-01
1.002222222222222264e-01
1.006666666666666682e-01
1.006666666666666682e-01
1.008888888888888891e-01
1.015555555555555517e-01
1.017777777777777726e-01
1.044444444444444509e-01
1.046666666666666717e-01
1.048888888888888926e-01
1.051111111111111135e-01
1.051111111111111135e-01
1.055555555555555552e-01
1.055555555555555552e-01
1.059999999999999970e-01
1.059999999999999970e-01
1.068888888888888944e-01
1.068888888888888944e-01
1.071111111111111153e-01
1.071111111111111153e-01
1.071111111111111153e-01
1.075555555555555570e-01
1.077777777777777779e-01
1.077777777777777779e-01
1.077777777777777779e-01
1.086666666666666614e-01
1.086666666666666614e-01
1.086666666666666614e-01
1.086666666666666614e-01
1.086666666666666614e-01
1.088888888888888823e-01
1.088888888888888823e-01
1.091111111111111170e-01
1.091111111111111170e-01
1.093333333333333379e-01
1.093333333333333379e-01
1.097777777777777797e-01
1.097777777777777797e-01
1.100000000000000006e-01
1.100000000000000006e-01
1.100000000000000006e-01
1.100000000000000006e-01
1.102222222222222214e-01
1.102222222222222214e-01
1.108888888888888841e-01
1.108888888888888841e-01
1.108888888888888841e-01
1.113333333333333397e-01
1.113333333333333397e-01
1.115555555555555606e-01
1.124444444444444441e-01
1.131111111111111067e-01
1.133333333333333276e-01
1.133333333333333276e-01
1.135555555555555624e-01
1.135555555555555624e-01
1.142222222222222250e-01
1.142222222222222250e-01
1.146666666666666667e-01
1.153333333333333294e-01
1.153333333333333294e-01
1.157777777777777711e-01
1.157777777777777711e-01
1.162222222222222268e-01
1.164444444444444476e-01
1.164444444444444476e-01
1.168888888888888894e-01
1.168888888888888894e-01
1.173333333333333311e-01
1.179999999999999938e-01
1.184444444444444494e-01
1.184444444444444494e-01
1.184444444444444494e-01
1.184444444444444494e-01
1.186666666666666703e-01
1.186666666666666703e-01
1.186666666666666703e-01
1.188888888888888912e-01
1.188888888888888912e-01
1.188888888888888912e-01
1.191111111111111120e-01
1.191111111111111120e-01
1.195555555555555538e-01
1.202222222222222164e-01
1.202222222222222164e-01
1.206666666666666721e-01
1.213333333333333347e-01
1.213333333333333347e-01
1.217777777777777765e-01
1.217777777777777765e-01
1.222222222222222182e-01
1.222222222222222182e-01
1.224444444444444391e-01
1.224444444444444391e-01
1.237777777777777782e-01
1.237777777777777782e-01
1.239999999999999991e-01
1.239999999999999991e-01
1.248888888888888826e-01
1.248888888888888826e-01
1.251111111111111174e-01
1.251111111111111174e-01
1.253333333333333244e-01
1.253333333333333244e-01
1.260000000000000009e-01
1.260000000000000009e-01
1.262222222222222356e-01
1.262222222222222356e-01
1.266666666666666774e-01
1.266666666666666774e-01
1.266666666666666774e-01
1.268888888888888844e-01
1.268888888888888844e-01
1.271111111111111192e-01
1.280000000000000027e-01
1.280000000000000027e-01
1.284444444444444444e-01
1.286666666666666792e-01
1.288888888888888862e-01
1.288888888888888862e-01
1.291111111111111209e-01
1.291111111111111209e-01
1.295555555555555627e-01
1.297777777777777697e-01
1.297777777777777697e-01
1.300000000000000044e-01
1.300000000000000044e-01
1.300000000000000044e-01
1.302222222222222114e-01
1.302222222222222114e-01
1.306666666666666532e-01
1.308888888888888880e-01
1.308888888888888880e-01
1.311111111111111227e-01
1.311111111111111227e-01
1.313333333333333297e-01
1.313333333333333297e-01
1.313333333333333297e-01
1.313333333333333297e-01
1.317777777777777715e-01
1.317777777777777715e-01
1.317777777777777715e-01
1.317777777777777715e-01
1.317777777777777715e-01
1.317777777777777715e-01
1.320000000000000062e-01
1.320000000000000062e-01
1.322222222222222132e-01
1.322222222222222132e-01
1.328888888888888897e-01
1.328888888888888897e-01
1.331111111111111245e-01
1.331111111111111245e-01
1.333333333333333315e-01
1.333333333333333315e-01
1.337777777777777732e-01
1.337777777777777732e-01
1.340000000000000080e-01
1.340000000000000080e-01
1.342222222222222150e-01
1.342222222222222150e-01
1.344444444444444497e-01
1.344444444444444497e-01
1.346666666666666567e-01
1.346666666666666567e-01
1.346666666666666567e-01
1.346666666666666567e-01
1.346666666666666567e-01
1.348888888888888915e-01
1.348888888888888915e-01
1.348888888888888915e-01
1.348888888888888915e-01
1.351111111111110985e-01
1.351111111111110985e-01
1.355555555555555680e-01
1.355555555555555680e-01
1.360000000000000098e-01
1.360000000000000098e-01
1.360000000000000098e-01
1.362222222222222168e-01
1.362222222222222168e-01
1.362222222222222168e-01
1.362222222222222168e-01
1.364444444444444515e-01
1.364444444444444515e-01
1.371111111111111003e-01
1.371111111111111003e-01
1.373333333333333350e-01
1.377777777777777768e-01
1.377777777777777768e-01
1.384444444444444533e-01
1.384444444444444533e-01
1.391111111111111021e-01
1.395555555555555438e-01
1.395555555555555438e-01
1.397777777777777786e-01
1.397777777777777786e-01
1.397777777777777786e-01
1.397777777777777786e-01
1.411111111111111038e-01
1.411111111111111038e-01
1.413333333333333386e-01
1.422222222222222221e-01
1.422222222222222221e-01
1.424444444444444569e-01
1.424444444444444569e-01
1.426666666666666639e-01
1.426666666666666639e-01
1.428888888888888986e-01
1.428888888888888986e-01
1.431111111111111056e-01
1.431111111111111056e-01
1.433333333333333404e-01
1.433333333333333404e-01
1.437777777777777821e-01
1.437777777777777821e-01
1.442222222222222239e-01
1.453333333333333421e-01
1.453333333333333421e-01
1.457777777777777839e-01
1.459999999999999909e-01
1.459999999999999909e-01
1.464444444444444327e-01
1.468888888888889022e-01
1.468888888888889022e-01
1.475555555555555509e-01
1.475555555555555509e-01
1.479999999999999927e-01
1.484444444444444344e-01
1.484444444444444344e-01
1.488888888888888762e-01
1.488888888888888762e-01
1.491111111111111109e-01
1.491111111111111109e-01
1.495555555555555527e-01
1.495555555555555527e-01
1.497777777777777874e-01
1.497777777777777874e-01
1.499999999999999944e-01
1.506666666666666710e-01
1.513333333333333197e-01
1.513333333333333197e-01
1.517777777777777892e-01
1.522222222222222310e-01
1.528888888888888797e-01
1.528888888888888797e-01
1.533333333333333215e-01
1.533333333333333215e-01
1.537777777777777910e-01
1.539999999999999980e-01
1.539999999999999980e-01
1.542222222222222328e-01
1.542222222222222328e-01
1.544444444444444398e-01
1.544444444444444398e-01
1.546666666666666745e-01
1.546666666666666745e-01
1.551111111111111163e-01
1.551111111111111163e-01
1.553333333333333233e-01
1.553333333333333233e-01
1.559999999999999998e-01
1.564444444444444415e-01
1.566666666666666763e-01
1.566666666666666763e-01
1.571111111111111180e-01
1.575555555555555598e-01
1.580000000000000016e-01
1.580000000000000016e-01
1.582222222222222086e-01
1.582222222222222086e-01
1.588888888888888851e-01
1.588888888888888851e-01
1.591111111111111198e-01
1.591111111111111198e-01
1.595555555555555616e-01
1.595555555555555616e-01
1.597777777777777686e-01
1.597777777777777686e-01
1.597777777777777686e-01
1.597777777777777686e-01
1.602222222222222103e-01
1.602222222222222103e-01
1.606666666666666798e-01
1.606666666666666798e-01
1.608888888888888868e-01
1.608888888888888868e-01
1.611111111111111216e-01
1.611111111111111216e-01
1.613333333333333286e-01
1.613333333333333286e-01
1.622222222222222121e-01
1.622222222222222121e-01
1.624444444444444469e-01
1.624444444444444469e-01
1.628888888888888886e-01
1.628888888888888886e-01
1.631111111111111234e-01
1.631111111111111234e-01
1.633333333333333304e-01
1.633333333333333304e-01
1.640000000000000069e-01
1.640000000000000069e-01
1.642222222222222139e-01
1.646666666666666556e-01
1.653333333333333321e-01
1.653333333333333321e-01
1.657777777777777739e-01
1.657777777777777739e-01
1.664444444444444504e-01
1.668888888888888922e-01
1.668888888888888922e-01
1.671111111111110992e-01
1.671111111111110992e-01
1.671111111111110992e-01
1.675555555555555687e-01
1.675555555555555687e-01
1.677777777777777757e-01
1.677777777777777757e-01
1.680000000000000104e-01
1.680000000000000104e-01
1.682222222222222174e-01
1.682222222222222174e-01
1.686666666666666592e-01
1.686666666666666592e-01
1.691111111111111009e-01
1.695555555555555427e-01
1.695555555555555427e-01
1.697777777777777775e-01
1.697777777777777775e-01
1.702222222222222192e-01
1.702222222222222192e-01
1.704444444444444540e-01
1.704444444444444540e-01
1.708888888888888957e-01
1.708888888888888957e-01
1.713333333333333375e-01
1.713333333333333375e-01
1.713333333333333375e-01
1.713333333333333375e-01
1.715555555555555445e-01
1.715555555555555445e-01
1.719999999999999862e-01
1.719999999999999862e-01
1.724444444444444557e-01
1.724444444444444557e-01
1.726666666666666627e-01
1.726666666666666627e-01
1.731111111111111045e-01
1.735555555555555463e-01
1.735555555555555463e-01
1.737777777777777810e-01
1.737777777777777810e-01
1.739999999999999880e-01
1.739999999999999880e-01
1.748888888888888993e-01
1.748888888888888993e-01
1.751111111111111063e-01
1.759999999999999898e-01
1.759999999999999898e-01
1.771111111111111081e-01
1.775555555555555498e-01
1.779999999999999916e-01
1.779999999999999916e-01
1.782222222222222263e-01
1.782222222222222263e-01
1.786666666666666681e-01
1.786666666666666681e-01
1.788888888888888751e-01
1.788888888888888751e-01
1.791111111111111098e-01
1.791111111111111098e-01
1.795555555555555516e-01
1.795555555555555516e-01
1.817777777777777881e-01
1.824444444444444369e-01
1.824444444444444369e-01
1.826666666666666716e-01
1.826666666666666716e-01
1.828888888888888786e-01
1.846666666666666734e-01
1.853333333333333222e-01
1.853333333333333222e-01
1.859999999999999987e-01
1.864444444444444404e-01
1.864444444444444404e-01
1.871111111111111169e-01
1.875555555555555587e-01
1.877777777777777657e-01
1.882222222222222352e-01
1.884444444444444422e-01
1.884444444444444422e-01
1.886666666666666770e-01
1.886666666666666770e-01
1.891111111111111187e-01
1.891111111111111187e-01
1.893333333333333257e-01
1.893333333333333257e-01
1.895555555555555605e-01
1.895555555555555605e-01
1.897777777777777675e-01
1.897777777777777675e-01
1.902222222222222092e-01
1.902222222222222092e-01
1.908888888888888857e-01
1.908888888888888857e-01
1.908888888888888857e-01
1.908888888888888857e-01
1.911111111111111205e-01
1.911111111111111205e-01
1.920000000000000040e-01
1.920000000000000040e-01
1.922222222222222110e-01
1.922222222222222110e-01
1.926666666666666805e-01
1.926666666666666805e-01
1.928888888888888875e-01
1.928888888888888875e-01
1.928888888888888875e-01
1.928888888888888875e-01
1.928888888888888875e-01
1.928888888888888875e-01
1.928888888888888875e-01
1.931111111111111223e-01
1.931111111111111223e-01
1.935555555555555640e-01
1.935555555555555640e-01
1.944444444444444475e-01
1.944444444444444475e-01
1.946666666666666545e-01
1.946666666666666545e-01
1.948888888888888893e-01
1.948888888888888893e-01
1.955555555555555658e-01
1.955555555555555658e-01
1.962222222222222145e-01
1.962222222222222145e-01
1.971111111111110981e-01
1.971111111111110981e-01
1.971111111111110981e-01
1.973333333333333328e-01
1.973333333333333328e-01
1.975555555555555676e-01
1.975555555555555676e-01
1.980000000000000093e-01
1.986666666666666581e-01
1.986666666666666581e-01
1.991111111111110998e-01
1.991111111111110998e-01
1.993333333333333346e-01
1.993333333333333346e-01
1.997777777777777763e-01
1.997777777777777763e-01
2.002222222222222181e-01
2.004444444444444529e-01
2.004444444444444529e-01
2.006666666666666599e-01
2.006666666666666599e-01
2.013333333333333364e-01
2.013333333333333364e-01
2.013333333333333364e-01
2.013333333333333364e-01
2.015555555555555434e-01
2.020000000000000129e-01
2.024444444444444546e-01
2.024444444444444546e-01
2.031111111111111034e-01
2.031111111111111034e-01
2.035555555555555451e-01
2.035555555555555451e-01
2.039999999999999869e-01
2.039999999999999869e-01
2.042222222222222217e-01
2.042222222222222217e-01
2.042222222222222217e-01
2.053333333333333399e-01
2.053333333333333399e-01
2.059999999999999887e-01
2.059999999999999887e-01
2.062222222222222234e-01
2.062222222222222234e-01
2.068888888888888999e-01
2.075555555555555487e-01
2.077777777777777835e-01
2.077777777777777835e-01
2.079999999999999905e-01
2.079999999999999905e-01
2.088888888888889017e-01
2.088888888888889017e-01
2.097777777777777852e-01
2.097777777777777852e-01
2.111111111111111105e-01
2.111111111111111105e-01
2.113333333333333452e-01
2.113333333333333452e-01
2.115555555555555522e-01
2.115555555555555522e-01
2.117777777777777870e-01
2.117777777777777870e-01
2.122222222222222288e-01
2.126666666666666705e-01
2.128888888888888775e-01
2.128888888888888775e-01
2.133333333333333470e-01
2.133333333333333470e-01
2.135555555555555540e-01
2.135555555555555540e-01
2.137777777777777888e-01
2.137777777777777888e-01
2.139999999999999958e-01
2.144444444444444375e-01
2.144444444444444375e-01
2.146666666666666723e-01
2.146666666666666723e-01
2.151111111111111140e-01
2.151111111111111140e-01
2.159999999999999976e-01
2.159999999999999976e-01
2.162222222222222323e-01
2.162222222222222323e-01
2.164444444444444393e-01
2.175555555555555576e-01
2.175555555555555576e-01
2.175555555555555576e-01
2.177777777777777646e-01
2.182222222222222341e-01
2.184444444444444411e-01
2.186666666666666758e-01
2.195555555555555594e-01
2.195555555555555594e-01
2.197777777777777664e-01
2.197777777777777664e-01
2.197777777777777664e-01
2.200000000000000011e-01
2.200000000000000011e-01
2.202222222222222359e-01
2.202222222222222359e-01
2.204444444444444429e-01
2.206666666666666776e-01
2.206666666666666776e-01
2.215555555555555611e-01
2.215555555555555611e-01
2.217777777777777681e-01
2.217777777777777681e-01
2.220000000000000029e-01
2.220000000000000029e-01
2.228888888888888864e-01
2.228888888888888864e-01
2.228888888888888864e-01
2.235555555555555629e-01
2.235555555555555629e-01
2.242222222222222117e-01
2.242222222222222117e-01
2.253333333333333299e-01
2.260000000000000064e-01
2.260000000000000064e-01
2.262222222222222134e-01
2.262222222222222134e-01
2.268888888888888899e-01
2.273333333333333317e-01
2.275555555555555665e-01
2.275555555555555665e-01
2.288888888888888917e-01
2.295555555555555682e-01
2.304444444444444517e-01
2.306666666666666587e-01
2.306666666666666587e-01
2.315555555555555423e-01
2.317777777777777770e-01
2.317777777777777770e-01
2.326666666666666605e-01
2.326666666666666605e-01
2.331111111111111023e-01
2.331111111111111023e-01
2.337777777777777788e-01
2.337777777777777788e-01
2.344444444444444553e-01
2.346666666666666623e-01
2.346666666666666623e-01
2.355555555555555458e-01
2.359999999999999876e-01
2.359999999999999876e-01
2.362222222222222223e-01
2.362222222222222223e-01
2.366666666666666641e-01
2.366666666666666641e-01
2.368888888888888988e-01
2.368888888888888988e-01
2.375555555555555476e-01
2.375555555555555476e-01
2.375555555555555476e-01
2.375555555555555476e-01
2.379999999999999893e-01
2.379999999999999893e-01
2.382222222222222241e-01
2.382222222222222241e-01
2.384444444444444311e-01
2.384444444444444311e-01
2.388888888888889006e-01
2.388888888888889006e-01
2.391111111111111076e-01
2.391111111111111076e-01
2.393333333333333424e-01
2.397777777777777841e-01
2.402222222222222259e-01
2.402222222222222259e-01
2.408888888888889024e-01
2.408888888888889024e-01
2.417777777777777859e-01
2.417777777777777859e-01
2.424444444444444346e-01
2.424444444444444346e-01
2.431111111111111112e-01
2.431111111111111112e-01
2.437777777777777877e-01
2.442222222222222294e-01
2.444444444444444364e-01
2.444444444444444364e-01
2.446666666666666712e-01
2.451111111111111129e-01
2.453333333333333199e-01
2.453333333333333199e-01
2.457777777777777894e-01
2.457777777777777894e-01
2.459999999999999964e-01
2.466666666666666730e-01
2.468888888888888800e-01
2.468888888888888800e-01
2.471111111111111147e-01
2.471111111111111147e-01
2.473333333333333217e-01
2.473333333333333217e-01
2.491111111111111165e-01
2.493333333333333235e-01
2.497777777777777652e-01
2.502222222222222348e-01
2.502222222222222348e-01
2.504444444444444695e-01
2.504444444444444695e-01
2.513333333333333530e-01
2.513333333333333530e-01
2.517777777777777670e-01
2.517777777777777670e-01
2.517777777777777670e-01
2.520000000000000018e-01
2.520000000000000018e-01
2.520000000000000018e-01
2.520000000000000018e-01
2.522222222222222365e-01
2.522222222222222365e-01
2.537777777777777688e-01
2.537777777777777688e-01
2.542222222222222383e-01
2.542222222222222383e-01
2.546666666666666523e-01
2.551111111111111218e-01
2.555555555555555358e-01
2.555555555555555358e-01
2.557777777777777706e-01
2.557777777777777706e-01
2.562222222222222401e-01
2.566666666666666541e-01
2.568888888888888888e-01
2.568888888888888888e-01
2.568888888888888888e-01
2.577777777777777724e-01
2.591111111111111254e-01
2.591111111111111254e-01
2.606666666666666576e-01
2.606666666666666576e-01
2.608888888888888924e-01
2.608888888888888924e-01
2.615555555555555411e-01
2.615555555555555411e-01
2.624444444444444247e-01
2.624444444444444247e-01
2.626666666666666594e-01
2.626666666666666594e-01
2.631111111111111289e-01
2.633333333333333082e-01
2.633333333333333082e-01
2.637777777777777777e-01
2.637777777777777777e-01
2.642222222222222472e-01
2.651111111111111307e-01
2.651111111111111307e-01
2.653333333333333099e-01
2.653333333333333099e-01
2.666666666666666630e-01
2.671111111111111325e-01
2.677777777777777812e-01
2.677777777777777812e-01
2.680000000000000160e-01
2.680000000000000160e-01
2.684444444444444300e-01
2.684444444444444300e-01
2.688888888888888995e-01
2.691111111111111343e-01
2.691111111111111343e-01
2.697777777777777830e-01
2.697777777777777830e-01
2.706666666666666665e-01
2.706666666666666665e-01
2.711111111111111360e-01
2.715555555555555500e-01
2.715555555555555500e-01
2.720000000000000195e-01
2.720000000000000195e-01
2.722222222222221988e-01
2.726666666666666683e-01
2.726666666666666683e-01
2.728888888888889031e-01
2.728888888888889031e-01
2.762222222222222023e-01
2.762222222222222023e-01
2.775555555555555554e-01
2.775555555555555554e-01
2.777777777777777901e-01
2.777777777777777901e-01
2.788888888888889084e-01
2.788888888888889084e-01
2.795555555555555571e-01
2.795555555555555571e-01
2.802222222222222059e-01
2.802222222222222059e-01
2.806666666666666754e-01
2.806666666666666754e-01
2.813333333333333242e-01
2.813333333333333242e-01
2.817777777777777937e-01
2.817777777777777937e-01
2.837777777777777954e-01
2.844444444444444442e-01
2.848888888888889137e-01
2.848888888888889137e-01
2.855555555555555625e-01
2.864444444444444460e-01
2.864444444444444460e-01
2.877777777777777990e-01
2.877777777777777990e-01
2.895555555555555660e-01
2.899999999999999800e-01
2.904444444444444495e-01
2.911111111111110983e-01
2.913333333333333330e-01
2.913333333333333330e-01
2.924444444444444513e-01
2.924444444444444513e-01
2.928888888888888653e-01
2.931111111111111001e-01
2.931111111111111001e-01
2.935555555555555696e-01
2.935555555555555696e-01
2.942222222222222183e-01
2.942222222222222183e-01
2.944444444444444531e-01
2.944444444444444531e-01
2.955555555555555713e-01
2.955555555555555713e-01
2.959999999999999853e-01
2.979999999999999871e-01
2.979999999999999871e-01
2.982222222222222219e-01
3.011111111111111072e-01
3.017777777777777559e-01
3.024444444444444602e-01
3.033333333333333437e-01
3.033333333333333437e-01
3.037777777777777577e-01
3.037777777777777577e-01
3.042222222222222272e-01
3.042222222222222272e-01
3.046666666666666412e-01
3.046666666666666412e-01
3.048888888888888760e-01
3.057777777777777595e-01
3.062222222222222290e-01
3.062222222222222290e-01
3.064444444444444637e-01
3.064444444444444637e-01
3.071111111111111125e-01
3.079999999999999960e-01
3.084444444444444655e-01
3.088888888888888795e-01
3.088888888888888795e-01
3.093333333333333490e-01
3.102222222222222325e-01
3.119999999999999996e-01
3.128888888888888831e-01
3.128888888888888831e-01
3.135555555555555318e-01
3.135555555555555318e-01
3.146666666666666501e-01
3.151111111111111196e-01
3.153333333333333544e-01
3.157777777777777684e-01
3.162222222222222379e-01
3.173333333333333561e-01
3.180000000000000049e-01
3.184444444444444189e-01
3.188888888888888884e-01
3.193333333333333579e-01
3.195555555555555372e-01
3.195555555555555372e-01
3.202222222222222414e-01
3.206666666666666554e-01
3.213333333333333597e-01
3.213333333333333597e-01
3.224444444444444224e-01
3.224444444444444224e-01
3.226666666666666572e-01
3.233333333333333059e-01
3.235555555555555407e-01
3.235555555555555407e-01
3.244444444444444242e-01
3.268888888888888955e-01
3.286666666666666625e-01
3.291111111111111320e-01
3.297777777777777808e-01
3.297777777777777808e-01
3.300000000000000155e-01
3.306666666666666643e-01
3.311111111111111338e-01
3.311111111111111338e-01
3.340000000000000191e-01
3.344444444444444331e-01
3.348888888888889026e-01
3.348888888888889026e-01
3.355555555555555514e-01
3.360000000000000209e-01
3.362222222222222001e-01
3.362222222222222001e-01
3.371111111111110836e-01
3.375555555555555531e-01
3.375555555555555531e-01
3.393333333333333202e-01
3.400000000000000244e-01
3.400000000000000244e-01
3.406666666666666732e-01
3.422222222222222054e-01
3.422222222222222054e-01
3.426666666666666750e-01
3.426666666666666750e-01
3.431111111111110890e-01
3.462222222222222090e-01
3.462222222222222090e-01
3.468888888888889133e-01
3.473333333333333273e-01
3.477777777777777968e-01
3.477777777777777968e-01
3.479999999999999760e-01
3.479999999999999760e-01
3.488888888888889150e-01
3.488888888888889150e-01
3.491111111111110943e-01
3.491111111111110943e-01
3.493333333333333290e-01
3.493333333333333290e-01
3.497777777777777986e-01
3.497777777777777986e-01
3.499999999999999778e-01
3.504444444444444473e-01
3.508888888888888613e-01
3.517777777777778003e-01
3.517777777777778003e-01
3.522222222222222143e-01
3.522222222222222143e-01
3.531111111111110978e-01
3.535555555555555673e-01
3.542222222222222161e-01
3.553333333333333344e-01
3.557777777777778039e-01
3.557777777777778039e-01
3.559999999999999831e-01
3.559999999999999831e-01
3.564444444444444526e-01
3.571111111111111014e-01
3.579999999999999849e-01
3.579999999999999849e-01
3.582222222222222197e-01
3.586666666666666892e-01
3.593333333333333379e-01
3.593333333333333379e-01
3.597777777777777519e-01
3.611111111111111049e-01
3.611111111111111049e-01
3.619999999999999885e-01
3.619999999999999885e-01
3.628888888888888720e-01
3.635555555555555762e-01
3.635555555555555762e-01
3.642222222222222250e-01
3.648888888888888737e-01
3.666666666666666408e-01
3.675555555555555798e-01
3.675555555555555798e-01
3.684444444444444633e-01
3.702222222222222303e-01
3.704444444444444651e-01
3.704444444444444651e-01
3.708888888888888791e-01
3.708888888888888791e-01
3.711111111111111138e-01
3.711111111111111138e-01
3.728888888888888808e-01
3.744444444444444686e-01
3.748888888888888826e-01
3.751111111111111174e-01
3.751111111111111174e-01
3.760000000000000009e-01
3.764444444444444704e-01
3.764444444444444704e-01
3.777777777777777679e-01
3.786666666666666514e-01
3.788888888888888862e-01
3.793333333333333557e-01
3.795555555555555349e-01
3.795555555555555349e-01
3.800000000000000044e-01
3.800000000000000044e-01
3.802222222222222392e-01
3.806666666666666532e-01
3.815555555555555367e-01
3.815555555555555367e-01
3.820000000000000062e-01
3.820000000000000062e-01
3.824444444444444202e-01
3.828888888888888897e-01
3.828888888888888897e-01
3.833333333333333592e-01
3.833333333333333592e-01
3.840000000000000080e-01
3.840000000000000080e-01
3.842222222222222427e-01
3.842222222222222427e-01
3.844444444444444220e-01
3.844444444444444220e-01
3.846666666666666567e-01
3.846666666666666567e-01
3.851111111111111263e-01
3.857777777777777750e-01
3.857777777777777750e-01
3.857777777777777750e-01
3.857777777777777750e-01
3.864444444444444238e-01
3.864444444444444238e-01
3.866666666666666585e-01
3.866666666666666585e-01
3.868888888888888933e-01
3.868888888888888933e-01
3.871111111111111280e-01
3.875555555555555420e-01
3.880000000000000115e-01
3.886666666666666603e-01
3.888888888888888951e-01
3.895555555555555438e-01
3.908888888888888968e-01
3.908888888888888968e-01
3.908888888888888968e-01
3.915555555555555456e-01
3.920000000000000151e-01
3.920000000000000151e-01
3.922222222222222499e-01
3.928888888888888986e-01
3.940000000000000169e-01
3.942222222222221961e-01
3.942222222222221961e-01
3.955555555555555491e-01
3.955555555555555491e-01
3.960000000000000187e-01
3.968888888888889022e-01
3.973333333333333162e-01
3.973333333333333162e-01
3.975555555555555509e-01
3.980000000000000204e-01
3.980000000000000204e-01
3.984444444444444344e-01
3.984444444444444344e-01
3.991111111111111387e-01
3.995555555555555527e-01
3.995555555555555527e-01
3.997777777777777874e-01
3.997777777777777874e-01
4.002222222222222014e-01
4.006666666666666710e-01
4.011111111111110850e-01
4.020000000000000240e-01
4.020000000000000240e-01
4.024444444444444380e-01
4.033333333333333215e-01
4.033333333333333215e-01
4.035555555555555562e-01
4.040000000000000258e-01
4.042222222222222050e-01
4.051111111111110885e-01
4.060000000000000275e-01
4.060000000000000275e-01
4.066666666666666763e-01
4.066666666666666763e-01
4.082222222222222086e-01
4.082222222222222086e-01
4.084444444444444433e-01
4.084444444444444433e-01
4.093333333333333268e-01
4.099999999999999756e-01
4.102222222222222103e-01
4.117777777777777981e-01
4.124444444444444469e-01
4.137777777777777999e-01
4.137777777777777999e-01
4.146666666666666834e-01
4.151111111111110974e-01
4.157777777777778017e-01
4.162222222222222157e-01
4.162222222222222157e-01
4.171111111111110992e-01
4.171111111111110992e-01
4.179999999999999827e-01
4.179999999999999827e-01
4.182222222222222174e-01
4.182222222222222174e-01
4.186666666666666869e-01
4.193333333333333357e-01
4.197777777777778052e-01
4.197777777777778052e-01
4.202222222222222192e-01
4.208888888888888680e-01
4.213333333333333375e-01
4.213333333333333375e-01
4.219999999999999862e-01
4.224444444444444557e-01
4.224444444444444557e-01
4.226666666666666905e-01
4.264444444444444593e-01
4.322222222222222299e-01
4.375555555555555309e-01
4.380000000000000004e-01
4.384444444444444700e-01
4.384444444444444700e-01
4.386666666666666492e-01
4.386666666666666492e-01
4.391111111111111187e-01
4.395555555555555327e-01
4.404444444444444717e-01
4.406666666666666510e-01
4.411111111111111205e-01
4.413333333333333552e-01
4.417777777777777692e-01
4.417777777777777692e-01
4.435555555555555363e-01
4.435555555555555363e-01
4.440000000000000058e-01
4.453333333333333588e-01
4.460000000000000075e-01
4.464444444444444215e-01
4.475555555555555398e-01
4.480000000000000093e-01
4.484444444444444233e-01
4.484444444444444233e-01
4.486666666666666581e-01
4.486666666666666581e-01
4.502222222222222459e-01
4.506666666666666599e-01
4.506666666666666599e-01
4.511111111111111294e-01
4.535555555555555451e-01
4.537777777777777799e-01
4.544444444444444287e-01
4.544444444444444287e-01
4.548888888888888982e-01
4.548888888888888982e-01
4.551111111111111329e-01
4.551111111111111329e-01
4.560000000000000164e-01
4.560000000000000164e-01
4.566666666666666652e-01
4.571111111111111347e-01
4.577777777777777835e-01
4.577777777777777835e-01
4.582222222222221975e-01
4.582222222222221975e-01
4.586666666666666670e-01
4.586666666666666670e-01
4.588888888888889017e-01
4.588888888888889017e-01
4.591111111111111365e-01
4.595555555555555505e-01
4.595555555555555505e-01
4.600000000000000200e-01
4.602222222222221992e-01
4.615555555555555522e-01
4.633333333333333193e-01
4.633333333333333193e-01
4.640000000000000235e-01
4.644444444444444375e-01
4.653333333333333210e-01
4.660000000000000253e-01
4.664444444444444393e-01
4.664444444444444393e-01
4.677777777777777923e-01
4.677777777777777923e-01
4.686666666666666758e-01
4.693333333333333246e-01
4.697777777777777941e-01
4.704444444444444429e-01
4.708888888888889124e-01
4.717777777777777959e-01
4.724444444444444446e-01
4.726666666666666794e-01
4.726666666666666794e-01
4.731111111111110934e-01
4.731111111111110934e-01
4.744444444444444464e-01
4.744444444444444464e-01
4.746666666666666812e-01
4.746666666666666812e-01
4.748888888888889159e-01
4.755555555555555647e-01
4.768888888888888622e-01
4.773333333333333317e-01
4.773333333333333317e-01
4.777777777777778012e-01
4.788888888888888640e-01
4.793333333333333335e-01
4.799999999999999822e-01
4.811111111111111005e-01
4.811111111111111005e-01
4.817777777777778048e-01
4.817777777777778048e-01
4.828888888888888675e-01
4.833333333333333370e-01
4.833333333333333370e-01
4.851111111111111041e-01
4.857777777777777528e-01
4.862222222222222223e-01
4.882222222222222241e-01
4.886666666666666936e-01
4.891111111111111076e-01
4.891111111111111076e-01
4.895555555555555771e-01
4.897777777777777564e-01
4.904444444444444606e-01
4.911111111111111094e-01
4.915555555555555789e-01
4.924444444444444624e-01
4.933333333333333459e-01
4.935555555555555807e-01
4.939999999999999947e-01
4.942222222222222294e-01
4.942222222222222294e-01
4.946666666666666434e-01
4.946666666666666434e-01
4.948888888888888782e-01
4.948888888888888782e-01
4.957777777777777617e-01
4.957777777777777617e-01
4.966666666666666452e-01
4.966666666666666452e-01
4.975555555555555287e-01
4.975555555555555287e-01
4.986666666666666470e-01
5.000000000000000000e-01
5.008888888888889390e-01
5.013333333333332975e-01
5.020000000000000018e-01
5.020000000000000018e-01
5.024444444444444713e-01
5.026666666666667060e-01
5.040000000000000036e-01
5.042222222222222383e-01
5.042222222222222383e-01
5.044444444444444731e-01
5.091111111111110699e-01
5.104444444444444784e-01
5.108888888888888369e-01
5.122222222222222454e-01
5.122222222222222454e-01
5.124444444444444802e-01
5.124444444444444802e-01
5.126666666666667149e-01
5.135555555555555429e-01
5.142222222222222472e-01
5.142222222222222472e-01
5.153333333333333099e-01
5.157777777777777795e-01
5.166666666666667185e-01
5.175555555555555465e-01
5.182222222222222507e-01
5.182222222222222507e-01
5.188888888888888440e-01
5.193333333333333135e-01
5.200000000000000178e-01
5.200000000000000178e-01
5.206666666666667220e-01
5.213333333333333153e-01
5.220000000000000195e-01
5.231111111111110823e-01
5.237777777777777866e-01
5.237777777777777866e-01
5.244444444444444908e-01
5.248888888888888493e-01
5.251111111111110841e-01
5.255555555555555536e-01
5.257777777777777883e-01
5.257777777777777883e-01
5.262222222222222578e-01
5.262222222222222578e-01
5.264444444444444926e-01
5.264444444444444926e-01
5.268888888888888511e-01
5.273333333333333206e-01
5.280000000000000249e-01
5.286666666666666181e-01
5.288888888888888529e-01
5.293333333333333224e-01
5.295555555555555571e-01
5.295555555555555571e-01
5.300000000000000266e-01
5.302222222222222614e-01
5.308888888888888546e-01
5.322222222222222632e-01
5.326666666666666217e-01
5.328888888888888564e-01
5.333333333333333259e-01
5.335555555555555607e-01
5.340000000000000302e-01
5.346666666666666234e-01
5.346666666666666234e-01
5.353333333333333277e-01
5.360000000000000320e-01
5.362222222222222667e-01
5.366666666666666252e-01
5.386666666666666270e-01
5.391111111111110965e-01
5.391111111111110965e-01
5.400000000000000355e-01
5.404444444444443940e-01
5.408888888888888635e-01
5.415555555555555678e-01
5.428888888888888653e-01
5.428888888888888653e-01
5.433333333333333348e-01
5.437777777777778043e-01
5.440000000000000391e-01
5.440000000000000391e-01
5.448888888888888671e-01
5.453333333333333366e-01
5.455555555555555713e-01
5.455555555555555713e-01
5.464444444444443993e-01
5.464444444444443993e-01
5.471111111111111036e-01
5.471111111111111036e-01
5.480000000000000426e-01
5.500000000000000444e-01
5.515555555555555767e-01
5.520000000000000462e-01
5.520000000000000462e-01
5.520000000000000462e-01
5.522222222222221699e-01
5.522222222222221699e-01
5.528888888888888742e-01
5.531111111111111089e-01
5.546666666666666412e-01
5.551111111111111107e-01
5.571111111111111125e-01
5.575555555555555820e-01
5.600000000000000533e-01
5.604444444444444118e-01
5.604444444444444118e-01
5.606666666666666465e-01
5.613333333333333508e-01
5.617777777777778203e-01
5.620000000000000551e-01
5.624444444444444136e-01
5.626666666666666483e-01
5.633333333333333526e-01
5.633333333333333526e-01
5.637777777777778221e-01
5.642222222222221806e-01
5.642222222222221806e-01
5.644444444444444153e-01
5.662222222222221824e-01
5.677777777777778256e-01
5.677777777777778256e-01
5.682222222222221841e-01
5.682222222222221841e-01
5.682222222222221841e-01
5.691111111111111232e-01
5.691111111111111232e-01
5.693333333333333579e-01
5.697777777777778274e-01
5.699999999999999512e-01
5.699999999999999512e-01
5.699999999999999512e-01
5.711111111111111249e-01
5.711111111111111249e-01
5.722222222222221877e-01
5.733333333333333615e-01
5.737777777777778310e-01
5.746666666666666590e-01
5.746666666666666590e-01
5.748888888888888937e-01
5.748888888888888937e-01
5.753333333333333632e-01
5.753333333333333632e-01
5.755555555555555980e-01
5.759999999999999565e-01
5.771111111111111303e-01
5.775555555555555998e-01
5.788888888888888973e-01
5.788888888888888973e-01
5.791111111111111320e-01
5.791111111111111320e-01
5.795555555555556015e-01
5.795555555555556015e-01
5.799999999999999600e-01
5.804444444444444295e-01
5.804444444444444295e-01
5.813333333333333686e-01
5.813333333333333686e-01
5.815555555555556033e-01
5.819999999999999618e-01
5.819999999999999618e-01
5.822222222222221966e-01
5.822222222222221966e-01
5.866666666666666696e-01
5.882222222222222019e-01
5.884444444444444366e-01
5.884444444444444366e-01
5.886666666666666714e-01
5.888888888888889062e-01
5.891111111111111409e-01
5.895555555555556104e-01
5.922222222222222054e-01
5.922222222222222054e-01
5.924444444444444402e-01
5.928888888888889097e-01
5.935555555555555030e-01
5.942222222222222072e-01
5.942222222222222072e-01
5.944444444444444420e-01
5.971111111111111480e-01
5.977777777777777413e-01
5.977777777777777413e-01
5.986666666666666803e-01
5.986666666666666803e-01
5.991111111111111498e-01
5.995555555555555083e-01
5.997777777777777430e-01
5.997777777777777430e-01
6.002222222222222126e-01
6.002222222222222126e-01
6.006666666666666821e-01
6.008888888888889168e-01
6.013333333333333863e-01
6.022222222222222143e-01
6.022222222222222143e-01
6.028888888888889186e-01
6.044444444444444509e-01
6.093333333333332824e-01
6.095555555555555172e-01
6.099999999999999867e-01
6.106666666666666909e-01
6.106666666666666909e-01
6.113333333333332842e-01
6.119999999999999885e-01
6.119999999999999885e-01
6.153333333333332877e-01
6.371111111111110725e-01
6.480000000000000204e-01
6.484444444444444899e-01
6.488888888888888484e-01
6.497777777777777874e-01
6.500000000000000222e-01
6.500000000000000222e-01
6.502222222222222570e-01
6.506666666666666154e-01
6.513333333333333197e-01
6.531111111111110867e-01
6.537777777777777910e-01
6.537777777777777910e-01
6.540000000000000258e-01
6.548888888888888538e-01
6.557777777777777928e-01
6.557777777777777928e-01
6.571111111111110903e-01
6.571111111111110903e-01
6.577777777777777946e-01
6.588888888888888573e-01
6.593333333333333268e-01
6.611111111111110938e-01
6.611111111111110938e-01
6.622222222222222676e-01
6.622222222222222676e-01
6.631111111111110956e-01
6.635555555555555651e-01
6.640000000000000346e-01
6.640000000000000346e-01
6.642222222222222694e-01
6.651111111111110974e-01
6.651111111111110974e-01
6.655555555555555669e-01
6.664444444444443949e-01
6.664444444444443949e-01
6.666666666666666297e-01
6.671111111111110992e-01
6.671111111111110992e-01
6.677777777777778034e-01
6.677777777777778034e-01
6.693333333333333357e-01
6.697777777777778052e-01
6.697777777777778052e-01
6.700000000000000400e-01
6.706666666666666332e-01
6.706666666666666332e-01
6.708888888888888680e-01
6.708888888888888680e-01
6.711111111111111027e-01
6.711111111111111027e-01
6.715555555555555722e-01
6.715555555555555722e-01
6.717777777777778070e-01
6.722222222222222765e-01
6.724444444444444002e-01
6.724444444444444002e-01
6.728888888888888697e-01
6.728888888888888697e-01
6.733333333333333393e-01
6.737777777777778088e-01
6.737777777777778088e-01
6.740000000000000435e-01
6.746666666666666368e-01
6.753333333333333410e-01
6.762222222222221690e-01
6.764444444444444038e-01
6.771111111111111081e-01
6.777777777777778123e-01
6.784444444444444056e-01
6.786666666666666403e-01
6.797777777777778141e-01
6.806666666666666421e-01
6.806666666666666421e-01
6.817777777777778159e-01
6.828888888888888786e-01
6.837777777777778176e-01
6.842222222222221761e-01
6.906666666666666510e-01
6.924444444444444180e-01
6.935555555555555918e-01
6.937777777777778265e-01
6.942222222222221850e-01
6.948888888888888893e-01
6.955555555555555935e-01
6.964444444444444215e-01
6.968888888888888911e-01
6.993333333333333623e-01
6.995555555555555971e-01
7.002222222222221903e-01
7.011111111111111294e-01
7.011111111111111294e-01
7.013333333333333641e-01
7.017777777777777226e-01
7.035555555555556007e-01
7.039999999999999591e-01
7.042222222222221939e-01
7.046666666666666634e-01
7.048888888888888982e-01
7.186666666666666758e-01
7.226666666666666794e-01
7.233333333333333837e-01
7.237777777777777422e-01
7.237777777777777422e-01
7.239999999999999769e-01
7.244444444444444464e-01
7.246666666666666812e-01
7.251111111111111507e-01
7.266666666666666829e-01
7.268888888888889177e-01
7.268888888888889177e-01
7.271111111111111525e-01
7.271111111111111525e-01
7.275555555555555109e-01
7.279999999999999805e-01
7.315555555555555145e-01
7.317777777777777493e-01
7.344444444444444553e-01
7.351111111111111596e-01
7.366666666666666918e-01
7.371111111111111613e-01
7.371111111111111613e-01
7.373333333333332851e-01
7.373333333333332851e-01
7.377777777777777546e-01
7.377777777777777546e-01
7.382222222222222241e-01
7.386666666666666936e-01
7.391111111111111631e-01
7.391111111111111631e-01
7.397777777777777564e-01
7.411111111111111649e-01
7.415555555555555234e-01
7.428888888888889319e-01
7.433333333333332904e-01
7.437777777777777599e-01
7.439999999999999947e-01
7.444444444444444642e-01
7.459999999999999964e-01
7.497777777777777652e-01
7.502222222222222348e-01
7.506666666666667043e-01
7.506666666666667043e-01
7.508888888888889390e-01
7.508888888888889390e-01
7.511111111111110628e-01
7.511111111111110628e-01
7.515555555555555323e-01
7.520000000000000018e-01
7.520000000000000018e-01
7.522222222222222365e-01
7.522222222222222365e-01
7.531111111111110645e-01
7.531111111111110645e-01
7.535555555555555340e-01
7.540000000000000036e-01
7.540000000000000036e-01
7.548888888888889426e-01
7.553333333333333011e-01
7.584444444444444766e-01
7.602222222222222436e-01
7.604444444444444784e-01
7.628888888888888387e-01
7.642222222222222472e-01
7.646666666666667167e-01
7.648888888888888404e-01
7.666666666666667185e-01
7.673333333333333117e-01
7.682222222222222507e-01
7.691111111111110787e-01
7.691111111111110787e-01
7.700000000000000178e-01
7.864444444444443905e-01
7.866666666666666252e-01
7.911111111111110983e-01
7.913333333333333330e-01
7.913333333333333330e-01
7.920000000000000373e-01
7.933333333333333348e-01
7.937777777777778043e-01
7.973333333333333384e-01
7.980000000000000426e-01
7.980000000000000426e-01
7.982222222222222774e-01
7.986666666666666359e-01
7.993333333333333401e-01
8.000000000000000444e-01
8.002222222222221681e-01
8.006666666666666377e-01
8.013333333333333419e-01
8.020000000000000462e-01
8.022222222222221699e-01
8.024444444444444047e-01
8.028888888888888742e-01
8.028888888888888742e-01
8.033333333333333437e-01
8.071111111111111125e-01
8.104444444444444118e-01
8.108888888888888813e-01
8.111111111111111160e-01
8.126666666666666483e-01
8.133333333333333526e-01
8.142222222222221806e-01
8.144444444444444153e-01
8.148888888888888848e-01
8.148888888888888848e-01
8.162222222222221824e-01
8.179999999999999494e-01
8.184444444444444189e-01
8.188888888888888884e-01
8.191111111111111232e-01
8.191111111111111232e-01
8.195555555555555927e-01
8.266666666666666607e-01
8.295555555555556015e-01
8.297777777777777253e-01
8.306666666666666643e-01
8.319999999999999618e-01
8.342222222222221983e-01
8.346666666666666679e-01
8.348888888888889026e-01
8.353333333333333721e-01
8.359999999999999654e-01
8.366666666666666696e-01
8.371111111111111391e-01
8.373333333333333739e-01
8.373333333333333739e-01
8.377777777777777324e-01
8.377777777777777324e-01
8.377777777777777324e-01
8.382222222222222019e-01
8.388888888888889062e-01
8.391111111111111409e-01
8.395555555555556104e-01
8.399999999999999689e-01
8.399999999999999689e-01
8.408888888888889079e-01
8.411111111111111427e-01
8.415555555555555012e-01
8.428888888888889097e-01
8.437777777777777377e-01
8.439999999999999725e-01
8.442222222222222072e-01
8.484444444444444455e-01
8.486666666666666803e-01
8.555555555555555136e-01
8.557777777777777484e-01
8.579999999999999849e-01
8.586666666666666892e-01
8.591111111111111587e-01
8.597777777777777519e-01
8.599999999999999867e-01
8.606666666666666909e-01
8.613333333333332842e-01
8.619999999999999885e-01
8.628888888888889275e-01
8.633333333333332860e-01
8.853333333333333055e-01
8.860000000000000098e-01
8.964444444444444882e-01
8.966666666666666119e-01
9.271111111111111081e-01
9.379999999999999449e-01
9.379999999999999449e-01
9.395555555555555882e-01
9.399999999999999467e-01
9.402222222222221815e-01
9.428888888888888875e-01
9.437777777777778265e-01
9.451111111111111240e-01
9.459999999999999520e-01
9.473333333333333606e-01
9.479999999999999538e-01
9.486666666666666581e-01
9.495555555555555971e-01
9.499999999999999556e-01
9.504444444444444251e-01
9.506666666666666599e-01
9.511111111111111294e-01
9.517777777777777226e-01
9.522222222222221921e-01
9.528888888888888964e-01
9.535555555555556007e-01
9.542222222222221939e-01
9.546666666666666634e-01
9.591111111111111365e-01
9.591111111111111365e-01
9.597777777777777297e-01
9.602222222222221992e-01
9.615555555555556078e-01
9.619999999999999662e-01
9.866666666666666918e-01
9.871111111111111613e-01
1.000000000000000000e+00
