5.000000000000000000e-01
5.013123359580052840e-01
5.011252813203300738e-01
5.072133637053910515e-01
5.074060007595898592e-01
5.075987841945288626e-01
5.087585681645087066e-01
5.089523809523809339e-01
5.093404498665650149e-01
5.095347063310450286e-01
5.097291110263257874e-01
5.099236641221374100e-01
5.101183657884689193e-01
5.103132161955691304e-01
5.107033639143730985e-01
5.110941086457536642e-01
5.114854517611026052e-01
5.120735914143349499e-01
5.128598848368521868e-01
5.132539377641183176e-01
5.138461538461538414e-01
5.136590996537129250e-01
5.164410058027079087e-01
5.239403453689167600e-01
5.268350434096290558e-01
5.270430319778918182e-01
5.354993983152828152e-01
5.357142857142856984e-01
5.359293456443195991e-01
5.365755627009646256e-01
5.367913148371531440e-01
5.370072405470635024e-01
5.372233400402414150e-01
5.376560612162706310e-01
5.393939393939394256e-01
5.404858299595142190e-01
5.407047387606318534e-01
5.409238249594813253e-01
5.409902597402597157e-01
5.412099066179455464e-01
5.414297319252640017e-01
5.412433969930922073e-01
5.410569105691056535e-01
5.408702724684830709e-01
5.410903173311635284e-01
5.415309446254071846e-01
5.426356589147286469e-01
5.428571428571428159e-01
5.435226808336738324e-01
5.437448896156991118e-01
5.439672801635991872e-01
5.457529749692244803e-01
5.455665024630541593e-01
5.457905544147844124e-01
5.456039441248973221e-01
5.458281956432388116e-01
5.460526315789473450e-01
5.462772521596050979e-01
5.471775854964977537e-01
5.492142266335814371e-01
5.490277203144393603e-01
5.492549668874172619e-01
5.494824016563146785e-01
5.499378367177787386e-01
5.501658374792702810e-01
5.499792617171298525e-01
5.508932280847528284e-01
5.511221945137156908e-01
5.518102372034956460e-01
5.520399666944213468e-01
5.522698875468554647e-01
5.541161721688256936e-01
5.543478260869565410e-01
5.599662162162162282e-01
5.602027883396705210e-01
5.604395604395604469e-01
5.606765327695559797e-01
5.616264294790342948e-01
5.618644067796609853e-01
5.623409669211195672e-01
5.637755102040816757e-01
5.644955300127714182e-01
5.654584221748401029e-01
5.656996587030717061e-01
5.659411011523687307e-01
5.661827497865072889e-01
5.659974369927381899e-01
5.662393162393162260e-01
5.664814023086789385e-01
5.672089041095890183e-01
5.674518201284796115e-01
5.676949443016281460e-01
5.679382768966995121e-01
5.681818181818182323e-01
5.684255684255684615e-01
5.682403433476395094e-01
5.684843280377844810e-01
5.687285223367697373e-01
5.692175408426483063e-01
5.694623655913978455e-01
5.697074010327022320e-01
5.699526474386569230e-01
5.706896551724137678e-01
5.721694036300777331e-01
5.724167747514050664e-01
5.722318339100346263e-01
5.724794461272176838e-01
5.732235701906412961e-01
5.734720416124837739e-01
5.737207285342584839e-01
5.757180156657963899e-01
5.815384615384615596e-01
5.817941952506596737e-01
5.820501539815222669e-01
5.823063380281690016e-01
5.830762450418686127e-01
5.835906484340538380e-01
5.838481906443071523e-01
5.848806366047745176e-01
5.851393188854489003e-01
5.853982300884955636e-01
5.856573705179283218e-01
5.859167404782993360e-01
5.861763402747008911e-01
5.864361702127659504e-01
5.869565217391304879e-01
5.874777975133215202e-01
5.903614457831325435e-01
5.906249999999999556e-01
5.904421616793211758e-01
5.907059874888292983e-01
5.909700491729995564e-01
5.912343470483005792e-01
5.914988814317673205e-01
5.917636526410027242e-01
5.920286609941782796e-01
5.918458781362007093e-01
5.916629314208874391e-01
5.914798206278026882e-01
5.917451772095110307e-01
5.915619389587073451e-01
5.913785361472833069e-01
5.911949685534590992e-01
5.919928025191183441e-01
5.922592259225922806e-01
5.930599369085173267e-01
5.928764652840396998e-01
5.936794582392777020e-01
5.939476061427281239e-01
5.942159963849977800e-01
5.944846292947558730e-01
5.947535052012663526e-01
5.950226244343891358e-01
5.952919873245812177e-01
5.951086956521739468e-01
5.953783416402356199e-01
5.956482320942882991e-01
5.959183673469388154e-01
5.964593735814798237e-01
5.962761126248864452e-01
5.960926851431167517e-01
5.963636363636363180e-01
5.966348340154615792e-01
5.964513193812557290e-01
5.962676376877560358e-01
5.965391621129325639e-01
5.973552211582306981e-01
5.976277372262773779e-01
5.979005020538566972e-01
5.981735159817351821e-01
5.987202925045703727e-01
5.989940557841791913e-01
5.992680695333942875e-01
6.034164358264081374e-01
6.107476635514018648e-01
6.133270764899108052e-01
6.131455399061033207e-01
6.134335368717708237e-01
6.151672162034855784e-01
6.154571159283694914e-01
6.157472890146157285e-01
6.160377358490566335e-01
6.163284568192544111e-01
6.161473087818697403e-01
6.164383561643835829e-01
6.167296786389413477e-01
6.165484633569739970e-01
6.168401135288552606e-01
6.166587789872219894e-01
6.172430127901468166e-01
6.181214421252372304e-01
6.190023752969121551e-01
6.192965779467680676e-01
6.195910603899191793e-01
6.198858230256898416e-01
6.204761904761905145e-01
6.207717960933778478e-01
6.219570405727923301e-01
6.222540592168099849e-01
6.220735785953177555e-01
6.223709369024856830e-01
6.250600096015362928e-01
6.248799231508165297e-01
6.246996636232580169e-01
6.250000000000000000e-01
6.253006253006252457e-01
6.251203079884504188e-01
6.257225433526011349e-01
6.260240963855421281e-01
6.263259402121504893e-01
6.261456825856247521e-01
6.259652509652510188e-01
6.262675036214389035e-01
6.265700483091787287e-01
6.263895601739970509e-01
6.262088974854932433e-01
6.265118529269472214e-01
6.268151016456922076e-01
6.271186440677966045e-01
6.269379844961240345e-01
6.267571497818710258e-01
6.273653566229985268e-01
6.276699029126213691e-01
6.282798833819241979e-01
6.285853184248906267e-01
6.291970802919708561e-01
6.295034079844206154e-01
6.298100340964442045e-01
6.301169590643275198e-01
6.304241833252072214e-01
6.307317073170731758e-01
6.310395314787701215e-01
6.313476562500000000e-01
6.316560820713238433e-01
6.319648093841642167e-01
6.322738386308068836e-01
6.325831702544031376e-01
6.328928046989721334e-01
6.327130264446620966e-01
6.333333333333333037e-01
6.331535066208926477e-01
6.340864440078585185e-01
6.353346456692913202e-01
6.356474643032988814e-01
6.354679802955665036e-01
6.357811729916215127e-01
6.360946745562130467e-01
6.364084854464726604e-01
6.370370370370370683e-01
6.373517786561264664e-01
6.376668314384577041e-01
6.382978723404255650e-01
6.386138613861386260e-01
6.389301634472510649e-01
6.392467789890980967e-01
6.395637084779375314e-01
6.398809523809523281e-01
6.401985111662531480e-01
6.405163853028797982e-01
6.408345752608047841e-01
6.411530815109344195e-01
6.414719045251119356e-01
6.417910447761193682e-01
6.416127426580388038e-01
6.419322709163346463e-01
6.422521175884404743e-01
6.425722831505483734e-01
6.428927680798004474e-01
6.432135728542913711e-01
6.435346979530703893e-01
6.438561438561438699e-01
6.441779110444777467e-01
6.444999999999999618e-01
6.448224112056027968e-01
6.451451451451450936e-01
6.454682023034551408e-01
6.457915831663326722e-01
6.461152882205514203e-01
6.464393179538615586e-01
6.467636728549924774e-01
6.470883534136546711e-01
6.474133601205424027e-01
6.477386934673367014e-01
6.480643539467069170e-01
6.483903420523138283e-01
6.487166582788123081e-01
6.490433031218529880e-01
6.493702770780855893e-01
6.496975806451612545e-01
6.500252143217347678e-01
6.503531786074672194e-01
6.506814740030287814e-01
6.513390601313794326e-01
6.536511156186612936e-01
6.543147208121827818e-01
6.546470289487049676e-01
6.549796747967480126e-01
6.556459816887080239e-01
6.559796437659033419e-01
6.563136456211812186e-01
6.561385634233316555e-01
6.564729867482160808e-01
6.568077511473737751e-01
6.564573762123532275e-01
6.567926455566904798e-01
6.574642126789366214e-01
6.578005115089513577e-01
6.581371545547595181e-01
6.584741423451100362e-01
6.586365966171193742e-01
6.582863006670087724e-01
6.586242299794661248e-01
6.589625064201335425e-01
6.593011305241520681e-01
6.596401028277635303e-01
6.599794238683127645e-01
6.603190941842511652e-01
6.606591143151390177e-01
6.609994848016486069e-01
6.613402061855669922e-01
6.616812790097988950e-01
6.615067079463364808e-01
6.618482188951987366e-01
6.621900826446280863e-01
6.625322997416021042e-01
6.628748707342295710e-01
6.632177961717538039e-01
6.639047125841532893e-01
6.642487046632123970e-01
6.645930533955417552e-01
6.649377593360995542e-01
6.652828230409963961e-01
6.663201663201663294e-01
6.666666666666666297e-01
6.670135275754422999e-01
6.673607496095783631e-01
6.677083333333333481e-01
6.680562793121417320e-01
6.691022964509394377e-01
6.694516971279372841e-01
6.698014629049111601e-01
6.701515943544171794e-01
6.705020920502091641e-01
6.708529565672423089e-01
6.712041884816754012e-01
6.710319539025667579e-01
6.713836477987421558e-01
6.717357105401153827e-01
6.720881427072402658e-01
6.724409448818897683e-01
6.722689075630252642e-01
6.726221755123489299e-01
6.733298264071541084e-01
6.736842105263157743e-01
6.740389678778304638e-01
6.738672286617491958e-01
6.742224565102793443e-01
6.745780590717299630e-01
6.749340369393139749e-01
6.747624076029566931e-01
6.745905969360802557e-01
6.749471458773784738e-01
6.753040719196192754e-01
6.756613756613756294e-01
6.760190577024880465e-01
6.763771186440677985e-01
6.762056173820879534e-01
6.765641569459173166e-01
6.763925729442971102e-01
6.781914893617021489e-01
6.789137380191693216e-01
6.792754395311667581e-01
6.796375266524520287e-01
6.800000000000000488e-01
6.807261078483716199e-01
6.810897435897436125e-01
6.814537680384821217e-01
6.812834224598930399e-01
6.816479400749063666e-01
6.820128479657387999e-01
6.823781467595072536e-01
6.827438370846731219e-01
6.834763948497853958e-01
6.842105263157894912e-01
6.840408382590005276e-01
6.838709677419354538e-01
6.842388380849919738e-01
6.846071044133477113e-01
6.886843530048727402e-01
6.924333151878061532e-01
6.922657952069716236e-01
6.920980926430517766e-01
6.924754634678298437e-01
6.932314410480349132e-01
6.930638995084653642e-01
6.934426229508197093e-01
6.932750136686713915e-01
6.936542669584244702e-01
6.940339354132457617e-01
6.947945205479452158e-01
6.951754385964912242e-01
6.955567745474492414e-01
6.959385290889132936e-01
6.978536048431480676e-01
6.982378854625550524e-01
6.986225895316804380e-01
6.990077177508269290e-01
6.988416988416988884e-01
6.992273730684326338e-01
6.996134732192158534e-01
6.999999999999999556e-01
7.003869541182974334e-01
7.002212389380531032e-01
7.006087437742114510e-01
7.009966777408638272e-01
7.013850415512465908e-01
7.017738359201773912e-01
7.021630615640599427e-01
7.019977802441731418e-01
7.018323153803442960e-01
7.022222222222221921e-01
7.026125625347414694e-01
7.030033370411568061e-01
7.028380634390650750e-01
7.032293986636971583e-01
7.040133779264213798e-01
7.038482989403235246e-01
7.036830357142856984e-01
7.040759352317140785e-01
7.044692737430167107e-01
7.048630519843488429e-01
7.056519306099607869e-01
7.060470324748040483e-01
7.064425770308123687e-01
7.061132922041503113e-01
7.069062324536776742e-01
7.073033707865168385e-01
7.077009555930298124e-01
7.075365579302587138e-01
7.079347214406302990e-01
7.077702702702702853e-01
7.081690140845070536e-01
7.085682074408117259e-01
7.089678510998308480e-01
7.088036117381489865e-01
7.086391869000564503e-01
7.090395480225988312e-01
7.098416289592760497e-01
7.096774193548387455e-01
7.100792751981880313e-01
7.104815864022663296e-01
7.103174603174603474e-01
7.111237230419977795e-01
7.115275411697898900e-01
7.113636363636363091e-01
7.117680500284252476e-01
7.121729237770193510e-01
7.129840546697038262e-01
7.133903133903133353e-01
7.146118721461187651e-01
7.162471395881007119e-01
7.166571265025758475e-01
7.183017785427423529e-01
7.187141216991963510e-01
7.191269385410683501e-01
7.195402298850575029e-01
7.199539965497412375e-01
7.211981566820276912e-01
7.216138328530259383e-01
7.220299884659746592e-01
7.218695903058280905e-01
7.222863741339491384e-01
7.231213872832370493e-01
7.235396182764604056e-01
7.247972190034762674e-01
7.252173913043478137e-01
7.256380510440835208e-01
7.260591990713871624e-01
7.259001161440186145e-01
7.257408483439860003e-01
7.261627906976744207e-01
7.265852239674228663e-01
7.274315666860803331e-01
7.278554778554778837e-01
7.282798833819241757e-01
7.281213535589264874e-01
7.289719626168223998e-01
7.293980128579777844e-01
7.302516091281451294e-01
7.306791569086651394e-01
7.305213825424721197e-01
7.309495896834701245e-01
7.313782991202345540e-01
7.312206572769952562e-01
7.316500293599530469e-01
7.320799059929494756e-01
7.325102880658436177e-01
7.323529411764705399e-01
7.327839905826957212e-01
7.332155477031802038e-01
7.336476134354743550e-01
7.334905660377358805e-01
7.339233038348083049e-01
7.343565525383707326e-01
7.347903130537507543e-01
7.352245862884160266e-01
7.356593731519810442e-01
7.360946745562130245e-01
7.365304914150384574e-01
7.369668246445497672e-01
7.368109069353883100e-01
7.372479240806643075e-01
7.376854599406528212e-01
7.381235154394298892e-01
7.379679144385026257e-01
7.384066587395957670e-01
7.388459250446163251e-01
7.392857142857143238e-01
7.397260273972602329e-01
7.401668653158521849e-01
7.406082289803219698e-01
7.410501193317422519e-01
7.414925373134327868e-01
7.419354838709677491e-01
7.423789599521817273e-01
7.437125748502994016e-01
7.441581785500299695e-01
7.446043165467626235e-01
7.444511097780444064e-01
7.448979591836735192e-01
7.447447447447447244e-01
7.451923076923077094e-01
7.456404088995790547e-01
7.460890493381467925e-01
7.465382299819386391e-01
7.469879518072288782e-01
7.474382157926461323e-01
7.478890229191796912e-01
7.492447129909365344e-01
7.490931076178960479e-01
7.495462794918330562e-01
7.500000000000000000e-01
7.504542701393095427e-01
7.509090909090908594e-01
7.513644633110976301e-01
7.518203883495145901e-01
7.522768670309654127e-01
7.527339003645200366e-01
7.525835866261397777e-01
7.524330900243308973e-01
7.528910529519172723e-01
7.525898842169408409e-01
7.530487804878048808e-01
7.539682539682539542e-01
7.558139534883721034e-01
7.562767911818738531e-01
7.567401960784313486e-01
7.572041692213365982e-01
7.576687116564416735e-01
7.575199508901165890e-01
7.579852579852579542e-01
7.584511370620774517e-01
7.583025830258303124e-01
7.581538461538461782e-01
7.580049261083743328e-01
7.584719654959950486e-01
7.589395807644883085e-01
7.594077729796422371e-01
7.598765432098765205e-01
7.603458925262507329e-01
7.608158220024722196e-01
7.617574257425742124e-01
7.622291021671826483e-01
7.627013630731103166e-01
7.631742095474272070e-01
7.636476426799007067e-01
7.641216635630043719e-01
7.639751552795031042e-01
7.638284648850217629e-01
7.643034825870647087e-01
7.647790914747977231e-01
7.662094763092269778e-01
7.666874610106051424e-01
7.676452217364146957e-01
7.681249999999999467e-01
7.679799874921826586e-01
7.678347934918647866e-01
7.683155917345021457e-01
7.687969924812030342e-01
7.692789968652037347e-01
7.691342534504391759e-01
7.689893283113622413e-01
7.694723618090452133e-01
7.699560025141420905e-01
7.698113207547170322e-01
7.696664568911264492e-01
7.701511335012594106e-01
7.706364209199747517e-01
7.711223203026481565e-01
7.716088328075709768e-01
7.720959595959595578e-01
7.725837018319646754e-01
7.724399494310998371e-01
7.729285262492093800e-01
7.734177215189873555e-01
7.732742241925268933e-01
7.737642585551330887e-01
7.742549143944197354e-01
7.741116751269035978e-01
7.746031746031746268e-01
7.750952986022872082e-01
7.755880483153210214e-01
7.754452926208651453e-01
7.759388924252068609e-01
7.757961783439490944e-01
7.762906309751433920e-01
7.767857142857143016e-01
7.772814294830887594e-01
7.771392081736909763e-01
7.769968051118211205e-01
7.774936061381073626e-01
7.773512476007677918e-01
7.772087067861715992e-01
7.770659833440102249e-01
7.775641025641025772e-01
7.790622992935131164e-01
7.789203084832905244e-01
7.787781350482314568e-01
7.792792792792793133e-01
7.797810688989053052e-01
7.796391752577319645e-01
7.794970986460347806e-01
7.800000000000000266e-01
7.805035506778567056e-01
7.810077519379845512e-01
7.807244501940491244e-01
7.812297734627832169e-01
7.817357512953367893e-01
7.822423849643551641e-01
7.821011673151750943e-01
7.826086956521739468e-01
7.831168831168831002e-01
7.836257309941520033e-01
7.834850455136540548e-01
7.833441769681197542e-01
7.838541666666666297e-01
7.843648208469055083e-01
7.842242503259452269e-01
7.840834964122634920e-01
7.839425587467362400e-01
7.838014369693011574e-01
7.843137254901960675e-01
7.848266841072596423e-01
7.858546168958742140e-01
7.857142857142856984e-01
7.862295081967213273e-01
7.877792378449408606e-01
7.882971729125575200e-01
7.888157894736842479e-01
7.886767610269914686e-01
7.891963109354414030e-01
7.897165458141067740e-01
7.902374670184696415e-01
7.900990099009901346e-01
7.906208718626155374e-01
7.911434236615995097e-01
7.910052910052910446e-01
7.908669755129054124e-01
7.907284768211920722e-01
7.912524850894632200e-01
7.909754479097544921e-01
7.908366533864541470e-01
7.913621262458472305e-01
7.912234042553191182e-01
7.917498336660013791e-01
7.922769640479361275e-01
7.920000000000000373e-01
7.925283522348232079e-01
7.941176470588234837e-01
7.946488294314381085e-01
7.951807228915662717e-01
7.957133288680509065e-01
7.967806841046277677e-01
7.973154362416107199e-01
7.989240080699394619e-01
7.994616419919245986e-01
8.000000000000000444e-01
8.005390835579514475e-01
8.002699055330634303e-01
8.008102633355840272e-01
8.013513513513513820e-01
8.018931710615280206e-01
8.017591339648173498e-01
8.023019634394041866e-01
8.021680216802168362e-01
8.020338983050847581e-01
8.018995929443690773e-01
8.023097826086956763e-01
8.021753908905506769e-01
8.027210884353741527e-01
8.024523160762943030e-01
8.029993183367416520e-01
8.046448087431693486e-01
8.057455540355676904e-01
8.056125941136208501e-01
8.067169294037012106e-01
8.065843621399176877e-01
8.064516129032257563e-01
8.063186813186813406e-01
8.068728522336769959e-01
8.067400275103163709e-01
8.072952512044047069e-01
8.071625344352617581e-01
8.070296347346657129e-01
8.068965517241378782e-01
8.067632850241546194e-01
8.066298342541436961e-01
8.064961990324810426e-01
8.070539419087137123e-01
8.076124567474048943e-01
8.074792243767312527e-01
8.080388080388080096e-01
8.085991678224687673e-01
8.091603053435114656e-01
8.090277777777777901e-01
8.095899930507296505e-01
8.112813370473537233e-01
8.118466898954703748e-01
8.124128312412831621e-01
8.129797627355198619e-01
8.135474860335195624e-01
8.134171907756813091e-01
8.132867132867133142e-01
8.138558432470258674e-01
8.137254901960784270e-01
8.142957252978275662e-01
8.141654978962131750e-01
8.140350877192982226e-01
8.146067415730336991e-01
8.144764581869290421e-01
8.150492264416314692e-01
8.156228008444756927e-01
8.161971830985915721e-01
8.160676532769556291e-01
8.166431593794075683e-01
8.172194777699365309e-01
8.170903954802259950e-01
8.176678445229681458e-01
8.175388967468175672e-01
8.181174805378627068e-01
8.186968838526912373e-01
8.185683912119064987e-01
8.184397163120566976e-01
8.190205819730305148e-01
8.196022727272727071e-01
8.201847903340440116e-01
8.200568990042673700e-01
8.199288256227758032e-01
8.198005698005698116e-01
8.196721311475410054e-01
8.195435092724678849e-01
8.194147037830121771e-01
8.192857142857142838e-01
8.191565403859899508e-01
8.190271816881259381e-01
8.188976377952755792e-01
8.187679083094555610e-01
8.193548387096774022e-01
8.192252510760401618e-01
8.198133524766690883e-01
8.196839080459770166e-01
8.202731847591661074e-01
8.201438848920863389e-01
8.200143988480921298e-01
8.206051873198847435e-01
8.211968276856524973e-01
8.217893217893217361e-01
8.229768786127167335e-01
8.235719450469992653e-01
8.241678726483357975e-01
8.247646632874728878e-01
8.253623188405797562e-01
8.265602322206095920e-01
8.271604938271605034e-01
8.289665211062591244e-01
8.288419519300801452e-01
8.294460641399417078e-01
8.293216630196936778e-01
8.299270072992700475e-01
8.305332359386413676e-01
8.311403508771929571e-01
8.317483540599853731e-01
8.323572474377745056e-01
8.329670329670330053e-01
8.335777126099707113e-01
8.334556126192222969e-01
8.333333333333333703e-01
8.332108743570904030e-01
8.330882352941176849e-01
8.337012509197939680e-01
8.343151693667157920e-01
8.341930729550478540e-01
8.348082595870206513e-01
8.346863468634686534e-01
8.345642540620383798e-01
8.351810790835181297e-01
8.350591715976330986e-01
8.356772760917838827e-01
8.362962962962963154e-01
8.361749444032616774e-01
8.360534124629079855e-01
8.359317000742390036e-01
8.358098068350668930e-01
8.364312267657992850e-01
8.363095238095238360e-01
8.361876396128071764e-01
8.360655737704918433e-01
8.359433258762117847e-01
8.358208955223880299e-01
8.356982823002240268e-01
8.363228699551569223e-01
8.369483919222139301e-01
8.368263473053891843e-01
8.374531835205992758e-01
8.380809595202398654e-01
8.387096774193548709e-01
8.385885885885885349e-01
8.392186326070623092e-01
8.390977443609022313e-01
8.397291196388262380e-01
8.396084337349397630e-01
8.394875659382065036e-01
8.393665158371040880e-01
8.399999999999999689e-01
8.398791540785498499e-01
8.397581254724111322e-01
8.396369137670196547e-01
8.395155185465555947e-01
8.401515151515152047e-01
8.400303260045488551e-01
8.399089529590287873e-01
8.397873955960516446e-01
8.404255319148936643e-01
8.410646387832699800e-01
8.417047184170471930e-01
8.423457730388423936e-01
8.429878048780488076e-01
8.428680396643782879e-01
8.427480916030534175e-01
8.426279602750190723e-01
8.432721712538225889e-01
8.439173680183627013e-01
8.436781609195401765e-01
8.443251533742330839e-01
8.449731389102071999e-01
8.448540706605223161e-01
8.453846153846154010e-01
8.460354118552733116e-01
8.459167950693374793e-01
8.457979953739398482e-01
8.464506172839506570e-01
8.471042471042471433e-01
8.477588871715610042e-01
8.484145398298530427e-01
8.490712074303405910e-01
8.497288923315259312e-01
8.503875968992248291e-01
8.510473235065942887e-01
8.523698523698524099e-01
8.522550544323483912e-01
8.521400778210116433e-01
8.528037383177570208e-01
8.541341653666146838e-01
8.554687500000000000e-01
8.561376075058639845e-01
8.568075117370892446e-01
8.566953797963977602e-01
8.565830721003134807e-01
8.572549019607843546e-01
8.571428571428570953e-01
8.570306362922230914e-01
8.569182389937106681e-01
8.568056648308418621e-01
8.566929133858267598e-01
8.573680063041765331e-01
8.572555205047318605e-01
8.579321231254932734e-01
8.578199052132701175e-01
8.591772151898734444e-01
8.590657165479018698e-01
8.589540412044374129e-01
8.588421887390959020e-01
8.587301587301586769e-01
8.586179507545671497e-01
8.585055643879173637e-01
8.583929992044549984e-01
8.582802547770700397e-01
8.581673306772907850e-01
8.595371109337589521e-01
8.594249201277954775e-01
8.590872698158527054e-01
8.589743589743589203e-01
8.588612670408981575e-01
8.587479935794543051e-01
8.586345381526104825e-01
8.585209003215433787e-01
8.584070796460177011e-01
8.582930756843800690e-01
8.589846897663174774e-01
8.588709677419354982e-01
8.587570621468926246e-01
8.594507269789983805e-01
8.593371059013742430e-01
8.592233009708737379e-01
8.591093117408906688e-01
8.589951377633711083e-01
8.588807785888077362e-01
8.587662337662337331e-01
8.586515028432168961e-01
8.585365853658536439e-01
8.584214808787632434e-01
8.598207008964955378e-01
8.593622240392477796e-01
8.600654664484451706e-01
8.607698607698607285e-01
8.606557377049179891e-01
8.605414273995077856e-01
8.619556285949054875e-01
8.618421052631578538e-01
8.616144975288303476e-01
8.615004122011541421e-01
8.629232039636663965e-01
8.650662251655628632e-01
8.657829328914664613e-01
8.656716417910447214e-01
8.655601659751037680e-01
8.662790697674418450e-01
8.669991687448046491e-01
8.677204658901830348e-01
8.684429641965029090e-01
8.683333333333332904e-01
8.682235195996663712e-01
8.681135225375625764e-01
8.688387635756056326e-01
8.695652173913043237e-01
8.694560669456067314e-01
8.693467336683416979e-01
8.700754400670578370e-01
8.708053691275168262e-01
8.715365239294710076e-01
8.722689075630252198e-01
8.721614802354920037e-01
8.720538720538720812e-01
8.719460825610783061e-01
8.726812816188870281e-01
8.725738396624472815e-01
8.724662162162162282e-01
8.723584108199492482e-01
8.738357324301438966e-01
8.737288135593220817e-01
8.736217133163698412e-01
8.735144312393887667e-01
8.734069668649108165e-01
8.732993197278912101e-01
8.731914893617021001e-01
8.739352640545144935e-01
8.738277919863597365e-01
8.745733788395904096e-01
8.742514970059880319e-01
8.741438356164383805e-01
8.763948497854077146e-01
8.762886597938144284e-01
8.761822871883061525e-01
8.760757314974182419e-01
8.759689922480620172e-01
8.767241379310344307e-01
8.774805867126833636e-01
8.773747841105353773e-01
8.772687986171132657e-01
8.771626297577854725e-01
8.770562770562770893e-01
8.769497400346620841e-01
8.767361111111111605e-01
8.774978279756733279e-01
8.790252393385552532e-01
8.789198606271777514e-01
8.796861377506538515e-01
8.804537521815009038e-01
8.803493449781659708e-01
8.802447552447552059e-01
8.817863397548161286e-01
8.816827344434706726e-01
8.824561403508771606e-01
8.831282952548330512e-01
8.870255957634598509e-01
8.878091872791519235e-01
8.877099911582669867e-01
8.884955752212388980e-01
8.892825509300266162e-01
8.891843971631205878e-01
8.889875666074600336e-01
8.905693950177936413e-01
8.921568627450980893e-01
8.920606601248884937e-01
8.919642857142857650e-01
8.918677390527256499e-01
8.926654740608228611e-01
8.924731182795698770e-01
8.923766816143497982e-01
8.922800718132855025e-01
8.930817610062893319e-01
8.928892889288928547e-01
8.927927927927927776e-01
8.926961226330026866e-01
8.925992779783393782e-01
8.934056007226739426e-01
8.942133815551537301e-01
8.941176470588235725e-01
8.949275362318840354e-01
8.948322756119673205e-01
8.947368421052631637e-01
8.955495004541326187e-01
8.954545454545455030e-01
8.953594176524113379e-01
8.961748633879781378e-01
8.960802187784867590e-01
8.959854014598540584e-01
8.958904109589040932e-01
8.957952468007313040e-01
8.956999085086916335e-01
8.956043956043956422e-01
8.955087076076994057e-01
8.954128440366972974e-01
8.953168044077135512e-01
8.969641214351425917e-01
8.968692449355433194e-01
8.976958525345621887e-01
8.985239852398524407e-01
8.993536472760849110e-01
8.992606284658040128e-01
8.991674375578168066e-01
8.990740740740740256e-01
8.999073215940686099e-01
9.007421150278293043e-01
9.006499535747446439e-01
9.005576208178438513e-01
9.013953488372092870e-01
9.013035381750466035e-01
9.011194029850746468e-01
9.010270774976657515e-01
9.009345794392523699e-01
9.008419083255378990e-01
9.016853932584270037e-01
9.015932521087159923e-01
9.015009380863039379e-01
9.014084507042253724e-01
9.013157894736841813e-01
9.009433962264150608e-01
9.008498583569405360e-01
9.007561436672968380e-01
9.006622516556291869e-01
9.005681818181817677e-01
9.003795066413662340e-01
9.002849002849002691e-01
9.000000000000000222e-01
8.999046711153479983e-01
9.007633587786259000e-01
9.006685768863419428e-01
9.005736137667303964e-01
9.014354066985645897e-01
9.022988505747125965e-01
9.021113243761995637e-01
9.020172910662823673e-01
9.028846153846153966e-01
9.027911453320500712e-01
9.026974951830443183e-01
9.025096525096525379e-01
9.024154589371981006e-01
9.023210831721469871e-01
9.022265246853823362e-01
9.021317829457364823e-01
9.020368574199806311e-01
9.018464528668610480e-01
9.017509727626459304e-01
9.016553067185978376e-01
9.015594541910331161e-01
9.014634146341463650e-01
9.013671875000000000e-01
9.012707722385141507e-01
9.021526418786692814e-01
9.020568070519099368e-01
9.019607843137255054e-01
9.018645731108930752e-01
9.027504911591355263e-01
9.026548672566371279e-01
9.025590551181101873e-01
9.034482758620689946e-01
9.033530571992109959e-01
9.042448173741362005e-01
9.040553907022750302e-01
9.039603960396039861e-01
9.038652130822596442e-01
9.037698412698412787e-01
9.036742800397219444e-01
9.045725646123260466e-01
9.044776119402985204e-01
9.043824701195218863e-01
9.042871385842472520e-01
9.041916167664670878e-01
9.040959040959041237e-01
9.040000000000000258e-01
9.039039039039038492e-01
9.038076152304609368e-01
9.037111334002005947e-01
9.036144578313253239e-01
9.035175879396984966e-01
9.034205231388330315e-01
9.033232628398791819e-01
9.032258064516128782e-01
9.031281533804238482e-01
9.030303030303030720e-01
9.029322548028311246e-01
9.028340080971659631e-01
9.037487335359676299e-01
9.036511156186612936e-01
9.032586558044806146e-01
9.031600407747196746e-01
9.030612244897958663e-01
9.029622063329928450e-01
9.027635619242578846e-01
9.026639344262294973e-01
9.035897435897436436e-01
9.034907597535933865e-01
9.033915724563206240e-01
9.032921810699588994e-01
9.031925849639547144e-01
9.029927760577914908e-01
9.027921406411582028e-01
9.026915113871635254e-01
9.025906735751295651e-01
9.024896265560166109e-01
9.019812304483837417e-01
9.018789144050104456e-01
9.017763845350051932e-01
9.014675052410900946e-01
9.013641133263379235e-01
9.012605042016806900e-01
9.022082018927445324e-01
9.016913319238900604e-01
9.026455026455026953e-01
9.025423728813559698e-01
9.023354564755838858e-01
9.022316684378320906e-01
9.021276595744680549e-01
9.017094017094017255e-01
9.014989293361884704e-01
9.013933547695605064e-01
9.012875536480686733e-01
9.011815252416756072e-01
9.010752688172043445e-01
9.020452099031216475e-01
9.030172413793103869e-01
9.029126213592233441e-01
9.028077753779697456e-01
9.027027027027026973e-01
9.025974025974026205e-01
9.035752979414951591e-01
9.034707158351410472e-01
9.044516829533115754e-01
9.054347826086956985e-01
9.053318824809575283e-01
9.063180827886709867e-01
9.092896174863388525e-01
9.091903719912473036e-01
9.089912280701754055e-01
9.099890230515916834e-01
9.109890109890109722e-01
9.108910891089109230e-01
9.107929515418502486e-01
9.117971334068357692e-01
9.116997792494481168e-01
9.116022099447513849e-01
9.126106194690265516e-01
9.125138427464009050e-01
9.124168514412417386e-01
9.134295227524972249e-01
9.133333333333333304e-01
9.132369299221356762e-01
9.131403118040088973e-01
9.141583054626533089e-01
9.151785714285713969e-01
9.162011173184357871e-01
9.161073825503355250e-01
9.160134378499440455e-01
9.170403587443946014e-01
9.169472502805836589e-01
9.168539325842696153e-01
9.167604049493813800e-01
9.165727170236752652e-01
9.176072234762979729e-01
9.175141242937853159e-01
9.185520361990949789e-01
9.195922989807474579e-01
9.195011337868480572e-01
9.205448354143018763e-01
9.204545454545454142e-01
9.203640500568828209e-01
9.202733485193621554e-01
9.201824401368301487e-01
9.212328767123287854e-01
9.211428571428571521e-01
9.221967963386727973e-01
9.232531500572738192e-01
9.231651376146788879e-01
9.242250287026406719e-01
9.252873563218391162e-01
9.252013808975834142e-01
9.251152073732719083e-01
9.249422632794457311e-01
9.260115606936416555e-01
9.259259259259259300e-01
9.258400926998840985e-01
9.257540603248259892e-01
9.256678281068524416e-01
9.255813953488372103e-01
9.254947613504074244e-01
9.276546091015168694e-01
9.275700934579439449e-01
9.286549707602339554e-01
9.285714285714286031e-01
9.296600234466588786e-01
9.307511737089202430e-01
9.306698002350176635e-01
9.305882352941176050e-01
9.327830188679244738e-01
9.349881796690306945e-01
9.349112426035502965e-01
9.348341232227488362e-01
9.359430604982206248e-01
9.370546318289786347e-01
9.381688466111771652e-01
9.380952380952380931e-01
9.380214541120381888e-01
9.425149700598802749e-01
9.424460431654676507e-01
9.435774309723889974e-01
9.435096153846154188e-01
9.446450060168471996e-01
9.445783132530120030e-01
9.445114595898672638e-01
9.444444444444444198e-01
9.443772672309552751e-01
9.455205811138014393e-01
9.489671931956257245e-01
9.512789281364190108e-01
9.512195121951219079e-01
9.511599511599511114e-01
9.558282208588957385e-01
9.570024570024570076e-01
9.569495694956949849e-01
9.568965517241379004e-01
9.580764488286066527e-01
9.580246913580247048e-01
9.592088998763905749e-01
9.591584158415841221e-01
9.591078066914497935e-01
9.590570719602977690e-01
9.590062111801241906e-01
9.589552238805970630e-01
9.589041095890410427e-01
9.588528678304238939e-01
9.588014981273408344e-01
9.587499999999999911e-01
9.586983729662077458e-01
9.586466165413534135e-01
9.585947302383940327e-01
9.585427135678391553e-01
9.584905660377358583e-01
9.584382871536524240e-01
9.583858764186633517e-01
9.583333333333333703e-01
9.582806573957016738e-01
9.582278481012658222e-01
9.581749049429657550e-01
9.593908629441624258e-01
9.593392630241422969e-01
9.605597964376589859e-01
9.605095541401273973e-01
9.604591836734693855e-01
9.616858237547892818e-01
9.616368286445012847e-01
9.628681177976952110e-01
9.628205128205128416e-01
9.640564826700898093e-01
9.640102827763495918e-01
9.639639639639639990e-01
9.639175257731958935e-01
9.638709677419354804e-01
9.638242894056847643e-01
9.663212435233160535e-01
9.662775616083009167e-01
9.662337662337662225e-01
9.661898569570871453e-01
9.674479166666666297e-01
9.674054758800521014e-01
9.673629242819843377e-01
9.673202614379085018e-01
9.672346002621231564e-01
9.685039370078739607e-01
9.723320158102767286e-01
9.722955145118733489e-01
9.748344370860927421e-01
9.761273209549071739e-01
9.760638297872340496e-01
9.773635153129160980e-01
9.799732977303070580e-01
9.852348993288591039e-01
9.852150537634408733e-01
9.851752021563342510e-01
9.851551956815114419e-01
9.851351351351351759e-01
9.850136239782015801e-01
9.849931787175989495e-01
9.849521203830369220e-01
9.848901098901099438e-01
9.847856154910097359e-01
9.847645429362881231e-01
9.847009735744088887e-01
9.846153846153846700e-01
9.845070422535211474e-01
9.843971631205673534e-01
9.841498559077810349e-01
9.840348330914369113e-01
9.837518463810930314e-01
9.878048780487804770e-01
1.000000000000000000e+00
