5.000000000000000000e-01
5.022573363431150906e-01
5.079908675799086337e-01
5.085714285714285632e-01
5.091533180778031742e-01
5.109070034443168318e-01
5.114942528735632044e-01
5.120828538550057374e-01
5.126728110599078070e-01
5.138568129330254308e-01
5.144508670520231419e-01
5.150462962962962798e-01
5.162412993039443565e-01
5.174418604651163101e-01
5.229142185663925302e-01
5.266272189349112676e-01
5.348557692307692735e-01
5.354993983152828152e-01
5.367913148371531440e-01
5.380894800483675411e-01
5.400485436893204261e-01
5.407047387606318534e-01
5.414634146341463783e-01
5.421245421245420859e-01
5.427872860635696295e-01
5.447852760736195954e-01
5.454545454545454142e-01
5.467980295566502447e-01
5.474722564734895158e-01
5.481481481481481621e-01
5.501858736059479504e-01
5.496277915632754585e-01
5.509950248756219082e-01
5.504358655043586346e-01
5.524999999999999911e-01
5.531914893617021489e-01
5.552763819095477560e-01
5.609137055837563057e-01
5.616264294790342948e-01
5.623409669211195672e-01
5.637755102040816757e-01
5.644955300127714182e-01
5.652173913043477826e-01
5.659411011523687307e-01
5.666666666666666519e-01
5.673940949935815103e-01
5.681233933161953242e-01
5.688545688545688650e-01
5.710594315245478558e-01
5.717981888745148344e-01
5.732814526588845272e-01
5.747724317295188623e-01
5.823451910408432575e-01
5.831134564643799534e-01
5.838837516512549453e-01
5.846560846560846514e-01
5.862068965517240882e-01
5.869853917662682941e-01
5.877659574468084847e-01
5.909090909090909394e-01
5.903614457831325435e-01
5.911528150134047754e-01
5.919463087248322264e-01
5.927419354838709964e-01
5.921938088829071800e-01
5.929919137466307388e-01
5.937921727395412130e-01
5.945945945945946276e-01
5.953991880920161961e-01
5.948509485094850557e-01
5.943012211668927680e-01
5.959183673469388154e-01
5.967302452316076700e-01
5.975443383356070504e-01
5.983606557377049162e-01
6.044260027662516910e-01
6.120448179271709144e-01
6.154929577464788304e-01
6.163610719322990539e-01
6.172316384180790427e-01
6.181046676096181303e-01
6.189801699716713790e-01
6.184397163120567420e-01
6.193181818181817677e-01
6.210826210826211335e-01
6.228571428571428870e-01
6.237482117310443330e-01
6.255380200860831685e-01
6.291486291486291238e-01
6.300578034682080553e-01
6.318840579710145455e-01
6.313497822931785075e-01
6.308139534883721034e-01
6.317321688500727728e-01
6.311953352769679171e-01
6.330409356725146264e-01
6.339677891654466046e-01
6.348973607038123079e-01
6.358296622613802684e-01
6.367647058823528994e-01
6.377025036818850801e-01
6.371681415929203451e-01
6.390532544378698665e-01
6.385185185185184853e-01
6.404160475482911785e-01
6.423248882265275572e-01
6.432835820895522749e-01
6.442451420029895459e-01
6.452095808383233599e-01
6.461769115442278499e-01
6.471471471471471615e-01
6.481203007518796522e-01
6.490963855421686413e-01
6.500754147812971562e-01
6.510574018126887852e-01
6.520423600605144143e-01
6.530303030303030720e-01
6.540212443095599903e-01
6.550151975683891070e-01
6.560121765601217847e-01
6.570121951219511924e-01
6.590214067278287180e-01
6.600306278713629071e-01
6.610429447852760321e-01
6.620583717357910736e-01
6.615384615384615197e-01
6.635802469135801962e-01
6.646058732612055708e-01
6.656346749226006443e-01
6.666666666666666297e-01
6.677018633540372505e-01
6.671850699844479315e-01
6.682242990654205794e-01
6.692667706708268494e-01
6.703124999999999778e-01
6.713615023474178711e-01
6.724137931034482873e-01
6.734693877551020114e-01
6.745283018867924696e-01
6.755905511811023390e-01
6.766561514195583715e-01
6.761453396524486070e-01
6.772151898734176667e-01
6.782884310618066959e-01
6.793650793650793940e-01
6.788553259141494323e-01
6.799363057324840920e-01
6.794258373205741552e-01
6.789137380191693216e-01
6.800000000000000488e-01
6.810897435897436125e-01
6.821829855537721032e-01
6.832797427652732569e-01
6.854838709677418818e-01
6.865912762520194335e-01
6.877022653721682754e-01
6.899350649350649567e-01
6.955810147299509305e-01
7.013201320132013139e-01
7.008264462809917772e-01
7.019867549668874496e-01
7.031509121061360057e-01
7.043189368770763625e-01
7.054908485856905553e-01
7.066666666666666652e-01
7.078464106844740700e-01
7.090301003344481323e-01
7.102177554438861007e-01
7.097315436241610209e-01
7.109243697478991875e-01
7.121212121212121549e-01
7.133220910623946365e-01
7.145270270270269730e-01
7.140439932318104477e-01
7.152542372881356414e-01
7.176870748299319924e-01
7.189097103918228315e-01
7.184300341296928627e-01
7.196581196581196549e-01
7.208904109589041598e-01
7.233676975945017018e-01
7.228915662650602370e-01
7.253886010362694536e-01
7.266435986159169858e-01
7.279029462738301204e-01
7.291666666666666297e-01
7.304347826086956541e-01
7.317073170731707155e-01
7.368421052631578538e-01
7.381370826010544839e-01
7.394366197183098732e-01
7.407407407407406996e-01
7.433628318584071248e-01
7.460035523978685301e-01
7.473309608540925630e-01
7.486631016042780695e-01
7.500000000000000000e-01
7.513416815742397503e-01
7.526881720430107503e-01
7.540394973070018159e-01
7.553956834532373765e-01
7.549549549549549043e-01
7.563176895306858993e-01
7.558770343580469842e-01
7.572463768115942351e-01
7.586206896551723755e-01
7.600000000000000089e-01
7.613843351548269522e-01
7.627737226277372384e-01
7.641681901279707700e-01
7.655677655677655125e-01
7.669724770642202261e-01
7.683823529411765163e-01
7.697974217311234213e-01
7.712177121771217614e-01
7.726432532347504711e-01
7.740740740740740256e-01
7.736549165120594207e-01
7.732342007434944708e-01
7.746741154562383214e-01
7.742537313432835688e-01
7.757009345794392274e-01
7.771535580524344677e-01
7.786116322701688297e-01
7.800751879699248104e-01
7.796610169491525744e-01
7.811320754716981618e-01
7.826086956521739468e-01
7.840909090909090606e-01
7.855787476280834403e-01
7.870722433460075607e-01
7.866666666666666252e-01
7.862595419847328015e-01
7.858508604206501102e-01
7.873563218390804419e-01
7.869481765834932530e-01
7.884615384615384359e-01
7.899807321772639446e-01
7.915057915057914784e-01
7.911025145067698272e-01
7.906976744186046124e-01
7.902912621359223788e-01
7.898832684824902417e-01
7.914230019493176949e-01
7.929687500000000000e-01
7.925636007827788765e-01
7.941176470588234837e-01
7.937131630648329716e-01
7.933070866141732624e-01
7.928994082840237212e-01
7.924901185770750756e-01
7.940594059405940985e-01
7.988047808764939806e-01
7.984031936127744533e-01
8.000000000000000444e-01
8.016032064128256751e-01
8.012048192771084043e-01
8.028169014084507449e-01
8.076923076923077094e-01
8.093306288032454665e-01
8.089430894308943243e-01
8.105906313645621086e-01
8.122448979591836427e-01
8.118609406952965735e-01
8.114754098360655865e-01
8.148148148148147696e-01
8.144329896907216426e-01
8.161157024793388448e-01
8.157349896480331486e-01
8.153526970954356745e-01
8.170478170478170377e-01
8.187499999999999778e-01
8.204592901878914324e-01
8.256302521008402895e-01
8.273684210526315308e-01
8.291139240506328889e-01
8.287526427061310264e-01
8.283898305084745894e-01
8.280254777070064076e-01
8.276595744680851352e-01
8.294243070362473658e-01
8.311965811965812412e-01
8.308351177730193271e-01
8.326180257510729099e-01
8.344086021505375816e-01
8.340517241379310498e-01
8.336933045356371696e-01
8.333333333333333703e-01
8.329718004338394488e-01
8.326086956521738802e-01
8.344226579520697129e-01
8.340611353711789855e-01
8.358862144420131646e-01
8.355263157894736725e-01
8.351648351648351953e-01
8.370044052863435668e-01
8.388520971302427798e-01
8.407079646017698860e-01
8.425720620842571673e-01
8.444444444444444420e-01
8.463251670378618696e-01
8.482142857142856984e-01
8.478747203579418690e-01
8.497757847533632392e-01
8.494382022471910210e-01
8.513513513513513153e-01
8.532731376975168924e-01
8.552036199095022218e-01
8.548752834467120421e-01
8.545454545454544970e-01
8.564920273348519686e-01
8.561643835616438158e-01
8.558352402745995624e-01
8.577981651376146432e-01
8.597701149425287515e-01
8.594470046082949288e-01
8.591224018475750457e-01
8.611111111111111605e-01
8.607888631090486742e-01
8.627906976744186274e-01
8.648018648018648280e-01
8.644859813084112554e-01
8.665105386416861455e-01
8.685446009389671262e-01
8.705882352941176627e-01
8.726415094339622369e-01
8.767772511848340722e-01
8.809523809523809312e-01
8.806682577565632108e-01
8.803827751196172668e-01
8.824940047961630230e-01
8.822115384615384359e-01
8.819277108433735135e-01
8.816425120772947155e-01
8.813559322033898136e-01
8.810679611650485965e-01
8.807785888077859227e-01
8.804878048780487854e-01
8.801955990220048376e-01
8.799019607843137081e-01
8.796068796068795548e-01
8.793103448275861878e-01
8.790123456790123191e-01
8.787128712871287162e-01
8.830845771144278933e-01
8.827930174563590748e-01
8.822055137844611039e-01
8.844221105527638738e-01
8.841309823677582225e-01
8.863636363636363535e-01
8.860759493670885556e-01
8.883248730964466988e-01
8.880407124681933828e-01
8.877551020408163129e-01
8.900255754475703274e-01
8.923076923076923572e-01
8.920308483290488866e-01
8.917525773195876804e-01
8.914728682170542928e-01
8.911917098445595320e-01
8.958333333333333703e-01
8.955613577023499028e-01
8.952879581151832467e-01
8.976377952755905110e-01
8.973684210526315930e-01
8.970976253298152958e-01
9.018567639257294433e-01
9.015957446808510189e-01
9.013333333333333197e-01
9.010695187165775888e-01
9.008042895442359699e-01
9.032258064516128782e-01
9.029649595687331276e-01
9.078590785907859617e-01
9.076086956521739468e-01
9.073569482288827981e-01
9.071038251366120297e-01
9.068493150684932003e-01
9.065934065934065922e-01
9.063360881542700254e-01
9.088397790055248171e-01
9.085872576177285165e-01
9.083333333333333259e-01
9.080779944289693040e-01
9.078212290502792881e-01
9.103641456582632907e-01
9.129213483146066954e-01
9.126760563380281743e-01
9.124293785310734206e-01
9.150141643059490626e-01
9.176136363636363535e-01
9.173789173789174134e-01
9.171428571428571486e-01
9.169054441260745536e-01
9.166666666666666297e-01
9.193083573487031979e-01
9.188405797101448780e-01
9.186046511627906641e-01
9.183673469387755306e-01
9.210526315789473450e-01
9.208211143695014256e-01
9.203539823008849430e-01
9.201183431952663083e-01
9.198813056379822051e-01
9.196428571428570953e-01
9.194029850746268107e-01
9.191616766467065602e-01
9.219219219219219053e-01
9.214501510574018006e-01
9.212121212121212599e-01
9.209726443768997406e-01
9.207317073170732113e-01
9.204892966360855855e-01
9.202453987730061513e-01
9.200000000000000400e-01
9.197530864197530631e-01
9.226006191950464341e-01
9.223602484472049889e-01
9.221183800623052873e-01
9.218750000000000000e-01
9.213836477987421558e-01
9.211356466876972071e-01
9.208860759493671111e-01
9.206349206349205838e-01
9.201277955271565112e-01
9.198717948717948234e-01
9.196141479099678717e-01
9.193548387096773800e-01
9.188311688311687764e-01
9.185667752442996381e-01
9.215686274509803377e-01
9.213114754098360448e-01
9.207920792079208328e-01
9.205298013245033495e-01
9.235880398671096891e-01
9.233333333333333393e-01
9.230769230769231282e-01
9.228187919463086697e-01
9.225589225589225784e-01
9.256756756756756577e-01
9.254237288135592765e-01
9.251700680272109123e-01
9.249146757679180819e-01
9.246575342465753744e-01
9.243986254295533112e-01
9.241379310344827180e-01
9.273356401384083014e-01
9.270833333333333703e-01
9.303135888501742334e-01
9.300699300699301064e-01
9.298245614035087758e-01
9.295774647887323772e-01
9.361702127659574657e-01
9.359430604982206248e-01
9.392857142857142794e-01
9.426523297491039566e-01
9.460431654676259017e-01
9.458483754512635455e-01
9.456521739130434590e-01
9.454545454545454364e-01
9.489051094890510463e-01
9.629629629629629095e-01
9.628252788104089133e-01
9.664179104477611526e-01
9.662921348314607028e-01
9.661654135338345606e-01
9.660377358490566113e-01
9.659090909090909394e-01
9.657794676806084055e-01
9.656488549618320594e-01
9.655172413793103869e-01
9.653846153846153966e-01
9.691119691119690627e-01
9.689922480620154488e-01
9.688715953307392992e-01
9.687500000000000000e-01
9.686274509803921573e-01
9.762845849802371800e-01
9.761904761904761640e-01
9.760956175298804993e-01
9.799999999999999822e-01
9.799196787148594101e-01
9.798387096774193727e-01
9.793388429752065694e-01
9.792531120331949834e-01
9.789915966386554258e-01
9.786324786324785974e-01
9.785407725321888517e-01
9.781659388646287701e-01
9.778761061946902311e-01
9.863013698630136439e-01
1.000000000000000000e+00
