5.000000000000000000e-01
5.010313144571535426e-01
5.011257035647279645e-01
5.073124406457739655e-01
5.074088145896656910e-01
5.075052251567546691e-01
5.076016723679209752e-01
5.075080783121079797e-01
5.085714285714285632e-01
5.086683177748142493e-01
5.087652439024390461e-01
5.088622069754145105e-01
5.089592070148685199e-01
5.091533180778031742e-01
5.092504291436200647e-01
5.093475772605875473e-01
5.094447624499141014e-01
5.096392441305592769e-01
5.098338743555470565e-01
5.099312452253628170e-01
5.100286532951289198e-01
5.103211009174312141e-01
5.106138841078600166e-01
5.109070034443168318e-01
5.112983531214094768e-01
5.113962842367362205e-01
5.121810857471705836e-01
5.123776626367300135e-01
5.128697656550134099e-01
5.127761767531220372e-01
5.155495460691520426e-01
5.237441130298272629e-01
5.266377269139700390e-01
5.267416617327806971e-01
5.343343343343343044e-01
5.345483677148007429e-01
5.346554487179486781e-01
5.347625726307353444e-01
5.348697394789578841e-01
5.349769492884345334e-01
5.352988367428800354e-01
5.354062186559679359e-01
5.355136436597111027e-01
5.356211117800522281e-01
5.357286230429546547e-01
5.365902694008846119e-01
5.383219039935457362e-01
5.393008688623964764e-01
5.394098625707356431e-01
5.395189003436425823e-01
5.396279822078446919e-01
5.397371081900910195e-01
5.397853816562057094e-01
5.398946942081814804e-01
5.400040510431436402e-01
5.402228976697062146e-01
5.403323875152006295e-01
5.405515004055150285e-01
5.404583248833907394e-01
5.403651115618661738e-01
5.402718604179346240e-01
5.403814935064935598e-01
5.406008932196508798e-01
5.407106598984771084e-01
5.408204711616572125e-01
5.415904006508033275e-01
5.419210419210419571e-01
5.422520871512930274e-01
5.424730087594215044e-01
5.425835370823145487e-01
5.432476540187678449e-01
5.448036006546644883e-01
5.449150808266830515e-01
5.448219402374130382e-01
5.449334698055271486e-01
5.453800450727309679e-01
5.456036072965771977e-01
5.455104551045510952e-01
5.456223087963911755e-01
5.457342083675144062e-01
5.458461538461538698e-01
5.459581452605662966e-01
5.460701826390313984e-01
5.466310599835660922e-01
5.467433737415245965e-01
5.469681397738951345e-01
5.480947476828011977e-01
5.494528185009291965e-01
5.495662949194547453e-01
5.494732493286511588e-01
5.495867768595040781e-01
5.497003513122545870e-01
5.499276410998552578e-01
5.500413564929693688e-01
5.502689284236657041e-01
5.503827850196565397e-01
5.504966887417218624e-01
5.504036431380666672e-01
5.514309415180422835e-01
5.515453225471893539e-01
5.520033215694415407e-01
5.521179401993355773e-01
5.520249221183800570e-01
5.521395928541753539e-01
5.535193669304456776e-01
5.536346594459488069e-01
5.598146588037068438e-01
5.599325890035812270e-01
5.600505689001263887e-01
5.601685985247628619e-01
5.605229860818220500e-01
5.606412149335583406e-01
5.607594936708860667e-01
5.609962009286618700e-01
5.615888442848088191e-01
5.617075232459848300e-01
5.619450317124735639e-01
5.621827411167512611e-01
5.631355932203390147e-01
5.638523546881629711e-01
5.645709430756159497e-01
5.646908859145952642e-01
5.651711673399957281e-01
5.652913653764355395e-01
5.654116145500956980e-01
5.653191489361701905e-01
5.654394552032346866e-01
5.653469561515538366e-01
5.654673195656801932e-01
5.655877342419080023e-01
5.654952076677316475e-01
5.656156795909671464e-01
5.658567774936061889e-01
5.659774035386910818e-01
5.660980810234541583e-01
5.670653566851773242e-01
5.671864986114077967e-01
5.673076923076922906e-01
5.674289378072238099e-01
5.675502351432235582e-01
5.677929854576561075e-01
5.679144385026737574e-01
5.680359435173298888e-01
5.687660668380463136e-01
5.688879365759588191e-01
5.690098585512215479e-01
5.689174705251875963e-01
5.690394511149228229e-01
5.691614840231610239e-01
5.694057069298433804e-01
5.695278969957081605e-01
5.694355011805108946e-01
5.695577501073422200e-01
5.696800515353231953e-01
5.701697829357403879e-01
5.702923473774720309e-01
5.704149645237582833e-01
5.711517761033368945e-01
5.723840345199568969e-01
5.725075528700905858e-01
5.726311245413339135e-01
5.725388601036269787e-01
5.726624919023969307e-01
5.725701943844492270e-01
5.726938863685461234e-01
5.733131487889273625e-01
5.734371620160069183e-01
5.735612289052358648e-01
5.736853494914521123e-01
5.735930735930735436e-01
5.737172548170599296e-01
5.738414898224339922e-01
5.739657786441412224e-01
5.755864465682015707e-01
5.797418507985123703e-01
5.799956226745458521e-01
5.801225919439579881e-01
5.802496168162908363e-01
5.808855765015343842e-01
5.811403508771929571e-01
5.813953488372093359e-01
5.817782656421515153e-01
5.819060166886254049e-01
5.829300483941927125e-01
5.830583058305830457e-01
5.831866197183098732e-01
5.837004405286343456e-01
5.839576906126047184e-01
5.840864007053119256e-01
5.842151675485008910e-01
5.843439911797133623e-01
5.847308031774051118e-01
5.855059655324790224e-01
5.883658969804618222e-01
5.886272767658817795e-01
5.887580537658297919e-01
5.888888888888889062e-01
5.887975105579017487e-01
5.887060915962649688e-01
5.888370024460751750e-01
5.892300845571873946e-01
5.893612285777877213e-01
5.894924309884238545e-01
5.898863889507685032e-01
5.900178253119429117e-01
5.902808738296924096e-01
5.904124860646600137e-01
5.906758866830247312e-01
5.908076751450245245e-01
5.907163579558134536e-01
5.906249999999999556e-01
5.907568653717347740e-01
5.908887896382313265e-01
5.907974089792271677e-01
5.909294012511170369e-01
5.908379888268155966e-01
5.909700491729995564e-01
5.911021685669572978e-01
5.910107334525939171e-01
5.909192574368150597e-01
5.908277404921700171e-01
5.909599462967106698e-01
5.908683974932855687e-01
5.912653975363941772e-01
5.911738351254480772e-01
5.914388166741371133e-01
5.922351885098743329e-01
5.921436588103254905e-01
5.925426774483377734e-01
5.928089887640449751e-01
5.929422342099348597e-01
5.928507194244604372e-01
5.929840341803462866e-01
5.932508436445443900e-01
5.933843384338434168e-01
5.935178933153274494e-01
5.939189189189189033e-01
5.938274386123000292e-01
5.937359170797656960e-01
5.938697318007662984e-01
5.940036068530207825e-01
5.941375422773393922e-01
5.942715381145692310e-01
5.944055944055943730e-01
5.945397111913357513e-01
5.946738885127510477e-01
5.948081264108352473e-01
5.956148282097649682e-01
5.957494912955008104e-01
5.958842152872003695e-01
5.960190002261931408e-01
5.959276018099547434e-01
5.960624575695858685e-01
5.961973743775463852e-01
5.961059542676024892e-01
5.960144927536231707e-01
5.961494903737258877e-01
5.962845491617579929e-01
5.965548504079782877e-01
5.966900929494445283e-01
5.968253968253968145e-01
5.967339532773872079e-01
5.966424682395644608e-01
5.965509416836850543e-01
5.966863368134361911e-01
5.968217934165720440e-01
5.975000000000000311e-01
5.976358263241645652e-01
5.977717144156434737e-01
5.980436760691537623e-01
5.981797497155858512e-01
5.983158852981338427e-01
5.985883424408015019e-01
5.988610478359909228e-01
5.989974937343358619e-01
6.016968585186883711e-01
6.092407708381704090e-01
6.109429569266588977e-01
6.108523521192361638e-01
6.109946424411832888e-01
6.112794220461430506e-01
6.114219114219113793e-01
6.115644672417812622e-01
6.131369798971482155e-01
6.132803366845920312e-01
6.134237605238540558e-01
6.135672514619883167e-01
6.137108095460926949e-01
6.141418871458674822e-01
6.140515222482435531e-01
6.141953619114546292e-01
6.143392689784442640e-01
6.144832434966018830e-01
6.146272855133614321e-01
6.147713950762015989e-01
6.149155722326453688e-01
6.150598170302603585e-01
6.149694978883153418e-01
6.151138230462332990e-01
6.152582159624413460e-01
6.154026766846677488e-01
6.153123532174730181e-01
6.154568945266619684e-01
6.156015037593984829e-01
6.155111633372503110e-01
6.158006113331765397e-01
6.171065032987747001e-01
6.172519443789771243e-01
6.176886792452830344e-01
6.178343949044585726e-01
6.179801793298725920e-01
6.181260325702148117e-01
6.184179456906729877e-01
6.185640056683986421e-01
6.184738955823293471e-01
6.183837429111531669e-01
6.191152117340903427e-01
6.192617132039753836e-01
6.194082840236686538e-01
6.194648354250532618e-01
6.193747039317858416e-01
6.202561669829221858e-01
6.223227034745358877e-01
6.222328017138776257e-01
6.221428571428571086e-01
6.224392567889470707e-01
6.225875625446747330e-01
6.224976167778837333e-01
6.226460071513706396e-01
6.225560324272770840e-01
6.227045075125208218e-01
6.226145038167938406e-01
6.225244571701264995e-01
6.226730310262529322e-01
6.228216758176176038e-01
6.229703915950334236e-01
6.231191784093622621e-01
6.232680363115146172e-01
6.234169653524491705e-01
6.235659655831740089e-01
6.237150370547454026e-01
6.238641798182688047e-01
6.237742166945706712e-01
6.236842105263158409e-01
6.235941612826034763e-01
6.237434179033030102e-01
6.240421455938697237e-01
6.241916167664670612e-01
6.249400479616307180e-01
6.250899496282081858e-01
6.252399232245681171e-01
6.253899688024957548e-01
6.253000480076812417e-01
6.254501800720287941e-01
6.256003842459173514e-01
6.257506605813115685e-01
6.259010091302258383e-01
6.257211538461538991e-01
6.258716037509016727e-01
6.260221260221260353e-01
6.261727207120519889e-01
6.259927797833935159e-01
6.259027443428021309e-01
6.260534553334938801e-01
6.262042389210019655e-01
6.261141893519633905e-01
6.262650602409638445e-01
6.264160038563508781e-01
6.268692715870718413e-01
6.267792521109770698e-01
6.269305019305019266e-01
6.268404537774558971e-01
6.272946859903382189e-01
6.274462430538777502e-01
6.277495769881556997e-01
6.282051282051281937e-01
6.283571255746430717e-01
6.286613410796417778e-01
6.288135593220338659e-01
6.289658512957132519e-01
6.291182170542635177e-01
6.292706566513205368e-01
6.294231701405720303e-01
6.295757575757575664e-01
6.297284190106692270e-01
6.298811544991510525e-01
6.300339640950994857e-01
6.301868478524630390e-01
6.303398058252427383e-01
6.304928380674921229e-01
6.306459446333171348e-01
6.307991255768763406e-01
6.309523809523809312e-01
6.311057108140947225e-01
6.312591152163344876e-01
6.314125942134695135e-01
6.315661478599221557e-01
6.317197762101678382e-01
6.315405208079825083e-01
6.320019483682416395e-01
6.319123020706455263e-01
6.323744514870794919e-01
6.331462045399072203e-01
6.333007812500000000e-01
6.334554334554334254e-01
6.332763254336671865e-01
6.334310850439882623e-01
6.335859203128819672e-01
6.337408312958434653e-01
6.338958180484225435e-01
6.340508806262230568e-01
6.342060190849033718e-01
6.345165238678091013e-01
6.346718903036239201e-01
6.348273328434974605e-01
6.349828515433610931e-01
6.351384464592011447e-01
6.350490196078431016e-01
6.352047070360382630e-01
6.353604708190289108e-01
6.355163110129997683e-01
6.356722276741904043e-01
6.358282208588956763e-01
6.359842906234658422e-01
6.361404370243064488e-01
6.362966601178782211e-01
6.366093366093366068e-01
6.367657901204226700e-01
6.369223205506391317e-01
6.370789279567248276e-01
6.372356123954746598e-01
6.373923739237392638e-01
6.375492125984252301e-01
6.377061284764952154e-01
6.378631216149679428e-01
6.383345651638334672e-01
6.384918679152291610e-01
6.386492482129652037e-01
6.388067061143983816e-01
6.389642416769421018e-01
6.391218549580660602e-01
6.394373149062191342e-01
6.395951616884719693e-01
6.397530864197530365e-01
6.399110891578166926e-01
6.400691699604743601e-01
6.402273288855943045e-01
6.403855659911023013e-01
6.405438813349814131e-01
6.408607469700717818e-01
6.407718951014349518e-01
6.409304627567433688e-01
6.410891089108911034e-01
6.412478336221837383e-01
6.414066369489846986e-01
6.415655189497151412e-01
6.417244796828542874e-01
6.418835192069393125e-01
6.420426375805652341e-01
6.419538804859905579e-01
6.421130952380952328e-01
6.422723889853634294e-01
6.424317617866004415e-01
6.425912137006701830e-01
6.427507447864945211e-01
6.429103551030543873e-01
6.430700447093889993e-01
6.432298136645963060e-01
6.433896620278329870e-01
6.441900970390644909e-01
6.443504230960677148e-01
6.445108289768484156e-01
6.446713147410358946e-01
6.448318804483188504e-01
6.449925261584454894e-01
6.451532519312235259e-01
6.454749439042632986e-01
6.456359102244388914e-01
6.457969568470940391e-01
6.459580838323353280e-01
6.461192912403294075e-01
6.464419475655430736e-01
6.466033966033966074e-01
6.467649263052710484e-01
6.469265367316341386e-01
6.470882279430142381e-01
6.472499999999999920e-01
6.474118529632407748e-01
6.475737868934466901e-01
6.477358018513885707e-01
6.480600750938673160e-01
6.479719579369053184e-01
6.481342349110944534e-01
6.482965931863727826e-01
6.484590328238536427e-01
6.486215538847117656e-01
6.487841564301830566e-01
6.489468405215647051e-01
6.492724535875564751e-01
6.499246609743847269e-01
6.520534139581758426e-01
6.519657258064516236e-01
6.521300731031005604e-01
6.526236125126134713e-01
6.529530540131246452e-01
6.531178995203231752e-01
6.532828282828282429e-01
6.534478403637281607e-01
6.537781147333838749e-01
6.539433771486349301e-01
6.544396660763976969e-01
6.547709440647937473e-01
6.549367088607594978e-01
6.551025576095214076e-01
6.550151975683891070e-01
6.551811502406891252e-01
6.553471870248352982e-01
6.555133079847909050e-01
6.554259634888438546e-01
6.555921886888156358e-01
6.557584982242516958e-01
6.556711494544531504e-01
6.558375634517766839e-01
6.560040619446559917e-01
6.561706449974606947e-01
6.563373126746253616e-01
6.561626429479033851e-01
6.563294356888662584e-01
6.566632756866734866e-01
6.568303230730093700e-01
6.574993633817163285e-01
6.576668364747835227e-01
6.578343949044586081e-01
6.580020387359837297e-01
6.580826109127996260e-01
6.577335375191424305e-01
6.579014551953025203e-01
6.580694586312564320e-01
6.582375478927202650e-01
6.584057230454777310e-01
6.585739841553794882e-01
6.587423312883435855e-01
6.589107645103554622e-01
6.590792838874680593e-01
6.592478894858020411e-01
6.595853596109546579e-01
6.600922131147540783e-01
6.602613374327440665e-01
6.604305484366991275e-01
6.605998461932838239e-01
6.607692307692307754e-01
6.609387022313413240e-01
6.608517188301693546e-01
6.611909650924024939e-01
6.613607188703466422e-01
6.615305598356445715e-01
6.617004880554842039e-01
6.616135662898252612e-01
6.617836031868413738e-01
6.619537275064267812e-01
6.621239393160195386e-01
6.620370370370370905e-01
6.622073578595317755e-01
6.623777663407102168e-01
6.628895184135977781e-01
6.630602782071097767e-01
6.632311259984540186e-01
6.634020618556700777e-01
6.635730858468676940e-01
6.637441980402268848e-01
6.639153985039979444e-01
6.646010844306738941e-01
6.649444587961766961e-01
6.651162790697674465e-01
6.652881881623158300e-01
6.654601861427094089e-01
6.656322730799069110e-01
6.658044490429384510e-01
6.659767141009055313e-01
6.658902691511386918e-01
6.660626456122185068e-01
6.662351113412740000e-01
6.661486661486661909e-01
6.666666666666666297e-01
6.670124481327800448e-01
6.671854734111543062e-01
6.675317934077342752e-01
6.678784731238639472e-01
6.680519480519480080e-01
6.682255131202909926e-01
6.683991683991683530e-01
6.685729139589290382e-01
6.687467498699948276e-01
6.686605981794538911e-01
6.688345473465140412e-01
6.690085870413738922e-01
6.691827173347214552e-01
6.693569382973184601e-01
6.695312500000000222e-01
6.697056525136754201e-01
6.698801459093277622e-01
6.697941099817565913e-01
6.701434159061278040e-01
6.708431219002871648e-01
6.713688610240334809e-01
6.715442905670238050e-01
6.714584422373235384e-01
6.716339869281046093e-01
6.715481171548116635e-01
6.717237771383730571e-01
6.718995290423861455e-01
6.718136613451975991e-01
6.717277486910995243e-01
6.719036396962555502e-01
6.722556981922975794e-01
6.724318658280922234e-01
6.726081258191349832e-01
6.725222863135815743e-01
6.726986624704957007e-01
6.728751311647429567e-01
6.727892941485174028e-01
6.729658792650918819e-01
6.728800210028879070e-01
6.727941176470588758e-01
6.729708431836091131e-01
6.743879968412740400e-01
6.743022643496576762e-01
6.744798525151435298e-01
6.750131787032156438e-01
6.749274980226733778e-01
6.752835663413347955e-01
6.754617414248020868e-01
6.756400105568751702e-01
6.759968312648534372e-01
6.761753829899630475e-01
6.763540290620871920e-01
6.762684989429175175e-01
6.764472640761300948e-01
6.766261237440507337e-01
6.768050780216874340e-01
6.769841269841270215e-01
6.771632707065361467e-01
6.773425092641609524e-01
6.775218427323272952e-01
6.778807947019866997e-01
6.780604133545310441e-01
6.785998408910103308e-01
6.787798408488063817e-01
6.791401273885350198e-01
6.790549508893017894e-01
6.789697291556027192e-01
6.791500664010624577e-01
6.790648246546227007e-01
6.792452830188678847e-01
6.794258373205741552e-01
6.797872340425531457e-01
6.832397754611067020e-01
6.865431103948428371e-01
6.882067851373182554e-01
6.881228117425262081e-01
6.880387931034482873e-01
6.884097035040431800e-01
6.885953087085467939e-01
6.887810140237324852e-01
6.889668195306177800e-01
6.888828926065838631e-01
6.890688259109312153e-01
6.896272285251215939e-01
6.895433666576601395e-01
6.901027582477015088e-01
6.902894238571815055e-01
6.902056277056276556e-01
6.901217861975642576e-01
6.903086085544125616e-01
6.904955320877335101e-01
6.904117009750813105e-01
6.905987537252776809e-01
6.907859078590785629e-01
6.907020872865274885e-01
6.906182212581344348e-01
6.908055329536207934e-01
6.909929462832338221e-01
6.913680781758957394e-01
6.917436175991309444e-01
6.919315403422983124e-01
6.921195652173912638e-01
6.923076923076922906e-01
6.924959216965742570e-01
6.926842534675007323e-01
6.928726877040261023e-01
6.930612244897959018e-01
6.932498639085465930e-01
6.945732206163076627e-01
6.947626841243862428e-01
6.949522510231923578e-01
6.951419213973799582e-01
6.953316953316953652e-01
6.955215729109776035e-01
6.954384048074296887e-01
6.953551912568306514e-01
6.952719322219185205e-01
6.954620010934937646e-01
6.956521739130434590e-01
6.958424507658643732e-01
6.960328317373460916e-01
6.962233169129721233e-01
6.961401587736106844e-01
6.960569550930996163e-01
6.959737058340180749e-01
6.961643835616437848e-01
6.963551657988490406e-01
6.965460526315789824e-01
6.967370441458733410e-01
6.971193415637859658e-01
6.973106476399560938e-01
6.975020587427943619e-01
6.976935749588137892e-01
6.980769230769230393e-01
6.979939543830723236e-01
6.981858163826277774e-01
6.983777838878196809e-01
6.987620357634112267e-01
6.989543203082003719e-01
6.991467107074043064e-01
6.989809969705315096e-01
6.988980716253443415e-01
6.990906585836318410e-01
6.992833517089305229e-01
6.994761510890543654e-01
6.993932708218422167e-01
6.995862068965517100e-01
6.999723985647253732e-01
6.998895637769187994e-01
6.998066832366749423e-01
6.999999999999999556e-01
7.001934235976788878e-01
7.003869541182974334e-01
7.005805916505390973e-01
7.007743362831858613e-01
7.009681881051175178e-01
7.008854454897620601e-01
7.010794353722668015e-01
7.020509977827050774e-01
7.024403771491958270e-01
7.026352288488211251e-01
7.028301886792452935e-01
7.030252567305023126e-01
7.032204330927263047e-01
7.029730480689080352e-01
7.028904947192884389e-01
7.030859049207672795e-01
7.032814238042268684e-01
7.034770514603616576e-01
7.038686334539382417e-01
7.042606516290726981e-01
7.044568245125347739e-01
7.043744775703538741e-01
7.042920847268673290e-01
7.044884304432673661e-01
7.044060234244283736e-01
7.046025104602510192e-01
7.047991071428570953e-01
7.049958135640524981e-01
7.049134561697375512e-01
7.048310527785535129e-01
7.047486033519553272e-01
7.049455155071249202e-01
7.051425377305757802e-01
7.055369127516778471e-01
7.054545454545454453e-01
7.053721320649132265e-01
7.055695493982647726e-01
7.057670772676372106e-01
7.059647157658919259e-01
7.061624649859944425e-01
7.060801344914542366e-01
7.059977578475336024e-01
7.063937184520471257e-01
7.065918653576437336e-01
7.065095398428731244e-01
7.064271681167555439e-01
7.066254912970241220e-01
7.068239258635214961e-01
7.070224719101123600e-01
7.072211295307671008e-01
7.074198988195615767e-01
7.076187798706775611e-01
7.078177727784027429e-01
7.082160945413618069e-01
7.084154235857021975e-01
7.086148648648649129e-01
7.094137542277338948e-01
7.096137581054412502e-01
7.104149026248941512e-01
7.106154714850366760e-01
7.110169491525423213e-01
7.118212669683258165e-01
7.120226308345120048e-01
7.122241086587436376e-01
7.124257005377865326e-01
7.126274065685164194e-01
7.128292268479183846e-01
7.130311614730878711e-01
7.132332105412297896e-01
7.131519274376417750e-01
7.130705982421321476e-01
7.132728304027226018e-01
7.134751773049645696e-01
7.146916737709576584e-01
7.148948266060261014e-01
7.150980949673017006e-01
7.153014789533560513e-01
7.152204836415362310e-01
7.151394422310757282e-01
7.153430116709365016e-01
7.155466970387244219e-01
7.157504984334946974e-01
7.161584497007694727e-01
7.163625997719498262e-01
7.169757489300998543e-01
7.175899486007994987e-01
7.177949157383605172e-01
7.179999999999999716e-01
7.182052014861388667e-01
7.184105202973127824e-01
7.186159565341720956e-01
7.188215102974828685e-01
7.190271816881258493e-01
7.194388777555110748e-01
7.196449026345933531e-01
7.198510455456889057e-01
7.202636858698767686e-01
7.201834862385321223e-01
7.201032406079724835e-01
7.203098106712564341e-01
7.205164992826398329e-01
7.207233065442020248e-01
7.211372774267662544e-01
7.213444412525136240e-01
7.215517241379310054e-01
7.217591261856854956e-01
7.216791259344450538e-01
7.215990796663790396e-01
7.220143884892086250e-01
7.222222222222222099e-01
7.224301756406564801e-01
7.226382488479262678e-01
7.228464419475655323e-01
7.232631882386855171e-01
7.236804153446784182e-01
7.238892094633583296e-01
7.238095238095237915e-01
7.240184757505773172e-01
7.242275483684667003e-01
7.241478913922587690e-01
7.243571222190118286e-01
7.247759468054351117e-01
7.249855407750144254e-01
7.251952560023141592e-01
7.254050925925925597e-01
7.253256150506511846e-01
7.255356108859293274e-01
7.254561251086012463e-01
7.256662804171495340e-01
7.255867864387134381e-01
7.257971014492753392e-01
7.260075384169324408e-01
7.259280742459396363e-01
7.261386713083840538e-01
7.260591990713871624e-01
7.262699564586356793e-01
7.264808362369338246e-01
7.266918385129247371e-01
7.269029633933759005e-01
7.271142109851786994e-01
7.270348837209302806e-01
7.272462925268973200e-01
7.274578243164631086e-01
7.276694791969741116e-01
7.278812572759022492e-01
7.280931586608442307e-01
7.283051834595224427e-01
7.285173317797843939e-01
7.284382284382284745e-01
7.286505392013989946e-01
7.288629737609328973e-01
7.287839020122485190e-01
7.294220665499124845e-01
7.296350364963504198e-01
7.298481308411215451e-01
7.300613496932515378e-01
7.302746931618936399e-01
7.304881613563285470e-01
7.304093567251461749e-01
7.306229891781222952e-01
7.308367466354592779e-01
7.307579748317237778e-01
7.309718969555034640e-01
7.311859443631039124e-01
7.314001171646162813e-01
7.316144154702607372e-01
7.318288393903868982e-01
7.322580645161290702e-01
7.324728659430917999e-01
7.326877934272300052e-01
7.329028470795421191e-01
7.331180270111568031e-01
7.333333333333332815e-01
7.335487661574617846e-01
7.337643255950632160e-01
7.336077624228167782e-01
7.338235294117646523e-01
7.342554443790465513e-01
7.341772151898734444e-01
7.346097201767305407e-01
7.348261638185031863e-01
7.350427350427350959e-01
7.352594339622641195e-01
7.354762606900618893e-01
7.356932153392330420e-01
7.365623154164205877e-01
7.367799113737075745e-01
7.369976359338061833e-01
7.372154892107596336e-01
7.374334713187462587e-01
7.373558118899733449e-01
7.375739644970413789e-01
7.380106571936057014e-01
7.382291975125850891e-01
7.381516587677725560e-01
7.383703703703703436e-01
7.385892116182573020e-01
7.388081826267417496e-01
7.387307236061684268e-01
7.389498665084545115e-01
7.391691394658753689e-01
7.396080760095011808e-01
7.398277398277398609e-01
7.400475341651812089e-01
7.399702823179792333e-01
7.401902497027348371e-01
7.404103479036574509e-01
7.406305770374776998e-01
7.410714285714286031e-01
7.412920512057159517e-01
7.421758569299552466e-01
7.423971377459749332e-01
7.426185505517447494e-01
7.428400954653937571e-01
7.435055240370259666e-01
7.433522557514191664e-01
7.435744172145846154e-01
7.437967115097160464e-01
7.437200956937799479e-01
7.439425665569847634e-01
7.441651705565529573e-01
7.443879078120323456e-01
7.446107784431137411e-01
7.448337825696316195e-01
7.450569203115637862e-01
7.449805214264308972e-01
7.452038369304556653e-01
7.454272863568215390e-01
7.458745874587459079e-01
7.463224256979885674e-01
7.465465465465465078e-01
7.467708020426554461e-01
7.469951923076922906e-01
7.472197174631800554e-01
7.474443776307877485e-01
7.476691729323308166e-01
7.478941034897713669e-01
7.481191694252181668e-01
7.480433473810956801e-01
7.479674796747967092e-01
7.481927710843373491e-01
7.479650286403376480e-01
7.481905910735826559e-01
7.481146304675716507e-01
7.480386240193119818e-01
7.482644129188047444e-01
7.484903381642512565e-01
7.491689332124509271e-01
7.493954050785973653e-01
7.496220139098881408e-01
7.498487598306110558e-01
7.512121212121212199e-01
7.511367080933616380e-01
7.510612492419648234e-01
7.512890506521079370e-01
7.515169902912621769e-01
7.517450682852807597e-01
7.519732847601700021e-01
7.522016398420893202e-01
7.524301336573511190e-01
7.526587663324217914e-01
7.525835866261397777e-01
7.528124049863180733e-01
7.530413625304136493e-01
7.532704593854578912e-01
7.534996956786366162e-01
7.534246575342465890e-01
7.536540803897685548e-01
7.535790435577216506e-01
7.535039609993906540e-01
7.537336177994513609e-01
7.539634146341462895e-01
7.538883806038426671e-01
7.541183648566198716e-01
7.543484894720781098e-01
7.545787545787545625e-01
7.548091603053435072e-01
7.550397067806964291e-01
7.552703941338221316e-01
7.555012224938875143e-01
7.557321919902170171e-01
7.561945549097582875e-01
7.564259485924113013e-01
7.566574839302111499e-01
7.568891610532761938e-01
7.571209800918836663e-01
7.573529411764705621e-01
7.575850444376340809e-01
7.578172900061311834e-01
7.577430236123888774e-01
7.579754601226993405e-01
7.582080392758514531e-01
7.584407612031921486e-01
7.586736260362296758e-01
7.585995085995086429e-01
7.585253456221198176e-01
7.584511370620774517e-01
7.586842914233015156e-01
7.589175891758918047e-01
7.591510304521685848e-01
7.598522167487684609e-01
7.597782568524792390e-01
7.600123228589032998e-01
7.602465331278890348e-01
7.607153869873574115e-01
7.609500308451573325e-01
7.611848195001542638e-01
7.614197530864197372e-01
7.616548317381908184e-01
7.618900555898703297e-01
7.621254247760271827e-01
7.623609394313968224e-01
7.622874806800618019e-01
7.625231910946196345e-01
7.627590473244664215e-01
7.629950495049504511e-01
7.632311977715877660e-01
7.631578947368421462e-01
7.633942397026943771e-01
7.636307311028500688e-01
7.638673690734428812e-01
7.637941723496590729e-01
7.640310077519379961e-01
7.639578163771711949e-01
7.641948495190815649e-01
7.644320297951583409e-01
7.643588947531821942e-01
7.642857142857142350e-01
7.645231438334886276e-01
7.647607209446861676e-01
7.646875971401927430e-01
7.646144278606965550e-01
7.648522550544323284e-01
7.650902302426881851e-01
7.653283535636477009e-01
7.655666251556662028e-01
7.658050451572718798e-01
7.660436137071651164e-01
7.662823309442193809e-01
7.665211970074813363e-01
7.664483941378235077e-01
7.663755458515283392e-01
7.666146645865834497e-01
7.670933499843896053e-01
7.673329169269206274e-01
7.675726335520149934e-01
7.678125000000000089e-01
7.677399187246014556e-01
7.679799874921826586e-01
7.682202064435408317e-01
7.681476846057572194e-01
7.683881064162754182e-01
7.686286787726988035e-01
7.688694018164735633e-01
7.691102756892230774e-01
7.690379191476026666e-01
7.692789968652037347e-01
7.695202257761053488e-01
7.694479297365118819e-01
7.696893630373391471e-01
7.701726844583987042e-01
7.701005025125627901e-01
7.700282752120640728e-01
7.702702702702702853e-01
7.701980509273813613e-01
7.704402515723270950e-01
7.703680402642339997e-01
7.706104468219006076e-01
7.708530059804847845e-01
7.710957178841310045e-01
7.713385826771653742e-01
7.715816005040957437e-01
7.715096123542388717e-01
7.714375788146280444e-01
7.713654998423210563e-01
7.716088328075709768e-01
7.715367623856106416e-01
7.717803030303029832e-01
7.720239974739501188e-01
7.725118483412322101e-01
7.724399494310998371e-01
7.726841606070186108e-01
7.729285262492093800e-01
7.728566909205947244e-01
7.731012658227848222e-01
7.735908803039898141e-01
7.738359201773835627e-01
7.737642585551330887e-01
7.740095087163233467e-01
7.739378566899175471e-01
7.746747064423992191e-01
7.746031746031746268e-01
7.748491584630041729e-01
7.747776365946632549e-01
7.750238322211630004e-01
7.752701843610934063e-01
7.755166931637519356e-01
7.757633587786259000e-01
7.756920139993637164e-01
7.756206238064926595e-01
7.758675581025151757e-01
7.761146496815286566e-01
7.763618986938515265e-01
7.766093052899936122e-01
7.771045918367347483e-01
7.769623484365029142e-01
7.768911586338972386e-01
7.768199233716475138e-01
7.770680293835835473e-01
7.773162939297124652e-01
7.775647171620325704e-01
7.778132992327365658e-01
7.777422449632235280e-01
7.779910428662828448e-01
7.779199999999999449e-01
7.778489116517285362e-01
7.780979827089337109e-01
7.783472133247918423e-01
7.785966036526754674e-01
7.785256410256410353e-01
7.784546328951587046e-01
7.783835792174470525e-01
7.783124799486685896e-01
7.785622593068035613e-01
7.788121990369181180e-01
7.790622992935131164e-01
7.793125602312881428e-01
7.795629820051414027e-01
7.798135647701703865e-01
7.800643086816719807e-01
7.799227799227799185e-01
7.798519472159639587e-01
7.801030264005150983e-01
7.799613402061855716e-01
7.798904286174669354e-01
7.798194713088330010e-01
7.797484682360529273e-01
7.796774193548386966e-01
7.796063246208454478e-01
7.798579728857327753e-01
7.801097836616079917e-01
7.803617571059431324e-01
7.802907915993537724e-01
7.801487229227287434e-01
7.804010349288486026e-01
7.806535101908766983e-01
7.809061488673139095e-01
7.814119170984455964e-01
7.816650469711694527e-01
7.815942968243680955e-01
7.818476499189627171e-01
7.817769130998702964e-01
7.820304897826791946e-01
7.819597663854639391e-01
7.822135670236936011e-01
7.829759584145549178e-01
7.832304192395189713e-01
7.834850455136540548e-01
7.837398373983739397e-01
7.836694860117111583e-01
7.841796875000000000e-01
7.844350374470856480e-01
7.843648208469055083e-01
7.846203975236233363e-01
7.851320508640364793e-01
7.853881278538812349e-01
7.856443719412724569e-01
7.855744125326370453e-01
7.858308847535095953e-01
7.860875244937949313e-01
7.860176412936948909e-01
7.862745098039215508e-01
7.862046420398822733e-01
7.861347285807717133e-01
7.863918874713771157e-01
7.866492146596858470e-01
7.871643745907007661e-01
7.874222076645922552e-01
7.873525557011795684e-01
7.872828580793183040e-01
7.872131147540983864e-01
7.874713020662512664e-01
7.874015748031496509e-01
7.876599934361667721e-01
7.879185817465528263e-01
7.878489326765188983e-01
7.877094972067039125e-01
7.876397107166337452e-01
7.875698783294968752e-01
7.878289473684210176e-01
7.877591312931885303e-01
7.882779058281198514e-01
7.885375494071146241e-01
7.883981542518128105e-01
7.886580942960764729e-01
7.882391807069706324e-01
7.884996695307336934e-01
7.892821700297717458e-01
7.892124420913302352e-01
7.894736842105263275e-01
7.899966876449154851e-01
7.902584493041749925e-01
7.901889294000662423e-01
7.907131011608623528e-01
7.909754479097544921e-01
7.915006640106241331e-01
7.917635337097309600e-01
7.925531914893616525e-01
7.938727938727938582e-01
7.938041305796136315e-01
7.940686437854048707e-01
7.945981993997999204e-01
7.948632421614409971e-01
7.951284617951284162e-01
7.950600801068090639e-01
7.955911823647294767e-01
7.958569996658870771e-01
7.961229946524064349e-01
7.963891675025075445e-01
7.960482250502344259e-01
7.963149078726967645e-01
7.965817694369973223e-01
7.968488099228964172e-01
7.967125125796712393e-01
7.966442953020134166e-01
7.969117153407183629e-01
7.968435191403626661e-01
7.967752771246221499e-01
7.967069892473118697e-01
7.969747899159663751e-01
7.969065232010760225e-01
7.971745711402623558e-01
7.974427994616419824e-01
7.977112083473577586e-01
7.976430976430975983e-01
7.977755308392315836e-01
7.976391231028667761e-01
7.979082321187583871e-01
7.978400269996624994e-01
7.981093855503038625e-01
7.979046975329503466e-01
7.978363759296822622e-01
7.977680081163340819e-01
7.980378890392422209e-01
7.979695431472081379e-01
7.987804878048780921e-01
7.993220338983051398e-01
7.995930824008138371e-01
7.993208828522919696e-01
8.001359619306593896e-01
8.004080244814688605e-01
8.003401360544217802e-01
8.002722014290575281e-01
8.005445881552075704e-01
8.004766768811713007e-01
8.007493188010899043e-01
8.010221465076661218e-01
8.009543285616905761e-01
8.012274122059325210e-01
8.011596180081855811e-01
8.010917775503241245e-01
8.016387845681119950e-01
8.019125683060108756e-01
8.018448923812777629e-01
8.021189336978811202e-01
8.020512820512820662e-01
8.019835841313269764e-01
8.019158398905233964e-01
8.018480492813141458e-01
8.017802122560766520e-01
8.017123287671232834e-01
8.016443987667009052e-01
8.015764222069911016e-01
8.018512170037710440e-01
8.017832647462277418e-01
8.020583190394511286e-01
8.023335621139326967e-01
8.022657054582904568e-01
8.025412087912088266e-01
8.028169014084507449e-01
8.027491408934708250e-01
8.026813337916809399e-01
8.026134800550206450e-01
8.025455796353628823e-01
8.024776324845147579e-01
8.027538726333907082e-01
8.030303030303029832e-01
8.033069238718566485e-01
8.035837353549276640e-01
8.038607376766632173e-01
8.041379310344827225e-01
8.044153156260779314e-01
8.046928916494133777e-01
8.049706593027269319e-01
8.049033149171270773e-01
8.051813471502590192e-01
8.051140290255701659e-01
8.053923263048737846e-01
8.062283737024221741e-01
8.065074420214607409e-01
8.067867036011080462e-01
8.067197783165915848e-01
8.066528066528066976e-01
8.069324090121317017e-01
8.072122052704576722e-01
8.071453347207769857e-01
8.074253990284524507e-01
8.073585560569246367e-01
8.072916666666666297e-01
8.072247308093087881e-01
8.075052119527449390e-01
8.074383037886687653e-01
8.077190542420027430e-01
8.080000000000000515e-01
8.079331941544884987e-01
8.078663418029934373e-01
8.077994428969359486e-01
8.077324973876698344e-01
8.080139372822299215e-01
8.082955733705123880e-01
8.085774058577406276e-01
8.091416608513607445e-01
8.090750436300174764e-01
8.090083798882681254e-01
8.092909535452322833e-01
8.092243186582809278e-01
8.091576371897938325e-01
8.094405594405594817e-01
8.093739069604757308e-01
8.096571028691392780e-01
8.099404970248512692e-01
8.105078809106830429e-01
8.107918710581639710e-01
8.110760602874167446e-01
8.110098176718092411e-01
8.112942827078217789e-01
8.115789473684210664e-01
8.118638118638118462e-01
8.117977528089888040e-01
8.120828942746750601e-01
8.120168657765284292e-01
8.123022847100175303e-01
8.125879043600562346e-01
8.125219838199085887e-01
8.124560168895144097e-01
8.127419922562477694e-01
8.130281690140844786e-01
8.133145473758365274e-01
8.132487667371388618e-01
8.131829397250617264e-01
8.134696755994358375e-01
8.134038800705467587e-01
8.133380381086803279e-01
8.132062146892655718e-01
8.131402331331685218e-01
8.130742049469964483e-01
8.133616118769882997e-01
8.136492220650636265e-01
8.135833038556773422e-01
8.135173389950459688e-01
8.134513274336283573e-01
8.133852691218130815e-01
8.133191640099185493e-01
8.132530120481927804e-01
8.131868131868131844e-01
8.134751773049645474e-01
8.134090102873359207e-01
8.133427963094392865e-01
8.132765353212637605e-01
8.132102272727272929e-01
8.131438721136767800e-01
8.134328358208955390e-01
8.137220049768929542e-01
8.136557610241820226e-01
8.135894699395233021e-01
8.138790035587188942e-01
8.138127447490209887e-01
8.141025641025640969e-01
8.140363377271108147e-01
8.143264433357092491e-01
8.142602495543671548e-01
8.141940085592010989e-01
8.144844809133071628e-01
8.147751605995717794e-01
8.147090324883969892e-01
8.146428571428571130e-01
8.149339049660593304e-01
8.148677626876340563e-01
8.151590990346799792e-01
8.157423971377459893e-01
8.160343593414459695e-01
8.166189111747851337e-01
8.169115012540307807e-01
8.172043010752688685e-01
8.174973108641090391e-01
8.174318507890960817e-01
8.177251524937207972e-01
8.180186647523330912e-01
8.191948238677210226e-01
8.194893923049262341e-01
8.197841726618705360e-01
8.212612612612613106e-01
8.211968276856524973e-01
8.214929679047962008e-01
8.217893217893217361e-01
8.217250090220137304e-01
8.216606498194946040e-01
8.219573853376670458e-01
8.222543352601155986e-01
8.221900975786049504e-01
8.224873463485177227e-01
8.227848101265823333e-01
8.230824891461649973e-01
8.236784938450397719e-01
8.239768199927562931e-01
8.242753623188405765e-01
8.245741210583544811e-01
8.248730964467004823e-01
8.251722887196227818e-01
8.251088534107402506e-01
8.250453720508167388e-01
8.253449527959332288e-01
8.256447511805303785e-01
8.259447674418605168e-01
8.258814976372228500e-01
8.258181818181817846e-01
8.261185885776646254e-01
8.264192139737991383e-01
8.270211216314639069e-01
8.269581056466301927e-01
8.268950437317784674e-01
8.268319358366751359e-01
8.267687819110138836e-01
8.270704122582999140e-01
8.273722627737226665e-01
8.273092369477911268e-01
8.271830471318962763e-01
8.271198830409356439e-01
8.274223034734917714e-01
8.277249451353327903e-01
8.276619099890230036e-01
8.275988286969253593e-01
8.279018674478213491e-01
8.282051282051282604e-01
8.281421766214730473e-01
8.284457478005865516e-01
8.287495416208287002e-01
8.290535583272193865e-01
8.289908256880733628e-01
8.289280469897210013e-01
8.295371050698016058e-01
8.298419698640205899e-01
8.301470588235294601e-01
8.300845899227656810e-01
8.300220750551876581e-01
8.299595141700404355e-01
8.298969072164948946e-01
8.298342541436464215e-01
8.301400147383934947e-01
8.300774050866199794e-01
8.300147492625368217e-01
8.303209147915898702e-01
8.306273062730626933e-01
8.305647840531561465e-01
8.308714918759232404e-01
8.308090136682674265e-01
8.311160384331116591e-01
8.310536044362292207e-01
8.309911242603550408e-01
8.309285978542360063e-01
8.308660251665432872e-01
8.308034061458718922e-01
8.311111111111111338e-01
8.314190440904039026e-01
8.313565604151222921e-01
8.312940304041527284e-01
8.312314540059346779e-01
8.311688311688312236e-01
8.311061618411283991e-01
8.314147790568139351e-01
8.313521545319465522e-01
8.312894834633964836e-01
8.312267657992564729e-01
8.315358869468203462e-01
8.314732142857143016e-01
8.317826572385560446e-01
8.320923306031273725e-01
8.320297951582867890e-01
8.323397913561847439e-01
8.322147651006711611e-01
8.325251771726968064e-01
8.331466965285554416e-01
8.334578043315907792e-01
8.337691445648113264e-01
8.340807174887892028e-01
8.343925233644859940e-01
8.347045624532535291e-01
8.346427235316123960e-01
8.345808383233532801e-01
8.348932983901160565e-01
8.348314606741572552e-01
8.347695766204571433e-01
8.347076461769115108e-01
8.346456692913385433e-01
8.345836459114778227e-01
8.348968105065666112e-01
8.348348348348347825e-01
8.346486283352123614e-01
8.345864661654135430e-01
8.345242572395636937e-01
8.344620015048909156e-01
8.343996989085434857e-01
8.347138554216867457e-01
8.346516007532956971e-01
8.349660889223813331e-01
8.349038823972860790e-01
8.348416289592760497e-01
8.347793285552621567e-01
8.347169811320754862e-01
8.350320875802189624e-01
8.353474320241691675e-01
8.352852285606346960e-01
8.356009070294784236e-01
8.355387523629489444e-01
8.354765506807866338e-01
8.354143019296254025e-01
8.353520060560181149e-01
8.352896630064369221e-01
8.356060606060605744e-01
8.362395754359362998e-01
8.365566932119833377e-01
8.368740515933231761e-01
8.371916508538899127e-01
8.375094912680334236e-01
8.378275731105203628e-01
8.377659574468084847e-01
8.377042949448878506e-01
8.380228136882129641e-01
8.379612019779383303e-01
8.382800608828006039e-01
8.385991625428245166e-01
8.384761904761904860e-01
8.387957317073170271e-01
8.387342737323675301e-01
8.386727688787185553e-01
8.389927508584509308e-01
8.389312977099236956e-01
8.391902215431626955e-01
8.395108903324417504e-01
8.398318042813455175e-01
8.397705544933078414e-01
8.397092578423871467e-01
8.400306161500191715e-01
8.403522205206738205e-01
8.402910762160091807e-01
8.406130268199233369e-01
8.412576687116564145e-01
8.415803605677023569e-01
8.419033000767459640e-01
8.422264875239923176e-01
8.425499231950844825e-01
8.428736073761045056e-01
8.438461538461538014e-01
8.437860715659869504e-01
8.437259430331023324e-01
8.443759630200308175e-01
8.443159922928709094e-01
8.446414803392443549e-01
8.445815657539529342e-01
8.449074074074074403e-01
8.448475492087996752e-01
8.447876447876447870e-01
8.451139436075705280e-01
8.457672980286045084e-01
8.457076566125290018e-01
8.456479690522243908e-01
8.459752321981424128e-01
8.459156020131629594e-01
8.462432223082881899e-01
8.465710964742347855e-01
8.472276075998449452e-01
8.471683475562451493e-01
8.474970896391152975e-01
8.481553398058252480e-01
8.488146132918772402e-01
8.491446345256609129e-01
8.494749124854142908e-01
8.494163424124513417e-01
8.493577267419228916e-01
8.492990654205607726e-01
8.492403583950136614e-01
8.495713172252533640e-01
8.495126705653021082e-01
8.494539781591263772e-01
8.493952399531798925e-01
8.493364558938329978e-01
8.496680983990628766e-01
8.496093750000000000e-01
8.499413833528721707e-01
8.498827208756841722e-01
8.502150958154086613e-01
8.501564945226917080e-01
8.504892367906066175e-01
8.508222396241190699e-01
8.511555033294163630e-01
8.518228145825166298e-01
8.524911730090231066e-01
8.524332810047096087e-01
8.523753435414213042e-01
8.523173605655930407e-01
8.522593320235756220e-01
8.522012578616352529e-01
8.525363743609909450e-01
8.524783634933124077e-01
8.524203069657615428e-01
8.523622047244094890e-01
8.526979125640016255e-01
8.530338849487785202e-01
8.529759558533701602e-01
8.533123028391167431e-01
8.532544378698224685e-01
8.539281484405842892e-01
8.538704581358609325e-01
8.538127222441722619e-01
8.537549407114624067e-01
8.536971134835903419e-01
8.536392405063291111e-01
8.535233570863024477e-01
8.534653465346534462e-01
8.534072900158478081e-01
8.533491874752279216e-01
8.532910388580491334e-01
8.531746031746031411e-01
8.531163159984120892e-01
8.530579825258141069e-01
8.533969010727056048e-01
8.533386327503974522e-01
8.540175019888623931e-01
8.539594110624750822e-01
8.539012738853503093e-01
8.537265842965324758e-01
8.536682615629983539e-01
8.536098923015555950e-01
8.535514764565044210e-01
8.534930139720559028e-01
8.534345047923322936e-01
8.533759488613663624e-01
8.533173461231015056e-01
8.536585365853658347e-01
8.536000000000000254e-01
8.535414165666266317e-01
8.534827862289832145e-01
8.538245895074089153e-01
8.537660256410256610e-01
8.537074148296592835e-01
8.536487570168403982e-01
8.535900521460088042e-01
8.535313001605135952e-01
8.534725010036130488e-01
8.538152610441767099e-01
8.537565287263961800e-01
8.540996784565916267e-01
8.540410132689988387e-01
8.539823008849557473e-01
8.539235412474849296e-01
8.538647342995169254e-01
8.538058799838904589e-01
8.537469782433521059e-01
8.536880290205561828e-01
8.536290322580645240e-01
8.535108958837772652e-01
8.534517561566411503e-01
8.541414141414140904e-01
8.540824575586095646e-01
8.540234532955923719e-01
8.539644012944983542e-01
8.536684231860559580e-01
8.540145985401459416e-01
8.543610547667342958e-01
8.543019480519480346e-01
8.542427933414534769e-01
8.549370174725721139e-01
8.548780487804877870e-01
8.547599674532140313e-01
8.547008547008546619e-01
8.550488599348534668e-01
8.553971486761711152e-01
8.560945780676721961e-01
8.560358890701468271e-01
8.563851489188086807e-01
8.563265306122449516e-01
8.573763792398855221e-01
8.577269010629599011e-01
8.576687116564417623e-01
8.580196399345335623e-01
8.579033579033579215e-01
8.578451454321999181e-01
8.581967213114753967e-01
8.581385813858138922e-01
8.580803937653814772e-01
8.584324989741485279e-01
8.587848932676518388e-01
8.591375770020533986e-01
8.590797041906327314e-01
8.594327990135635087e-01
8.593750000000000000e-01
8.593171534348005292e-01
8.592592592592592782e-01
8.592013174145739507e-01
8.591433278418451058e-01
8.590852904820766023e-01
8.597938144329897447e-01
8.597359735973597594e-01
8.600907965332232896e-01
8.600330305532617459e-01
8.603882693102024026e-01
8.603305785123966931e-01
8.602728400165358114e-01
8.606286186931347837e-01
8.609846917666528210e-01
8.609271523178807506e-01
8.612836438923395788e-01
8.616404308202154638e-01
8.623548922056384347e-01
8.622406639004149831e-01
8.621262458471761203e-01
8.620689655172413257e-01
8.624272651704073533e-01
8.623700623700624179e-01
8.623128119800332891e-01
8.622555139409071590e-01
8.621981681931724095e-01
8.621407746772178360e-01
8.620833333333333126e-01
8.628023352793995349e-01
8.631622861910721589e-01
8.631051752921535813e-01
8.638262322472848309e-01
8.637693272043459602e-01
8.637123745819398346e-01
8.636553743203680966e-01
8.640167364016736462e-01
8.639598158225199054e-01
8.639028475711892918e-01
8.638458315877670657e-01
8.637887678122380120e-01
8.637316561844863294e-01
8.640939597315435705e-01
8.640369282417120766e-01
8.639798488664987008e-01
8.643427131457370738e-01
8.647058823529412130e-01
8.650693568726355309e-01
8.654331370899915887e-01
8.652631578947368451e-01
8.652064026958719012e-01
8.663011387600169089e-01
8.662447257383966148e-01
8.661882650907556380e-01
8.661317567567567988e-01
8.660752006759611099e-01
8.660185967878275548e-01
8.659619450317124212e-01
8.663282571912013230e-01
8.666948793906051884e-01
8.666384419983065301e-01
8.665819567979670124e-01
8.665254237288135819e-01
8.664122137404580704e-01
8.661852166525063623e-01
8.661283467913302170e-01
8.660714285714286031e-01
8.664398128455975678e-01
8.668085106382978910e-01
8.667518092805449603e-01
8.666382616105666736e-01
8.670076726342711426e-01
8.677474402730375180e-01
8.676909944515578399e-01
8.680614859094790692e-01
8.680051260145237313e-01
8.683760683760683996e-01
8.687473279179136476e-01
8.686911890504704914e-01
8.686350021394950716e-01
8.685787671232876317e-01
8.685224839400428332e-01
8.684661525278492000e-01
8.692109777015437633e-01
8.699570815450643479e-01
8.699012451696006565e-01
8.702749140893470958e-01
8.705932932072226738e-01
8.709677419354838745e-01
8.746217034154777359e-01
8.750000000000000000e-01
8.761368557817237335e-01
8.765164644714038555e-01
8.764629388816644884e-01
8.764093668690372541e-01
8.763557483731019282e-01
8.763020833333333703e-01
8.766825879287885037e-01
8.766290182450043877e-01
8.765754019991308654e-01
8.769565217391304124e-01
8.769030013049151639e-01
8.768494342906875127e-01
8.767958206356116779e-01
8.767421602787456303e-01
8.771241830065359402e-01
8.770706190061028362e-01
8.770170082860880845e-01
8.769633507853402676e-01
8.781127129750982974e-01
8.780594405594405183e-01
8.784433756012243188e-01
8.788276465441819951e-01
8.787746170678336632e-01
8.786684187472624252e-01
8.786152497808940032e-01
8.785620341955282520e-01
8.793330408073716242e-01
8.801054018445322313e-01
8.800527240773285964e-01
8.800000000000000044e-01
8.799472295514512155e-01
8.798944126704795199e-01
8.802816901408451189e-01
8.801762114537444726e-01
8.801234023799030526e-01
8.800705467372134105e-01
8.800176444640493978e-01
8.804060017652250991e-01
8.803003533568904970e-01
8.801945181255526052e-01
8.801415302963290221e-01
8.800884955752212857e-01
8.800354138999557652e-01
8.799822852081488067e-01
8.803721754541427025e-01
8.807624113475177596e-01
8.811529933481152543e-01
8.815439219165926987e-01
8.814913448735020030e-01
8.818827708703375068e-01
8.818302976454909237e-01
8.830071174377224219e-01
8.829550511793502476e-01
8.833481745325022505e-01
8.832962138084632375e-01
8.836898395721924926e-01
8.835860838537020756e-01
8.839803659080767151e-01
8.839285714285713969e-01
8.838767306833408277e-01
8.842716711349418723e-01
8.842199374161824332e-01
8.841681574239713681e-01
8.841163310961969168e-01
8.840644583706356308e-01
8.840125391849529279e-01
8.839605734767025380e-01
8.839085611833258360e-01
8.843049327354259859e-01
8.854961832061069016e-01
8.854447439353099192e-01
8.853932584269662565e-01
8.853417266187050272e-01
8.852901484480432126e-01
8.852385238523852173e-01
8.851868527690229804e-01
8.855855855855855330e-01
8.855340243352861629e-01
8.854824165915239353e-01
8.858818222823635624e-01
8.862815884476534789e-01
8.862302483069977033e-01
8.861788617886179331e-01
8.861274288296430157e-01
8.860759493670885556e-01
8.860244233378561374e-01
8.868266183793571678e-01
8.872282608695651884e-01
8.876302673312188585e-01
8.875793291024478560e-01
8.879818594104308405e-01
8.883847549909256180e-01
8.887880163413527379e-01
8.886869604725124994e-01
8.890909090909090429e-01
8.890404729422465291e-01
8.894449499545040716e-01
8.893946290395994270e-01
8.893442622950820109e-01
8.897494305239179724e-01
8.896991795806745706e-01
8.901048791609666999e-01
8.900547445255474477e-01
8.904609767229575423e-01
8.908675799086758218e-01
8.908177249885792515e-01
8.907678244972577764e-01
8.911751257430269302e-01
8.911253430924062080e-01
8.910755148741418274e-01
8.914835164835165360e-01
8.914338066880439504e-01
8.913840513290559597e-01
8.912345112436897976e-01
8.910845588235294379e-01
8.909843606255749560e-01
8.909341923607915215e-01
8.908839779005525150e-01
8.908337171810225552e-01
8.907834101382487990e-01
8.907330567081604977e-01
8.906322104291647390e-01
8.910433979686057659e-01
8.914549653579676436e-01
8.914048059149722869e-01
8.913546000924641444e-01
8.913043478260869179e-01
8.917167977788060806e-01
8.916164891153312011e-01
8.915662650602409478e-01
8.915159944367176958e-01
8.919294990723561911e-01
8.918793503480277884e-01
8.918291550603528739e-01
8.917789131444495698e-01
8.914764788076385837e-01
8.914259086672879917e-01
8.918414918414918624e-01
8.917910447761193682e-01
8.917405506299580509e-01
8.916900093370682123e-01
8.916394208313872527e-01
8.915887850467290043e-01
8.914873713751169104e-01
8.914365933551707810e-01
8.918539325842697041e-01
8.918032786885246033e-01
8.917525773195876804e-01
8.917018284106891235e-01
8.916510318949343317e-01
8.914473684210526550e-01
8.913963328631875349e-01
8.918156161806208848e-01
8.917647058823529038e-01
8.917137476459510159e-01
8.916627414036740751e-01
8.916116870876531486e-01
8.920320603488920419e-01
8.919811320754716943e-01
8.919301557338367159e-01
8.918791312559017914e-01
8.918280585734530419e-01
8.922495274102079099e-01
8.921985815602836434e-01
8.921475875118258791e-01
8.920965451964032455e-01
8.920454545454545858e-01
8.924680246328754452e-01
8.922638822971048489e-01
8.922127255460589046e-01
8.921615201900237047e-01
8.921102661596957972e-01
8.920589633856396139e-01
8.920076117982873587e-01
8.924321751546882009e-01
8.928571428571429047e-01
8.928060981419723152e-01
8.927550047664442046e-01
8.926526717557251578e-01
8.926014319809069120e-01
8.925501432664756374e-01
8.924988055422837796e-01
8.922929631402585215e-01
8.922413793103448620e-01
8.921897460469573327e-01
8.921380632790029130e-01
8.920863309352518034e-01
8.920345489443377573e-01
8.919827172347575273e-01
8.918789043728976296e-01
8.918269230769231282e-01
8.917228103946102102e-01
8.915662650602409478e-01
8.915139826422372460e-01
8.914616497829233044e-01
8.914092664092664320e-01
8.913568324480927174e-01
8.913043478260869179e-01
8.912518124697921262e-01
8.916827852998066017e-01
8.916303821964198795e-01
8.920619554695062847e-01
8.920096852300242185e-01
8.924418604651163101e-01
8.923897237033446839e-01
8.923375363724539433e-01
8.922852983988355247e-01
8.922330097087378675e-01
8.921806702282661927e-01
8.926141885325559189e-01
8.925619834710744049e-01
8.929961089494163895e-01
8.929440389294404090e-01
8.928919182083738804e-01
8.933268387725280535e-01
8.932748538011695549e-01
8.937103851779619745e-01
8.936066373840898525e-01
8.935546875000000000e-01
8.935026868588177296e-01
8.934506353861192407e-01
8.933985330073349607e-01
8.932941752325012086e-01
8.932419196865817312e-01
8.931896129348358970e-01
8.936274509803922017e-01
8.935752820009809083e-01
8.934707903780069183e-01
8.934184675834970779e-01
8.933660933660934056e-01
8.933136676499507933e-01
8.932611903590752522e-01
8.932086614173228023e-01
8.936484490398818314e-01
8.935960591133005337e-01
8.940364711680630627e-01
8.939842209072977885e-01
8.939319190922545566e-01
8.938795656465943207e-01
8.938271604938271553e-01
8.942687747035573675e-01
8.941641938674579349e-01
8.941118258287976683e-01
8.940594059405940763e-01
8.940069341258048974e-01
8.939544103072348813e-01
8.943976202280614629e-01
8.943452380952381375e-01
8.942928039702233711e-01
8.947368421052631637e-01
8.946845504222553647e-01
8.951292246520874407e-01
8.950770760815515148e-01
8.950248756218905921e-01
8.949726231956197653e-01
8.949203187250995839e-01
8.948679621325361655e-01
8.948155533399800854e-01
8.947630922693267097e-01
8.947105788423154182e-01
8.946580129805291604e-01
8.946053946053945660e-01
8.945527236381809466e-01
8.944999999999999618e-01
8.944472236118059527e-01
8.943943943943943875e-01
8.948422633950926519e-01
8.947895791583165837e-01
8.947368421052631637e-01
8.946312092323130960e-01
8.944193061840121084e-01
8.943661971830986213e-01
8.943130347257172152e-01
8.942598187311178171e-01
8.942065491183879278e-01
8.941532258064516236e-01
8.940464177598385076e-01
8.939929328621908367e-01
8.939393939393939226e-01
8.943911066195048276e-01
8.943377148634984453e-01
8.942307692307692735e-01
8.941772151898733645e-01
8.940699442473390990e-01
8.940162271805274230e-01
8.944698122780314620e-01
8.949238578680203116e-01
8.948704926358557188e-01
8.948170731707316694e-01
8.947635993899338835e-01
8.947100712105798825e-01
8.945491594498217180e-01
8.944416114227434766e-01
8.943877551020408267e-01
8.943338437978560762e-01
8.942258559018906316e-01
8.946830265848670916e-01
8.946291560102301865e-01
8.940874035989717639e-01
8.940329218106995990e-01
8.939783839423571798e-01
8.944387229660144545e-01
8.943843379701185148e-01
8.943298969072165372e-01
8.941662364481156589e-01
8.941115702479338623e-01
8.940568475452196351e-01
8.940020682523267537e-01
8.939472322814278060e-01
8.938923395445134146e-01
8.938373899533920142e-01
8.937823834196890749e-01
8.942457231726282929e-01
8.938605619146722248e-01
8.943258719416969926e-01
8.942708333333333481e-01
8.942157373632100281e-01
8.941605839416058021e-01
8.938839519079979645e-01
8.938284518828452097e-01
8.937728937728938172e-01
8.937172774869109881e-01
8.936616029334730760e-01
8.936058700209643657e-01
8.935500786575772958e-01
8.940188877229801045e-01
8.939632545931758267e-01
8.937401367701209853e-01
8.942105263157894557e-01
8.941548183254344195e-01
8.939873417721518889e-01
8.939313984168865135e-01
8.938753959873284582e-01
8.938193343898573895e-01
8.937632135306553538e-01
8.937070333157060009e-01
8.936507936507936956e-01
8.941238750661725243e-01
8.945974576271186196e-01
8.945416004239533647e-01
8.944856839872746823e-01
8.949602122015914984e-01
8.954352441613587787e-01
8.953797132235793432e-01
8.953241232731137256e-01
8.952127659574468099e-01
8.951569984034060123e-01
8.956336528221512383e-01
8.955780500799147559e-01
8.955223880597015240e-01
8.960000000000000187e-01
8.959445037353255259e-01
8.958889482114255065e-01
8.958333333333333703e-01
8.957776590058792454e-01
8.962566844919785947e-01
8.962011771000535365e-01
8.966809421841541727e-01
8.971612212104981277e-01
8.970509383378015844e-01
8.969957081545064659e-01
8.974771873322597848e-01
8.979591836734693855e-01
8.994082840236686804e-01
8.993541442411194797e-01
8.992999461497038771e-01
8.992456896551723755e-01
8.991913746630727511e-01
8.990280777537796864e-01
8.989735278227984905e-01
8.988642509464574992e-01
8.988095238095238360e-01
8.992961559285327366e-01
8.997833152762729769e-01
8.997289972899729094e-01
8.996201844818231264e-01
8.995656894679695537e-01
8.995111352525800852e-01
8.994565217391304879e-01
8.999456226209896492e-01
8.997821350762527093e-01
8.997275204359672651e-01
8.996728462377316937e-01
8.996181123840698568e-01
9.001091703056768312e-01
9.000000000000000222e-01
8.999453253143794296e-01
8.998905908096279660e-01
8.998357963875205368e-01
9.003285870755750597e-01
9.013157894736841813e-01
9.018102029621503091e-01
9.017023613399230975e-01
9.016483516483516647e-01
9.021440351841670813e-01
9.020902090209020896e-01
9.020363236103466908e-01
9.030303030303030720e-01
9.045253863134657957e-01
9.050248481501932396e-01
9.055248618784530468e-01
9.060254284134880987e-01
9.065265486725663235e-01
9.075304540420819910e-01
9.074792243767313416e-01
9.079822616407982050e-01
9.079312257348862714e-01
9.084350721420644259e-01
9.083842309827873107e-01
9.093941078376875931e-01
9.093437152391545819e-01
9.092932665553700167e-01
9.092427616926502809e-01
9.091922005571030363e-01
9.089893914014517406e-01
9.094972067039106545e-01
9.094466182224706374e-01
9.093959731543623803e-01
9.099048684946838828e-01
9.104143337066069597e-01
9.114349775784753582e-01
9.113853056646101791e-01
9.113355780022446284e-01
9.112857944974733782e-01
9.117977528089887818e-01
9.123102866779089215e-01
9.122609673790775808e-01
9.127743387732132341e-01
9.127252252252252562e-01
9.132394366197182922e-01
9.137542277339346652e-01
9.137055837563451410e-01
9.136568848758465089e-01
9.136081309994353861e-01
9.135593220338983356e-01
9.135104578858112001e-01
9.134125636672325577e-01
9.133635334088334723e-01
9.133144475920680350e-01
9.132653061224489388e-01
9.137833238797504753e-01
9.143019296254256689e-01
9.142532651902328666e-01
9.147727272727272929e-01
9.147242751563388063e-01
9.146757679180886891e-01
9.151963574274331048e-01
9.157175398633257135e-01
9.162393162393162038e-01
9.161915621436715895e-01
9.161437535653166320e-01
9.160958904109589573e-01
9.166190748143917544e-01
9.171428571428571486e-01
9.176672384219554113e-01
9.176201372997712102e-01
9.175729822552948223e-01
9.175257731958762486e-01
9.174785100286533268e-01
9.174311926605505096e-01
9.173363949483352986e-01
9.178632969557725119e-01
9.183908045977011714e-01
9.189189189189189699e-01
9.188722669735327475e-01
9.188255613126079524e-01
9.187788018433179493e-01
9.187319884726224961e-01
9.186851211072664114e-01
9.186381996537795747e-01
9.185912240184757049e-01
9.185441941074523609e-01
9.184971098265896083e-01
9.195601851851852304e-01
9.195136074116966318e-01
9.200463499420625801e-01
9.205797101449275655e-01
9.205336426914153547e-01
9.210679048171793726e-01
9.210220673635307609e-01
9.215572341661824041e-01
9.215116279069767158e-01
9.214659685863874072e-01
9.214202561117578183e-01
9.213744903902154615e-01
9.219114219114219466e-01
9.218658892128279714e-01
9.218203033838973104e-01
9.217746643315820609e-01
9.223130841121495171e-01
9.228521332554061596e-01
9.228070175438596312e-01
9.238875878220140780e-01
9.255131964809384382e-01
9.266001174398120765e-01
9.271445358401879666e-01
9.276895943562609714e-01
9.276470588235293802e-01
9.276044732195408704e-01
9.275618374558304291e-01
9.281084266352386258e-01
9.286556603773584717e-01
9.286135693215339382e-01
9.308101714961560802e-01
9.319123741859087762e-01
9.324644549763033696e-01
9.330171902786010829e-01
9.329774614472123861e-01
9.329376854599406022e-01
9.351576442593694249e-01
9.357142857142857206e-01
9.356759976176295401e-01
9.356376638855781191e-01
9.361955873583780452e-01
9.361575178997613156e-01
9.361194029850746778e-01
9.360812425328554065e-01
9.372009569377990346e-01
9.371633752244165061e-01
9.377245508982036126e-01
9.376872378669862673e-01
9.376498800959233160e-01
9.376124775044990534e-01
9.381752701080432466e-01
9.393028846153845812e-01
9.409993979530403285e-01
9.415662650602409922e-01
9.415310427968656137e-01
9.414957780458383940e-01
9.414604707302353104e-01
9.420289855072463414e-01
9.437386569872958653e-01
9.443099273607747923e-01
9.454545454545454364e-01
9.454214675560945746e-01
9.453883495145630755e-01
9.453551912568306514e-01
9.459295261239367703e-01
9.482338611449452337e-01
9.488117001828153541e-01
9.487804878048780033e-01
9.487492373398414003e-01
9.493284493284492864e-01
9.492974954184484337e-01
9.498777506112469071e-01
9.498470948012232018e-01
9.504283965728274053e-01
9.503980404164115159e-01
9.515634580012262145e-01
9.521472392638037352e-01
9.527317372621240121e-01
9.527027027027027417e-01
9.526736324523663590e-01
9.526445264452644279e-01
9.532307692307692149e-01
9.532019704433497553e-01
9.531731361675909175e-01
9.531442663378545399e-01
9.531153608883404793e-01
9.537037037037037202e-01
9.542927733168622417e-01
9.542645241038318904e-01
9.542362399505256443e-01
9.542079207920791672e-01
9.541795665634674739e-01
9.547707558859974686e-01
9.547427154370737856e-01
9.547146401985111552e-01
9.546865301055245112e-01
9.546583850931676940e-01
9.546302050963331176e-01
9.546019900497512145e-01
9.545737398879899915e-01
9.545454545454545858e-01
9.545171339563862656e-01
9.544887780548628742e-01
9.550842170929507713e-01
9.550561797752809001e-01
9.550281074328544895e-01
9.549999999999999600e-01
9.549718574108817526e-01
9.549436795994993288e-01
9.555416405760801535e-01
9.555137844611528708e-01
9.554858934169279117e-01
9.566854990583804064e-01
9.566582914572864249e-01
9.566310496543054542e-01
9.566037735849056700e-01
9.565764631843927113e-01
9.565491183879093473e-01
9.565217391304348116e-01
9.564943253467843576e-01
9.564668769716088148e-01
9.564393939393939226e-01
9.564118761844598859e-01
9.570164348925410680e-01
9.569892473118279952e-01
9.569620253164556889e-01
9.575680810639645157e-01
9.575411913814955156e-01
9.575142675967025507e-01
9.574603174603174560e-01
9.574332909783990209e-01
9.580419580419580194e-01
9.580152671755725047e-01
9.579885423297263003e-01
9.585987261146496907e-01
9.585723390694710355e-01
9.585459183673469274e-01
9.591576260370133777e-01
9.591315453384419154e-01
9.591054313099041106e-01
9.597186700767262879e-01
9.596928982725527746e-01
9.596670934699104150e-01
9.596412556053811604e-01
9.596153846153846478e-01
9.595894804361770891e-01
9.602053915275995388e-01
9.601798330122029990e-01
9.601542416452442108e-01
9.601286173633440946e-01
9.601029601029601457e-01
9.613402061855670366e-01
9.613152804642166593e-01
9.612903225806451735e-01
9.625322997416020376e-01
9.625080801551390008e-01
9.624838292367400294e-01
9.631067961165048485e-01
9.637305699481865107e-01
9.637070641607258237e-01
9.636835278858625342e-01
9.636599610642440084e-01
9.634941329856584469e-01
9.641226353555120143e-01
9.653821032005225344e-01
9.653594771241830186e-01
9.653368214519293389e-01
9.653141361256544206e-01
9.652914210870988665e-01
9.652686762778506235e-01
9.652459016393443170e-01
9.652230971128609172e-01
9.651773981603153363e-01
9.658119658119658224e-01
9.664473684210526105e-01
9.683586025049439883e-01
9.696369636963696470e-01
9.715608465608465139e-01
9.728476821192052482e-01
9.741379310344827624e-01
9.754152823920265725e-01
9.753989361702127825e-01
9.753661784287616099e-01
9.773182121414276669e-01
9.773030707610146361e-01
9.785809906291833560e-01
9.785666443402545323e-01
9.792225201072386476e-01
9.792085848423877081e-01
9.791946308724832626e-01
9.791666666666666297e-01
9.798115746971736151e-01
9.804713804713804937e-01
9.817936614969655640e-01
9.844489519945909262e-01
9.844384303112313495e-01
9.844067796610169729e-01
9.843962008141112774e-01
9.843856076035302216e-01
9.843110504774897906e-01
9.843003412969283383e-01
9.842896174863388081e-01
9.842681258549931256e-01
9.842357779300890952e-01
9.841815680880330319e-01
9.841706813489332628e-01
9.841597796143251031e-01
9.841269841269840724e-01
9.841050449205251960e-01
9.840830449826989401e-01
9.840609840609840786e-01
9.840166782487839159e-01
9.839944328462073564e-01
9.839273235499650383e-01
9.837799717912553144e-01
9.834888729361090931e-01
9.832727272727272982e-01
9.830633284241531156e-01
9.862174578866769181e-01
1.000000000000000000e+00
