5.000000000000000000e-01
5.021108922037714750e-01
5.019707207207206867e-01
5.076879271070614541e-01
5.078325263457704741e-01
5.079772079772080229e-01
5.092830619822907856e-01
5.094285714285714528e-01
5.095741640468705036e-01
5.098655990849298991e-01
5.100114416475972634e-01
5.101573676680972724e-01
5.103033772180881611e-01
5.105956471935853003e-01
5.108882521489971351e-01
5.111811926605505096e-01
5.114744693057946545e-01
5.117680826636050728e-01
5.123563218390804197e-01
5.132412204951064538e-01
5.135368663594469529e-01
5.139809743441914325e-01
5.138408304498269796e-01
5.168213457076565875e-01
5.255086994986729598e-01
5.281564908120924828e-01
5.283130744144678426e-01
5.362624134817935984e-01
5.364238410596026130e-01
5.365853658536585691e-01
5.370705244122965238e-01
5.372324389508592590e-01
5.373944511459589624e-01
5.375565610859728283e-01
5.380434782608695121e-01
5.393462469733656395e-01
5.404913557779800204e-01
5.406553398058252524e-01
5.408194233687405594e-01
5.407294832826747832e-01
5.408938887199756795e-01
5.410583941605839886e-01
5.412229996957712563e-01
5.410833840535606010e-01
5.409436834094368818e-01
5.408038976857491020e-01
5.409686262564726844e-01
5.412983846388296216e-01
5.414634146341463783e-01
5.422900763358778908e-01
5.424557116676848034e-01
5.429532253133598774e-01
5.432854083817680868e-01
5.436179981634526870e-01
5.456221198156682162e-01
5.457897971727104780e-01
5.456501690747003197e-01
5.458179581795817858e-01
5.456782528452783776e-01
5.458461538461538698e-01
5.460141582025238582e-01
5.461822660098522020e-01
5.466872110939907659e-01
5.480383070744516694e-01
5.500775193798449481e-01
5.499379652605459468e-01
5.501085944771951786e-01
5.502793296089385500e-01
5.506211180124223059e-01
5.507921714818266867e-01
5.506525792417650278e-01
5.516811955168119397e-01
5.518530052943008135e-01
5.523690773067331250e-01
5.525413158715309914e-01
5.524017467248908408e-01
5.525741029641185742e-01
5.543035993740219602e-01
5.544771446462116726e-01
5.604430379746835333e-01
5.606204495093384255e-01
5.607979734008866624e-01
5.611533586818757691e-01
5.620437956204379359e-01
5.622222222222221788e-01
5.625794155019059328e-01
5.629370629370629153e-01
5.641924179675055218e-01
5.649122807017543657e-01
5.658146964856229921e-01
5.659955257270693485e-01
5.663575311800447265e-01
5.662188099808060926e-01
5.664000000000000146e-01
5.665813060179257787e-01
5.664425232148575517e-01
5.666239590006406646e-01
5.668055110541493358e-01
5.678972712680577795e-01
5.680796403339756218e-01
5.682621265660134924e-01
5.686274509803921351e-01
5.688102893890675249e-01
5.693595107821048940e-01
5.692208628461042919e-01
5.694041867954910963e-01
5.695876288659793563e-01
5.699548678272082780e-01
5.701386649467913292e-01
5.703225806451612812e-01
5.705066150371087552e-01
5.708750403616402735e-01
5.710594315245478558e-01
5.719831769653833664e-01
5.732814526588845272e-01
5.734674018812844221e-01
5.733290071382218800e-01
5.735150925024342650e-01
5.742606434839129248e-01
5.744473342002600624e-01
5.746341463414633699e-01
5.766971279373368509e-01
5.818241685874218083e-01
5.822075782537067257e-01
5.823994726433751046e-01
5.825914935707220410e-01
5.831683168316831312e-01
5.835535006605019337e-01
5.839391936549901407e-01
5.841322314049586240e-01
5.854870775347912337e-01
5.856811402055021043e-01
5.860696517412935513e-01
5.864586790574178865e-01
5.866533864541833010e-01
5.868482231816671835e-01
5.870431893687707570e-01
5.874335106382978511e-01
5.882157123834886869e-01
5.911676145868183241e-01
5.913654618473895841e-01
5.912286575159022561e-01
5.910917615539182934e-01
5.912897822445560836e-01
5.914879356568364388e-01
5.916862219242373655e-01
5.918846411804158381e-01
5.920831935592083539e-01
5.922818791946308226e-01
5.924806982208794537e-01
5.926796507723304241e-01
5.925428283506886107e-01
5.924059139784946248e-01
5.922689075630251931e-01
5.924680564895763446e-01
5.926673393878237883e-01
5.925302826379542642e-01
5.923931336250420898e-01
5.922558922558922578e-01
5.928547354229861677e-01
5.932546374367622111e-01
5.944575870226427305e-01
5.943204868154158271e-01
5.949238578680202671e-01
5.953267863189976028e-01
5.955284552845528934e-01
5.953913927482209489e-01
5.955932203389830981e-01
5.957951848084096502e-01
5.959972862957937378e-01
5.961995249406175645e-01
5.964019008825526269e-01
5.962648556876061212e-01
5.961277173913043237e-01
5.963302752293577758e-01
5.965329707681849003e-01
5.967358041482488940e-01
5.969387755102041337e-01
5.971418849948961771e-01
5.973451327433628721e-01
5.981595092024539762e-01
5.983634503920900460e-01
5.985675306957708441e-01
5.984305697714090710e-01
5.986348122866894661e-01
5.984977808125639953e-01
5.987021857923496837e-01
5.991114149008885947e-01
5.993162393162393409e-01
5.991792065663474887e-01
5.990420800547382463e-01
5.992470910335386813e-01
6.000685400959561155e-01
6.002742543709290723e-01
6.004801097393690501e-01
6.006861063464836725e-01
6.008922443376801814e-01
6.013049450549450281e-01
6.015115080728271613e-01
6.017182130584192157e-01
6.057558945908460002e-01
6.136283807516683675e-01
6.155743481324876809e-01
6.154388438491363855e-01
6.156558533145275458e-01
6.158730158730159054e-01
6.173974540311173431e-01
6.176158471878315792e-01
6.178343949044585726e-01
6.180530973451326959e-01
6.182719546742209138e-01
6.184909670563231154e-01
6.183557760453578522e-01
6.185749734136830602e-01
6.187943262411347289e-01
6.190138346931536306e-01
6.188786373314407729e-01
6.190983315583954427e-01
6.189630681818182323e-01
6.194029850746268773e-01
6.209476309226932278e-01
6.216119828815976911e-01
6.218337495540492421e-01
6.220556745182013181e-01
6.222777579435915252e-01
6.227224008574491210e-01
6.229449606862044186e-01
6.228101537361458995e-01
6.237021124239169323e-01
6.239255014326647863e-01
6.241490505195270710e-01
6.242380781642166143e-01
6.241032998565280154e-01
6.245513280689160007e-01
6.274792643346556176e-01
6.273448773448773164e-01
6.272103933597978909e-01
6.274368231046931754e-01
6.276634163958108026e-01
6.278901734104046506e-01
6.281170943259848372e-01
6.279826464208242420e-01
6.278481012658228000e-01
6.283025696706477925e-01
6.285300506879073490e-01
6.287576964867801488e-01
6.286231884057971175e-01
6.288510329829648526e-01
6.285817918026840312e-01
6.288098693759071045e-01
6.290381125226860437e-01
6.289034132171387181e-01
6.287686160552125036e-01
6.289970930232557933e-01
6.292257360959651047e-01
6.299126637554585129e-01
6.297779395704404815e-01
6.296431172614712635e-01
6.303317535545023276e-01
6.305616338439095081e-01
6.310218978102190013e-01
6.314828341855368565e-01
6.317135549872122668e-01
6.321755027422303330e-01
6.324067300658375856e-01
6.326381266008049842e-01
6.328696925329428957e-01
6.331014280483339141e-01
6.333333333333333037e-01
6.335654085745694442e-01
6.337976539589442737e-01
6.340300696736340669e-01
6.342626559060895453e-01
6.344954128440366548e-01
6.347283406754772317e-01
6.349614395886888918e-01
6.351947097722262514e-01
6.354281514149210386e-01
6.351599852887090947e-01
6.358615611192930395e-01
6.357274401473296255e-01
6.364306784660767047e-01
6.376062061322497199e-01
6.378418329637841611e-01
6.377079482439925728e-01
6.379437869822485174e-01
6.381798002219756238e-01
6.384159881569207995e-01
6.386523509811180555e-01
6.391256020748424804e-01
6.393624907338769647e-01
6.395995550611790481e-01
6.398367952522254765e-01
6.400742115027829859e-01
6.403118040089086360e-01
6.405495729669513638e-01
6.410256410256410797e-01
6.412639405204461074e-01
6.415024172554852910e-01
6.417410714285713969e-01
6.419799032378117332e-01
6.422189128816083725e-01
6.424581005586592619e-01
6.426974664679582228e-01
6.429370108087961722e-01
6.431767337807606788e-01
6.434166355837374063e-01
6.436567164179104461e-01
6.438969764837626508e-01
6.441374159820761891e-01
6.446188340807175177e-01
6.444859813084111710e-01
6.447270007479432019e-01
6.449682005237560301e-01
6.452095808383233599e-01
6.454511418944215428e-01
6.456928838951311311e-01
6.459348070438366562e-01
6.461769115442278499e-01
6.464191976002999773e-01
6.466616654163540590e-01
6.469043151969980920e-01
6.471471471471471615e-01
6.473901614720239950e-01
6.476333583771600733e-01
6.478767380683952970e-01
6.483640466340729880e-01
6.486079759217456830e-01
6.488520888219796445e-01
6.490963855421686413e-01
6.493408662900188588e-01
6.495855312735493436e-01
6.498303807010931132e-01
6.500754147812971562e-01
6.503206337231233203e-01
6.505660377358490898e-01
6.508116270290675853e-01
6.510574018126887852e-01
6.513033622969399694e-01
6.515495086923658308e-01
6.517958412098299181e-01
6.520423600605144143e-01
6.522890654559212464e-01
6.525359576078728630e-01
6.527830367285119006e-01
6.530303030303030720e-01
6.537732271520667604e-01
6.565118050266565142e-01
6.572626763248189397e-01
6.575133485888634555e-01
6.577642121327736957e-01
6.580152671755725713e-01
6.582665139366170592e-01
6.587695834925487715e-01
6.590214067278287180e-01
6.592734225621414978e-01
6.591430757459831868e-01
6.593953310371221121e-01
6.596477794793261795e-01
6.599004212945231984e-01
6.601532567049808176e-01
6.598926380368098643e-01
6.601457614115842087e-01
6.611601997694966926e-01
6.614142966948500790e-01
6.616685890042290907e-01
6.619230769230769473e-01
6.620477290223248934e-01
6.615265998457979801e-01
6.617817200154261226e-01
6.620370370370370905e-01
6.622925511385565622e-01
6.625482625482626009e-01
6.628041714947856544e-01
6.630602782071097767e-01
6.635730858468676940e-01
6.640866873065015552e-01
6.643437862950057893e-01
6.646010844306738941e-01
6.648585819449825962e-01
6.647286821705425952e-01
6.649864288483908759e-01
6.652443754848720303e-01
6.655025223127667422e-01
6.657608695652174058e-01
6.660194174757281260e-01
6.662781662781662728e-01
6.661484648270501463e-01
6.669260700389104679e-01
6.671856753600622358e-01
6.674454828660436601e-01
6.677054927931437289e-01
6.679657053780202469e-01
6.682261208576998346e-01
6.692698164779382619e-01
6.695312500000000222e-01
6.697928878468151215e-01
6.700547302580140974e-01
6.703167774736018547e-01
6.705790297339593309e-01
6.708414872798434958e-01
6.711041503523884622e-01
6.709753231492362469e-01
6.712382445141066301e-01
6.720282463711259036e-01
6.722919937205651397e-01
6.725559481743227375e-01
6.730844793713163243e-01
6.736138419189933169e-01
6.738788355625491278e-01
6.741440377804014394e-01
6.744094488188976388e-01
6.746750689247735799e-01
6.749408983451536947e-01
6.748127709893575465e-01
6.750788643533123246e-01
6.753451676528600123e-01
6.756116811365430186e-01
6.758784050532964383e-01
6.761453396524486070e-01
6.764124851837218788e-01
6.766798418972331808e-01
6.765519968366943138e-01
6.768196202531645556e-01
6.773555027711797294e-01
6.776237623762376705e-01
6.778922345483360257e-01
6.777645659928656086e-01
6.780333068992863144e-01
6.783022610075366554e-01
6.785714285714286031e-01
6.784438269154425827e-01
6.783161239078633331e-01
6.785856177989669780e-01
6.788553259141494323e-01
6.791252485089462887e-01
6.793953858392999257e-01
6.796657381615598403e-01
6.795382165605095004e-01
6.798088410991637298e-01
6.796812749003984244e-01
6.795536070147468743e-01
6.814548361310951430e-01
6.820000000000000506e-01
6.825460368294635760e-01
6.828193832599118718e-01
6.830929487179486781e-01
6.836407377706495980e-01
6.839149618933012542e-01
6.841894060995185045e-01
6.840626254516258831e-01
6.843373493975903887e-01
6.846122940940136958e-01
6.848874598070739950e-01
6.851628468033775787e-01
6.854384553499597299e-01
6.857142857142857206e-01
6.862666129681836980e-01
6.868198307134220082e-01
6.866935483870967305e-01
6.865671641791044610e-01
6.868442292171105246e-01
6.871215179652805372e-01
6.910272025984571798e-01
6.949775418538178817e-01
6.952614379084967045e-01
6.951369023293829663e-01
6.950122649223221538e-01
6.952965235173823588e-01
6.961506961506961355e-01
6.967213114754098324e-01
6.965969659696596983e-01
6.968826907301066687e-01
6.967583093967993912e-01
6.966338259441707814e-01
6.969199178644763792e-01
6.972062448644207322e-01
6.977796052631578538e-01
6.980666392431098544e-01
6.983539094650206280e-01
6.986414162206668887e-01
6.989291598023064100e-01
6.992171405026782471e-01
6.995053586150040692e-01
7.012396694214876325e-01
7.015295576684580370e-01
7.018196856906534498e-01
7.021100537856846957e-01
7.019867549668874496e-01
7.018633540372670732e-01
7.021541010770505631e-01
7.024450891007044673e-01
7.027363184079602476e-01
7.030277892990460797e-01
7.033195020746888515e-01
7.031963470319634313e-01
7.030730897009966895e-01
7.033651848774408188e-01
7.036575228595178810e-01
7.042429284525790756e-01
7.045359966708281130e-01
7.048293089092423358e-01
7.051228654727197398e-01
7.057107127969987070e-01
7.060050041701417811e-01
7.065943238731218212e-01
7.068893528183716191e-01
7.067669172932330435e-01
7.066443794400334433e-01
7.069397993311036243e-01
7.072354663320786772e-01
7.075313807531380395e-01
7.074089577228965808e-01
7.077051926298157936e-01
7.082984073763620714e-01
7.081761006289307714e-01
7.080536912751678180e-01
7.083508182962652278e-01
7.086481947942905313e-01
7.089458210835782870e-01
7.092436974789916304e-01
7.107368421052631113e-01
7.110362257792754992e-01
7.113358617783396287e-01
7.116357504215851115e-01
7.119358920286799064e-01
7.115709459459459429e-01
7.121724429416737001e-01
7.127749576988156033e-01
7.130765975454930183e-01
7.129551227773073263e-01
7.132570944515036482e-01
7.131355932203390369e-01
7.134378974141585283e-01
7.137404580152671985e-01
7.140432753500212115e-01
7.139219015280136027e-01
7.138004246284500587e-01
7.136788445199659936e-01
7.139821504462388058e-01
7.145895363675032197e-01
7.144680851063829330e-01
7.147722435078757153e-01
7.150766609880749858e-01
7.149552620366425026e-01
7.148337595907928721e-01
7.154436860068259518e-01
7.157490396927016496e-01
7.156276686592656366e-01
7.159333618111918263e-01
7.162393162393162482e-01
7.165455322787516179e-01
7.168520102651839698e-01
7.174657534246575707e-01
7.177730192719485869e-01
7.180805484147386730e-01
7.190047190047189618e-01
7.202406532015470653e-01
7.205503009458297248e-01
7.217915590008613380e-01
7.221025420077552548e-01
7.224137931034482207e-01
7.227253126347563672e-01
7.230371009490940137e-01
7.233491583944756664e-01
7.232297063903281309e-01
7.235421166306695850e-01
7.244809688581315132e-01
7.247944612721765045e-01
7.251082251082251462e-01
7.249891728020788628e-01
7.248700173310225203e-01
7.251842219332466088e-01
7.258134490238611347e-01
7.261284722222222099e-01
7.270751847023033676e-01
7.273913043478260620e-01
7.277076989995650003e-01
7.280243690165361103e-01
7.283413147583804870e-01
7.286585365853658347e-01
7.292938099389711937e-01
7.296118621892716538e-01
7.294938917975567483e-01
7.293758184199039540e-01
7.296943231441047617e-01
7.300131061598951199e-01
7.303321678321678112e-01
7.309711286089238813e-01
7.312910284463894905e-01
7.316112084063047805e-01
7.314936487078406158e-01
7.321350284962735433e-01
7.324561403508771384e-01
7.327775340061430942e-01
7.334211682037768965e-01
7.337434094903338977e-01
7.336263736263736179e-01
7.339489885664027824e-01
7.342718873735152307e-01
7.341549295774647543e-01
7.344782034346103439e-01
7.351256059938299225e-01
7.354497354497354644e-01
7.353330392589325637e-01
7.356575463371579637e-01
7.359823399558499402e-01
7.363074204946996604e-01
7.361908970393282736e-01
7.365163572060123842e-01
7.363998230871295902e-01
7.367256637168141387e-01
7.370517928286852705e-01
7.373782108060230600e-01
7.377049180327869271e-01
7.380319148936169693e-01
7.383592017738359603e-01
7.386867790594499050e-01
7.390146471371504822e-01
7.388987566607460034e-01
7.392270102176810020e-01
7.395555555555555216e-01
7.394397510004446783e-01
7.397686832740213436e-01
7.400979083222073429e-01
7.404274265360640817e-01
7.407572383073496303e-01
7.406417112299464867e-01
7.409719126170307701e-01
7.413024085637823779e-01
7.416331994645247727e-01
7.419642857142857428e-01
7.422956677087986233e-01
7.426273458445040720e-01
7.429593205185516247e-01
7.432915921288014705e-01
7.436241610738254515e-01
7.439570277529096165e-01
7.446236559139784994e-01
7.449574181981174492e-01
7.452914798206278224e-01
7.462954647507857864e-01
7.466307277628032590e-01
7.469662921348314555e-01
7.468525179856114748e-01
7.471884840305892395e-01
7.470747074707471125e-01
7.474110760918505347e-01
7.477477477477477708e-01
7.476340694006309295e-01
7.479711451758340734e-01
7.486462093862815692e-01
7.489841986455981759e-01
7.493224932249322734e-01
7.496610935381834429e-01
7.500000000000000000e-01
7.503392130257802162e-01
7.516991391028545744e-01
7.520398912058023910e-01
7.523809523809523725e-01
7.534059945504086864e-01
7.532939572921398819e-01
7.531818181818181746e-01
7.535243292405638948e-01
7.538671519563239221e-01
7.542102867546655043e-01
7.545537340619308253e-01
7.548974943052392250e-01
7.552415679124886427e-01
7.555859553123575045e-01
7.559306569343066107e-01
7.562756732085805789e-01
7.566210045662100647e-01
7.565098218364549876e-01
7.563985374771480252e-01
7.567443987197073341e-01
7.565217391304347450e-01
7.564102564102563875e-01
7.567567567567567988e-01
7.574507106831728231e-01
7.577981651376146655e-01
7.595402298850574274e-01
7.598896044158233165e-01
7.602393005062125786e-01
7.605893186003682693e-01
7.609396591432520118e-01
7.608294930875576512e-01
7.611802674043337547e-01
7.615313653136531746e-01
7.614213197969542657e-01
7.613111726685133362e-01
7.612009237875289047e-01
7.615526802218114399e-01
7.614424410540915344e-01
7.617946345975947775e-01
7.621471540953261847e-01
7.624999999999999556e-01
7.628531727651690630e-01
7.632066728452270299e-01
7.639146567717995939e-01
7.642691415313225267e-01
7.646239554317548759e-01
7.649790989317232226e-01
7.653345724907063552e-01
7.656903765690377117e-01
7.660465116279069342e-01
7.659376454164728010e-01
7.658286778398509798e-01
7.657196087564043241e-01
7.660764212488350156e-01
7.664335664335664156e-01
7.675070028011204970e-01
7.678654834189631018e-01
7.685834502103786603e-01
7.689429373246023935e-01
7.693027608797379235e-01
7.696629213483145993e-01
7.700234192037470615e-01
7.699156513589503481e-01
7.702766057196437366e-01
7.706378986866792014e-01
7.705302674800562635e-01
7.708920187793427692e-01
7.712541099107562692e-01
7.716165413533834228e-01
7.715091678420310517e-01
7.718720602069614189e-01
7.717647058823529083e-01
7.716572504708097968e-01
7.720207253886010035e-01
7.723845428840716565e-01
7.722772277227722970e-01
7.721698113207546843e-01
7.725342142520056354e-01
7.728989612842304124e-01
7.732640529050542888e-01
7.736294896030245782e-01
7.739952718676123000e-01
7.743614001892147325e-01
7.742546142924751074e-01
7.746212121212121549e-01
7.749881572714353295e-01
7.748815165876776767e-01
7.752489331436699382e-01
7.756166982922201303e-01
7.755102040816326259e-01
7.758784425451091815e-01
7.762470308788598228e-01
7.761406844106464309e-01
7.765097479790774582e-01
7.764034253092293447e-01
7.767729652546406793e-01
7.775131014768937865e-01
7.774070543374642650e-01
7.777777777777777901e-01
7.781488549618320594e-01
7.780429594272076921e-01
7.784145176695319579e-01
7.787864309603440560e-01
7.786806883365200438e-01
7.785748445719751221e-01
7.784688995215310880e-01
7.788415509813307880e-01
7.787356321839080664e-01
7.786296118830857704e-01
7.790028763183125537e-01
7.793764988009592720e-01
7.792706333973128396e-01
7.796447431589054178e-01
7.807692307692307709e-01
7.806637806637806154e-01
7.810394610202117116e-01
7.809340394800192708e-01
7.813102119460501038e-01
7.816867469879518193e-01
7.820636451301832270e-01
7.819585142305837122e-01
7.818532818532818451e-01
7.822308063737325456e-01
7.826086956521739468e-01
7.829869502174964246e-01
7.837445573294630208e-01
7.835351089588378226e-01
7.834302325581394832e-01
7.833252544837615572e-01
7.837051406401551734e-01
7.840853954391072689e-01
7.844660194174757351e-01
7.843613404565322744e-01
7.847424684159377550e-01
7.846378220709770979e-01
7.850194552529182745e-01
7.854014598540145498e-01
7.857838364167477607e-01
7.856794934242571360e-01
7.855750487329434817e-01
7.854705021940516785e-01
7.858536585365853977e-01
7.862371888726208402e-01
7.861328125000000000e-01
7.860283341475329255e-01
7.858190709046454225e-01
7.857142857142856984e-01
7.856093979441997055e-01
7.859941234084231176e-01
7.863792258696716830e-01
7.862745098039215508e-01
7.861696910250122183e-01
7.865554465161923581e-01
7.869415807560137255e-01
7.877149877149877133e-01
7.881022615535889786e-01
7.879980324643384160e-01
7.878937007874016185e-01
7.882816346627277149e-01
7.881773399014778692e-01
7.885657959586003241e-01
7.897334649555775021e-01
7.901234567901234129e-01
7.905138339920948498e-01
7.904102817597626895e-01
7.911924789708065786e-01
7.915841584158416211e-01
7.919762258543833200e-01
7.923686818632309503e-01
7.922657411998016430e-01
7.926587301587301182e-01
7.930521091811414403e-01
7.929493545183714520e-01
7.928464977645305334e-01
7.932405566600397862e-01
7.936350074589756387e-01
7.944250871080139609e-01
7.943227091633465742e-01
7.942202291978076589e-01
7.941176470588234837e-01
7.945137157107231562e-01
7.949101796407185283e-01
7.953070394408386923e-01
7.951024487756122028e-01
7.950000000000000400e-01
7.953976988494246836e-01
7.952952952952953014e-01
7.956935403104656856e-01
7.960921843687375210e-01
7.959899749373433586e-01
7.955801104972375359e-01
7.959798994974874864e-01
7.971816809260191539e-01
7.975830815709969990e-01
7.979848866498741033e-01
7.987897125567322565e-01
7.991927346115035302e-01
8.000000000000000444e-01
8.004042445679636630e-01
8.008088978766431110e-01
8.020253164556961911e-01
8.024316109422492405e-01
8.023314749113026334e-01
8.031456113647894579e-01
8.035532994923857419e-01
8.039614017267648904e-01
8.036622583926754659e-01
8.040712468193383922e-01
8.044806517311609007e-01
8.048904737646459528e-01
8.047910295616718113e-01
8.046914839367669270e-01
8.051020408163265252e-01
8.050025523226135293e-01
8.049029622063329503e-01
8.048032703117016240e-01
8.050153531218013914e-01
8.049155145929339783e-01
8.053278688524589946e-01
8.051282051282051544e-01
8.055413032324268974e-01
8.067831449126413590e-01
8.076131687242797952e-01
8.080288214101903899e-01
8.078310149407521568e-01
8.090815273477812708e-01
8.089829633453794466e-01
8.088842975206611552e-01
8.087855297157622303e-01
8.092037228541881788e-01
8.091050181065700952e-01
8.099430346970482031e-01
8.098445595854921741e-01
8.102643856920683785e-01
8.101659751037344481e-01
8.100674623767514237e-01
8.099688473520249010e-01
8.098701298701298512e-01
8.097713097713097330e-01
8.096723868954758263e-01
8.100936524453694609e-01
8.099947943779282067e-01
8.104166666666666741e-01
8.108389786347055539e-01
8.112617309697601753e-01
8.111632759520083225e-01
8.115866388308976553e-01
8.120104438642297140e-01
8.124346917450365746e-01
8.128593831677992654e-01
8.132845188284518745e-01
8.137100994243851027e-01
8.141361256544502600e-01
8.140387637506547591e-01
8.144654088050314877e-01
8.143681174619821217e-01
8.147953830010493670e-01
8.160798738833421329e-01
8.165089379600420916e-01
8.169384534455549352e-01
8.173684210526316329e-01
8.177988414955239538e-01
8.177028451001053799e-01
8.176067474960463377e-01
8.175105485232067037e-01
8.179419525065962926e-01
8.178458289334741282e-01
8.177496038034864911e-01
8.181818181818182323e-01
8.190476190476190244e-01
8.189518263631551109e-01
8.188559322033898136e-01
8.192898781134074770e-01
8.191940615058324049e-01
8.190981432360742165e-01
8.195329087048832672e-01
8.199681359532661196e-01
8.204038257173219550e-01
8.208399787347155918e-01
8.212765957446808152e-01
8.217136774880255956e-01
8.216187433439829935e-01
8.220564730953648924e-01
8.224946695095949334e-01
8.224000000000000199e-01
8.228388473852721319e-01
8.227442605445809409e-01
8.231837606837606458e-01
8.236237306253340051e-01
8.235294117647058432e-01
8.234349919743177981e-01
8.238758029978586750e-01
8.243170862346009820e-01
8.247588424437298782e-01
8.246648793565684032e-01
8.245708154506438126e-01
8.244766505636070830e-01
8.243823845327604705e-01
8.242880171950563994e-01
8.241935483870967971e-01
8.240989779451317609e-01
8.240043057050592257e-01
8.239095315024232979e-01
8.238146551724138122e-01
8.237196765498652207e-01
8.236245954692557047e-01
8.235294117647058432e-01
8.234341252699783897e-01
8.238789843327930518e-01
8.237837837837838073e-01
8.242293131422390173e-01
8.246753246753246724e-01
8.245804006497021721e-01
8.250270855904658918e-01
8.249322493224932051e-01
8.248373101952277686e-01
8.252848616386326830e-01
8.251900108577633342e-01
8.256382400869093363e-01
8.265361609570418544e-01
8.269858541893362336e-01
8.278867102396514355e-01
8.283378746594005637e-01
8.287895310796074000e-01
8.292416803055100427e-01
8.296943231441048505e-01
8.315098468271334697e-01
8.319649698960043249e-01
8.342480790340285335e-01
8.347062053816584060e-01
8.351648351648351953e-01
8.350742166025288959e-01
8.355335533553355232e-01
8.354430379746835555e-01
8.359030837004405301e-01
8.363636363636363091e-01
8.368246968026460397e-01
8.372862658576943895e-01
8.377483443708608757e-01
8.382109331860850832e-01
8.386740331491712164e-01
8.391376451077943166e-01
8.396017699115043698e-01
8.395130049806308614e-01
8.399778516057585520e-01
8.398891966759002292e-01
8.398004434589800837e-01
8.397115917914587113e-01
8.401775804661487657e-01
8.406440866185452832e-01
8.404669260700389222e-01
8.403781979977753558e-01
8.408458542014468629e-01
8.407572383073497191e-01
8.406685236768802749e-01
8.411371237458193928e-01
8.410485220301171516e-01
8.415178571428570953e-01
8.419877163595756997e-01
8.418994413407820954e-01
8.418110676355505806e-01
8.417225950782998289e-01
8.416340235030778105e-01
8.415453527435610148e-01
8.420168067226890818e-01
8.419282511210762765e-01
8.418395961862030763e-01
8.417508417508418050e-01
8.416619876473890871e-01
8.415730337078651813e-01
8.414839797639123153e-01
8.413948256467941311e-01
8.413055711873944631e-01
8.412162162162162282e-01
8.411267605633803157e-01
8.410372040586245879e-01
8.415115623237450215e-01
8.419864559819413286e-01
8.418972332015810522e-01
8.423728813559322459e-01
8.428490672696438146e-01
8.433257918552036214e-01
8.438030560271646552e-01
8.442808607021518030e-01
8.441926345609065407e-01
8.441043083900227062e-01
8.445830969937606625e-01
8.444948921679908960e-01
8.444065871663827272e-01
8.448863636363636020e-01
8.447981807845367230e-01
8.447098976109215229e-01
8.446215139442231346e-01
8.445330296127562253e-01
8.444444444444444420e-01
8.449258836944127937e-01
8.448374215630347628e-01
8.447488584474885931e-01
8.446601941747572395e-01
8.445714285714285285e-01
8.450543167524299237e-01
8.449656750572082098e-01
8.454493417286776946e-01
8.453608247422680355e-01
8.452722063037249045e-01
8.451834862385321223e-01
8.456683878370625518e-01
8.461538461538461453e-01
8.466398621481906472e-01
8.471264367816091490e-01
8.476135710178263061e-01
8.481012658227847778e-01
8.480138169257340763e-01
8.479262672811059831e-01
8.484149855907781035e-01
8.483275663206458761e-01
8.488170802077322774e-01
8.493071593533487729e-01
8.491329479768786603e-01
8.496240601503759482e-01
8.501157407407406996e-01
8.500289519397800087e-01
8.504347826086956497e-01
8.509280742459396363e-01
8.508415554265815750e-01
8.507549361207897842e-01
8.512492736780941094e-01
8.517441860465115866e-01
8.516579406631762383e-01
8.521536670547147363e-01
8.526499708794408328e-01
8.531468531468531236e-01
8.536443148688046545e-01
8.541423570595099157e-01
8.546409807355516142e-01
8.545560747663550893e-01
8.555555555555555136e-01
8.554710356933878934e-01
8.553864168618267039e-01
8.558875219683655944e-01
8.558030480656506622e-01
8.563049853372434184e-01
8.573106283029947594e-01
8.583186360964139006e-01
8.588235294117646523e-01
8.598351001177856334e-01
8.603417796110783833e-01
8.608490566037735325e-01
8.607669616519173506e-01
8.606847697756788707e-01
8.611931482575310159e-01
8.611111111111111605e-01
8.610289769367238666e-01
8.609467455621301335e-01
8.608644168146832865e-01
8.613744075829383728e-01
8.618850029638411847e-01
8.629080118694362200e-01
8.628266033254157197e-01
8.627450980392157298e-01
8.626634958382877194e-01
8.625817965496728190e-01
8.630952380952381375e-01
8.630136986301369939e-01
8.635280095351609564e-01
8.634466308884913843e-01
8.644776119402984849e-01
8.643966547192353245e-01
8.643156007172743127e-01
8.642344497607655773e-01
8.641532016756433565e-01
8.640718562874251107e-01
8.639904134212103015e-01
8.639088729016786150e-01
8.638272345530894070e-01
8.637454981992797043e-01
8.635817307692307265e-01
8.634996993385447572e-01
8.634175691937424624e-01
8.644578313253011848e-01
8.643761301989150159e-01
8.642943305186971958e-01
8.640483383685800822e-01
8.639661426844014169e-01
8.638838475499092118e-01
8.638014527845035984e-01
8.637189582071471694e-01
8.636363636363636465e-01
8.635536688902365476e-01
8.634708737864077444e-01
8.639951426836672832e-01
8.639125151883353393e-01
8.644376899696049055e-01
8.643552311435522828e-01
8.642726719415703140e-01
8.641900121802679191e-01
8.647166361974405469e-01
8.646341463414634054e-01
8.645515558267236056e-01
8.644688644688645063e-01
8.643860720830788269e-01
8.643031784841075371e-01
8.642201834862385246e-01
8.641370869033048185e-01
8.639705882352941568e-01
8.638871857755977546e-01
8.649478207489257331e-01
8.648648648648649129e-01
8.647818070067608831e-01
8.643649815043156215e-01
8.648982109808760477e-01
8.654320987654321451e-01
8.653489808523779914e-01
8.652657601977750135e-01
8.663366336633663289e-01
8.662538699690403021e-01
8.660880347179169547e-01
8.660049627791562843e-01
8.670807453416149446e-01
8.686994399502178110e-01
8.692403486924035194e-01
8.697819314641744848e-01
8.696194635059263378e-01
8.695380774032459570e-01
8.700811992504684511e-01
8.699999999999999956e-01
8.705440900562851914e-01
8.710888610763454221e-01
8.716343143393863180e-01
8.715538847117794141e-01
8.714733542319749171e-01
8.713927227101631035e-01
8.719397363465160034e-01
8.724874371859296929e-01
8.724072910119421431e-01
8.723270440251572611e-01
8.728760226557583657e-01
8.734256926952140843e-01
8.739760554505355827e-01
8.745271122320302792e-01
8.744479495268139280e-01
8.742893240682249045e-01
8.742098609355246630e-01
8.747628083491461037e-01
8.746835443037974667e-01
8.746041798606712936e-01
8.745247148288973760e-01
8.744451490171211150e-01
8.743654822335025223e-01
8.742857142857143327e-01
8.753973299427845189e-01
8.753180661577608657e-01
8.752387014640355956e-01
8.757961783439490722e-01
8.757170172084129955e-01
8.756377551020407823e-01
8.755583918315251735e-01
8.754789272030650826e-01
8.753993610223642641e-01
8.759590792838874984e-01
8.758797184900831700e-01
8.758002560819462268e-01
8.763613068545803575e-01
8.769230769230769162e-01
8.766859344894026851e-01
8.766066838046272514e-01
8.783000643915003236e-01
8.782216494845360710e-01
8.781431334622823437e-01
8.780645161290322465e-01
8.779857972885732886e-01
8.785529715762273595e-01
8.791208791208791062e-01
8.790426908150065222e-01
8.789644012944983764e-01
8.788860103626943143e-01
8.788075178224238337e-01
8.787289234760051748e-01
8.786502271252433216e-01
8.784925276153345841e-01
8.790637191157346653e-01
8.802083333333333703e-01
8.801302931596091117e-01
8.807040417209909267e-01
8.812785388127853947e-01
8.812010443864229936e-01
8.811234487263226445e-01
8.810457516339869066e-01
8.809679529103989770e-01
8.821218074656188568e-01
8.832786885245901276e-01
8.832020997375328308e-01
8.837820091923834775e-01
8.842866535174227494e-01
8.877887788778877631e-01
8.883751651254954140e-01
8.883013879709187322e-01
8.882275132275132545e-01
8.881535407015221928e-01
8.880794701986755024e-01
8.880053015241882175e-01
8.897742363877821914e-01
8.903654485049833367e-01
8.902925531914893664e-01
8.901464713715047106e-01
8.900732844770152807e-01
8.912608405603735795e-01
8.924515698062792657e-01
8.923796791443849852e-01
8.923076923076923572e-01
8.922356091030789749e-01
8.921634293369055113e-01
8.927613941018767152e-01
8.926174496644295742e-01
8.925453324378778142e-01
8.924731182795698770e-01
8.930733019502353764e-01
8.929292929292929060e-01
8.927848954821308025e-01
8.927125506072874916e-01
8.926401080351114015e-01
8.925675675675676102e-01
8.931710615280594734e-01
8.937753721244925398e-01
8.943805010155720936e-01
8.943089430894308745e-01
8.949152542372881269e-01
8.948439620081410917e-01
8.947725729803123196e-01
8.953804347826086474e-01
8.959891230455472311e-01
8.959183673469387488e-01
8.958475153165418314e-01
8.964577656675749573e-01
8.963871847307429697e-01
8.963165075034106311e-01
8.962457337883958930e-01
8.961748633879781378e-01
8.961038961038960693e-01
8.960328317373460472e-01
8.966461327857632169e-01
8.965753424657534332e-01
8.965044551062371081e-01
8.971193415637860324e-01
8.970487302676732888e-01
8.969780219780220110e-01
8.969072164948453940e-01
8.968363136176066286e-01
8.967653131452167914e-01
8.980013783597519117e-01
8.979310344827585721e-01
8.985507246376811530e-01
8.991712707182319964e-01
8.997926744989633852e-01
8.997233748271092901e-01
8.996539792387543422e-01
9.002770083102492604e-01
9.002079002079002024e-01
9.008321775312067015e-01
9.014573213046495059e-01
9.020833333333333481e-01
9.020152883947185618e-01
9.019471488178024687e-01
9.025748086290883432e-01
9.025069637883008644e-01
9.024390243902439268e-01
9.023709902370989910e-01
9.021663172606568804e-01
9.020979020979020824e-01
9.020293911826452460e-01
9.019607843137255054e-01
9.018920812894183348e-01
9.025245441795231027e-01
9.024561403508771784e-01
9.023876404494381998e-01
9.022503516174402716e-01
9.021815622800843926e-01
9.028169014084507227e-01
9.027484143763213620e-01
9.026798307475317751e-01
9.022662889518413554e-01
9.029057406094967986e-01
9.028368794326241398e-01
9.027679205110007432e-01
9.026988636363636465e-01
9.026297085998578051e-01
9.025604551920340946e-01
9.024216524216523982e-01
9.023521026372059994e-01
9.022824536376604643e-01
9.022127052105638478e-01
9.019327129563350365e-01
9.018624641833811184e-01
9.025089605734767373e-01
9.024390243902439268e-01
9.023689877961235117e-01
9.030172413793103869e-01
9.036664270309130442e-01
9.033886085075703010e-01
9.033189033189032990e-01
9.032490974729241451e-01
9.031791907514450379e-01
9.031091829356471257e-01
9.037626628075253743e-01
9.036929761042722387e-01
9.036231884057971397e-01
9.034833091436864638e-01
9.034132171387073695e-01
9.033430232558139483e-01
9.032727272727272272e-01
9.032023289665210841e-01
9.031318281136198056e-01
9.029905178701677082e-01
9.029197080291970767e-01
9.027777777777777901e-01
9.027066569129480467e-01
9.026354319180087682e-01
9.025641025641025772e-01
9.024926686217008553e-01
9.031548055759354154e-01
9.030837004405286583e-01
9.037472446730345776e-01
9.036764705882353033e-01
9.036055923473141904e-01
9.035346097201767401e-01
9.034635224760501071e-01
9.033923303834808793e-01
9.033210332103320805e-01
9.039881831610043772e-01
9.039172209903917343e-01
9.038461538461538547e-01
9.045151739452257367e-01
9.044444444444444953e-01
9.051148999258710193e-01
9.049740163325908915e-01
9.049034175334323971e-01
9.048327137546468002e-01
9.047619047619047672e-01
9.046199701937406301e-01
9.045488441461595475e-01
9.044776119402985204e-01
9.051530993278565917e-01
9.050822122571001715e-01
9.050112191473448364e-01
9.049401197604790559e-01
9.048689138576778701e-01
9.055472263868066252e-01
9.054763690922730257e-01
9.061561561561561895e-01
9.060856498873027798e-01
9.060150375939849399e-01
9.059443190368697829e-01
9.058734939759036653e-01
9.058025621703089669e-01
9.057315233785822040e-01
9.056603773584905870e-01
9.055891238670694676e-01
9.055177626606197849e-01
9.062027231467473243e-01
9.061317183951551613e-01
9.060606060606060108e-01
9.059893858984079396e-01
9.059180576631259418e-01
9.058466211085800524e-01
9.057750759878419045e-01
9.064638783269961531e-01
9.063926940639269736e-01
9.061068702290075993e-01
9.060351413292589973e-01
9.059633027522935311e-01
9.058913542463656876e-01
9.058192955589586814e-01
9.057471264367815689e-01
9.056748466257669161e-01
9.055299539170507117e-01
9.054573405073020886e-01
9.053117782909930744e-01
9.052388289676425170e-01
9.059367771781032808e-01
9.058641975308642236e-01
9.057915057915058021e-01
9.057187017001545604e-01
9.056457849961330187e-01
9.054996127033307918e-01
9.053529868114817969e-01
9.052795031055900221e-01
9.052059052059051591e-01
9.051321928460341892e-01
9.046129788897576685e-01
9.045383411580594224e-01
9.044635865309318401e-01
9.042386185243328489e-01
9.041633935585231541e-01
9.040880503144653746e-01
9.040125885129819405e-01
9.047244094488189337e-01
9.043478260869565188e-01
9.050632911392405555e-01
9.049881235154394465e-01
9.047619047619047672e-01
9.046862589356632345e-01
9.046104928457869843e-01
9.053301511535402080e-01
9.052547770700637431e-01
9.049520766773162528e-01
9.056754596322941220e-01
9.055999999999999606e-01
9.053728949478748733e-01
9.052969502407705038e-01
9.052208835341365445e-01
9.051446945337620065e-01
9.050683829444891026e-01
9.049919484702093619e-01
9.057211925866236468e-01
9.064516129032258451e-01
9.063761097659402965e-01
9.063004846526655500e-01
9.070331447049312379e-01
9.069579288025889641e-01
9.068825910931174183e-01
9.068071312803890338e-01
9.067315490673154565e-01
9.074675324675324228e-01
9.073923639317628131e-01
9.081300813008129635e-01
9.088689991863303508e-01
9.087204563977180349e-01
9.086460032626427763e-01
9.093877551020408401e-01
9.101307189542483522e-01
9.123669123669123637e-01
9.122950819672130951e-01
9.122231337161608167e-01
9.120788824979457754e-01
9.119341563786008686e-01
9.118616144975287829e-01
9.126133553173948476e-01
9.133663366336634004e-01
9.132947976878612595e-01
9.132231404958677246e-01
9.131513647642679476e-01
9.139072847682119249e-01
9.138359569179784758e-01
9.137645107794361010e-01
9.145228215767634561e-01
9.144518272425249394e-01
9.143807148794680373e-01
9.143094841930116123e-01
9.158333333333333881e-01
9.165971643035862870e-01
9.165275459098497501e-01
9.164578111946533046e-01
9.163879598662206805e-01
9.171548117154811885e-01
9.179229480737018942e-01
9.186923721709975288e-01
9.202350965575146757e-01
9.201680672268907069e-01
9.209419680403700958e-01
9.208754208754208470e-01
9.216512215669755426e-01
9.215851602023609201e-01
9.215189873417721778e-01
9.214527027027027417e-01
9.213863060016905804e-01
9.211864406779660674e-01
9.219677692960135396e-01
9.219015280135823831e-01
9.218351741716227510e-01
9.226190476190476719e-01
9.234042553191489366e-01
9.233390119250426409e-01
9.241261722080136298e-01
9.240614334470990121e-01
9.239965841161400517e-01
9.239316239316239798e-01
9.238665526090675817e-01
9.237360754070265134e-01
9.236706689536877679e-01
9.236051502145923298e-01
9.235395189003436922e-01
9.243336199484092353e-01
9.242685025817556355e-01
9.250645994832041863e-01
9.258620689655172598e-01
9.266609145815357662e-01
9.265975820379965811e-01
9.265341400172860675e-01
9.273356401384083014e-01
9.281385281385281516e-01
9.280762564991335006e-01
9.280138768430181706e-01
9.279513888888888395e-01
9.278260869565216895e-01
9.286335944299390910e-01
9.285714285714286031e-01
9.285091543156058780e-01
9.284467713787085685e-01
9.283842794759825656e-01
9.283216783216783341e-01
9.282589676290463609e-01
9.281961471103327144e-01
9.298245614035087758e-01
9.297629499561018696e-01
9.305799648506151156e-01
9.305189094107300107e-01
9.313380281690141205e-01
9.321585903083700053e-01
9.320987654320987970e-01
9.320388349514563409e-01
9.319787985865723989e-01
9.319186560565870803e-01
9.327433628318584358e-01
9.326837909654561720e-01
9.335106382978722861e-01
9.343389529724933640e-01
9.360000000000000542e-01
9.376669634906500406e-01
9.376114081996435035e-01
9.375557537912577732e-01
9.383928571428571397e-01
9.383378016085790474e-01
9.391771019677996879e-01
9.400179051029543542e-01
9.399641577060932063e-01
9.399103139013452735e-01
9.432943294329433348e-01
9.432432432432432678e-01
9.440937781785392335e-01
9.440433212996389711e-01
9.439927732610658984e-01
9.448462929475587302e-01
9.447963800904977116e-01
9.465095194922937827e-01
9.473684210526315264e-01
9.473206176203451401e-01
9.472727272727272663e-01
9.472247497725204690e-01
9.480874316939891244e-01
9.506849315068492956e-01
9.524245196706312422e-01
9.523809523809523281e-01
9.523373052245646120e-01
9.558417663293468092e-01
9.567219152854512521e-01
9.566820276497696174e-01
9.566420664206641833e-01
9.566020313942751319e-01
9.574861367837338433e-01
9.574468085106383475e-01
9.583333333333333703e-01
9.582947173308619115e-01
9.582560296846011072e-01
9.582172701949860372e-01
9.581784386617100413e-01
9.581395348837209447e-01
9.581005586592178380e-01
9.589934762348555353e-01
9.589552238805970630e-01
9.589169000933707165e-01
9.588785046728971473e-01
9.588400374181478281e-01
9.588014981273408344e-01
9.587628865979381798e-01
9.587242026266415973e-01
9.586854460093896524e-01
9.586466165413534135e-01
9.586077140169332322e-01
9.585687382297551906e-01
9.585296889726673264e-01
9.584905660377358583e-01
9.584513692162417442e-01
9.593572778827976766e-01
9.593188268684957887e-01
9.592803030303029832e-01
9.592417061611374640e-01
9.592030360531309530e-01
9.591642924976258033e-01
9.591254752851711141e-01
9.600380589914366825e-01
9.599999999999999645e-01
9.609151572926596385e-01
9.608778625954198516e-01
9.608030592734225772e-01
9.617224880382775343e-01
9.616858237547892818e-01
9.616490891658676654e-01
9.625719769673704018e-01
9.625360230547550522e-01
9.625000000000000222e-01
9.634263715110683579e-01
9.633911368015414256e-01
9.633558341369334865e-01
9.633204633204632827e-01
9.632850241545893866e-01
9.632495164410057598e-01
9.651162790697674909e-01
9.650824442289039906e-01
9.669582118561710349e-01
9.669260700389105123e-01
9.668938656280428035e-01
9.668615984405457553e-01
9.668292682926828974e-01
9.677734375000000000e-01
9.677419354838709964e-01
9.677103718199608906e-01
9.676787463271302459e-01
9.676470588235294157e-01
9.676153091265946582e-01
9.675834970530451384e-01
9.675196850393700254e-01
9.684729064039409030e-01
9.713438735177866157e-01
9.732673267326732436e-01
9.732408325074330957e-01
9.731876861966236580e-01
9.760956175298804993e-01
9.780219780219779890e-01
9.789999999999999813e-01
9.789579158316633611e-01
9.799398194583751609e-01
9.819095477386934334e-01
9.858728557013117788e-01
9.858585858585858785e-01
9.858299595141700733e-01
9.858156028368794122e-01
9.858012170385395123e-01
9.856996935648620894e-01
9.856850715746421354e-01
9.856557377049179891e-01
9.856115107913668849e-01
9.855371900826446208e-01
9.855222337125129073e-01
9.854771784232365661e-01
9.854166666666667185e-01
9.853249475890984987e-01
9.851851851851851638e-01
9.848975188781013967e-01
9.846659364731653596e-01
9.844444444444444553e-01
9.885452462772050808e-01
1.000000000000000000e+00
