5.000000000000000000e-01
5.011239112110142946e-01
5.011245431543435158e-01
5.071845212690283544e-01
5.072566875355719596e-01
5.073288743418243874e-01
5.077624270047002009e-01
5.078347578347578439e-01
5.079071092748255190e-01
5.081242873432154639e-01
5.080541696364931914e-01
5.094339622641509413e-01
5.095067905646890605e-01
5.095796396911638215e-01
5.096525096525096332e-01
5.098712446351931771e-01
5.100171722953634745e-01
5.100901674538428354e-01
5.101631835098768830e-01
5.102362204724409933e-01
5.103823571530861081e-01
5.104554568891435107e-01
5.106017191977076930e-01
5.106748817882218461e-01
5.107480653482373567e-01
5.109677419354838879e-01
5.110410094637224399e-01
5.111142980065969121e-01
5.113342898134863868e-01
5.115544710779388327e-01
5.117748420448018365e-01
5.121425492168415472e-01
5.122161540672607316e-01
5.122897800776197164e-01
5.123634272570443127e-01
5.131749460043196764e-01
5.133227711363963497e-01
5.138408304498269796e-01
5.137707281903388656e-01
5.166763341067285298e-01
5.251289609432572281e-01
5.276954976303317446e-01
5.277736631610131512e-01
5.342630079472184823e-01
5.344232788360582243e-01
5.345034503450345476e-01
5.345836459114778894e-01
5.348243770639448114e-01
5.349046689686233202e-01
5.349849849849850347e-01
5.350653251238924879e-01
5.353064903846154188e-01
5.353869271224642734e-01
5.356283824413710093e-01
5.357089159524883737e-01
5.357894736842104821e-01
5.358700556474658150e-01
5.359506618531889588e-01
5.367580596565230122e-01
5.386243386243386722e-01
5.397667020148462225e-01
5.398484848484847998e-01
5.399302924685558391e-01
5.401061410159211373e-01
5.401880497421899241e-01
5.402699833156378029e-01
5.403519417475728392e-01
5.404339250493096491e-01
5.404132482528106740e-01
5.403434128551891646e-01
5.404255319148936199e-01
5.405076759385925023e-01
5.406720389235213364e-01
5.407542579075426126e-01
5.410010649627262636e-01
5.410833840535606010e-01
5.410135443615887718e-01
5.409436834094368818e-01
5.408738011873953644e-01
5.409561510353227964e-01
5.408862494289630174e-01
5.409686262564726844e-01
5.410510281797410448e-01
5.412983846388296216e-01
5.413808870598993961e-01
5.414634146341463783e-01
5.416285452881975937e-01
5.417111483910325154e-01
5.417937766931055776e-01
5.424557116676848034e-01
5.427043544690604016e-01
5.429532253133598774e-01
5.432023245144517176e-01
5.432854083817680868e-01
5.442010111843113007e-01
5.461254612546125875e-01
5.462094417960940973e-01
5.461396493386649897e-01
5.460698354099369212e-01
5.461538461538461009e-01
5.463219452139119747e-01
5.466584539574992352e-01
5.469953775038520760e-01
5.469255663430421244e-01
5.470941883767534986e-01
5.471785383903793321e-01
5.473473164713139605e-01
5.474317445627024936e-01
5.475161987041036182e-01
5.476006789075760217e-01
5.481081081081080608e-01
5.481927710843373935e-01
5.483621755253399455e-01
5.493808049535603422e-01
5.506594259115593637e-01
5.507448789571695036e-01
5.508303585286357107e-01
5.507606333436820822e-01
5.509316770186335477e-01
5.510172387016617490e-01
5.510330899487339007e-01
5.512900217594032259e-01
5.513757189491683697e-01
5.514614427860696777e-01
5.515471932825377621e-01
5.517187743039353442e-01
5.518046048537648129e-01
5.520622568093385141e-01
5.521481942714819846e-01
5.522341584929161273e-01
5.523201494861413874e-01
5.524061672636660925e-01
5.523364485981308025e-01
5.535435529191382598e-01
5.536299765807962681e-01
5.537164272329794246e-01
5.541490857946553827e-01
5.543223385962169347e-01
5.542526579111944907e-01
5.543393275996872926e-01
5.558168704923173165e-01
5.559040301082013302e-01
5.610952833175055776e-01
5.611841063796105811e-01
5.612729575680810434e-01
5.613618368962787208e-01
5.614507443775736961e-01
5.618066561014263272e-01
5.618957045490569069e-01
5.619847812301839163e-01
5.620738861582368351e-01
5.621630193466540248e-01
5.624305886085990691e-01
5.629664919803081258e-01
5.630559085133417518e-01
5.632348268191929019e-01
5.635034175806707957e-01
5.644005731571405393e-01
5.650302837105515286e-01
5.659323116219667771e-01
5.660226728404917917e-01
5.661130629191951646e-01
5.664749121124960096e-01
5.664056256992169303e-01
5.664961636828644842e-01
5.665867306155075722e-01
5.666773265110329749e-01
5.666080281464896951e-01
5.666986564299424378e-01
5.666293393057111327e-01
5.667200000000000015e-01
5.668106897103536435e-01
5.669014084507042472e-01
5.668320793981110883e-01
5.669228306115914329e-01
5.668534827862289349e-01
5.670350792888034785e-01
5.671259211791092048e-01
5.672167921807402813e-01
5.684007707129093978e-01
5.684920507467480233e-01
5.685833601027947548e-01
5.686746987951807331e-01
5.687660668380463136e-01
5.688574642455407337e-01
5.689488910318225567e-01
5.690403472110593386e-01
5.691318327974276281e-01
5.692233478051134110e-01
5.693148922483113328e-01
5.696813646604441672e-01
5.697730564944470943e-01
5.698647778493238780e-01
5.704157267160812061e-01
5.705076551168412058e-01
5.705996131528046078e-01
5.706916008383040584e-01
5.706223798774588962e-01
5.707144009030801213e-01
5.708064516129032206e-01
5.709906421426266254e-01
5.710827819912861480e-01
5.711749515816655354e-01
5.711057304277643576e-01
5.711979334840168177e-01
5.711286936864201635e-01
5.712209302325581550e-01
5.717749757516973341e-01
5.718674211802748930e-01
5.719598965071150953e-01
5.720524017467248923e-01
5.729791025433338403e-01
5.742815392109108519e-01
5.743747970120168800e-01
5.744680851063830307e-01
5.746547522339561231e-01
5.745856353591159982e-01
5.745164960182025382e-01
5.746098829648894624e-01
5.745407250853519221e-01
5.746341463414633699e-01
5.751953125000000000e-01
5.753826115271898356e-01
5.754763067904250518e-01
5.755700325732898692e-01
5.755008959113862010e-01
5.755946562398175370e-01
5.756884471240019119e-01
5.757822685788787087e-01
5.772875816993463527e-01
5.818511198945981455e-01
5.819469609619503103e-01
5.821387378480804564e-01
5.822346736980883453e-01
5.823306411735619248e-01
5.828109534806994452e-01
5.830033003300330030e-01
5.830995213731638982e-01
5.832920587749711450e-01
5.835811034027089672e-01
5.836775152816785495e-01
5.845466578424883819e-01
5.846433890451762094e-01
5.847401522674611218e-01
5.851275256707518801e-01
5.853214049039098255e-01
5.854183927091963779e-01
5.855154126615843557e-01
5.856124647770595271e-01
5.857095490716179853e-01
5.858066655612668150e-01
5.860982083609820315e-01
5.868770764119601857e-01
5.894227560894227391e-01
5.895211079592858061e-01
5.897179101986312899e-01
5.898163606010016213e-01
5.903091060985797833e-01
5.904077540106952293e-01
5.905064348988801060e-01
5.906051487796722954e-01
5.907038956696204490e-01
5.906354515050167286e-01
5.905669844455594397e-01
5.906657745065239107e-01
5.907645976242261732e-01
5.911602209944751829e-01
5.912592096450099977e-01
5.914572864321607781e-01
5.915563746021108571e-01
5.918538384177003397e-01
5.919530595138307039e-01
5.921516015428475166e-01
5.923502767991947193e-01
5.924496644295301762e-01
5.925490854170162303e-01
5.926485397784491127e-01
5.927480275306362678e-01
5.926796507723304241e-01
5.928787369835404331e-01
5.929783302536536516e-01
5.930779569892472569e-01
5.930095782221475043e-01
5.929411764705881938e-01
5.930408472012103083e-01
5.931405514458641948e-01
5.930721372120396628e-01
5.931718802556340542e-01
5.933714670255719748e-01
5.934713107857984005e-01
5.934028946482665656e-01
5.935027773102171667e-01
5.936026936026935763e-01
5.935342650277825038e-01
5.934658134051868927e-01
5.933973387232609475e-01
5.933288409703504351e-01
5.932603201347935729e-01
5.933602965958880704e-01
5.932917579639305217e-01
5.932231962238705414e-01
5.935233597571260011e-01
5.934547908232118418e-01
5.936550793115086266e-01
5.942567567567567099e-01
5.941882074674775804e-01
5.944895199459093726e-01
5.946905647615826629e-01
5.947911381701336264e-01
5.947225981055480615e-01
5.948232109626120367e-01
5.950245388390590362e-01
5.951252538930263958e-01
5.952260030472320551e-01
5.951574669827294217e-01
5.955608268383598691e-01
5.954922894424673485e-01
5.954237288135593165e-01
5.955246651974911432e-01
5.956256358087487213e-01
5.957266406647447887e-01
5.958276797829036298e-01
5.959287531806616300e-01
5.960298608754666105e-01
5.961310028847786047e-01
5.962321792260691922e-01
5.963333899168222763e-01
5.964346349745330844e-01
5.965359144167091676e-01
5.972458347500849696e-01
5.973473898996769504e-01
5.975506038441912304e-01
5.976522626743789868e-01
5.977539561000509982e-01
5.978556841388700249e-01
5.977872340425531839e-01
5.978890023833843825e-01
5.979908053805550461e-01
5.979223433242506491e-01
5.978538579458354540e-01
5.979557069846678230e-01
5.980575907309593209e-01
5.982614624169081408e-01
5.984654731457800247e-01
5.985675306957708441e-01
5.984990619136960621e-01
5.984305697714090710e-01
5.983620542569527689e-01
5.984641638225256521e-01
5.985663082437275850e-01
5.986684875384090665e-01
5.993847205605878914e-01
5.994871794871794446e-01
5.995896734484527091e-01
5.997947665469471890e-01
5.998973657201505105e-01
5.998289136013686962e-01
5.999315537303216983e-01
6.001369394043135630e-01
6.003424657534246478e-01
6.004452817263230546e-01
6.005481329222336351e-01
6.038647342995169254e-01
6.124234470691163335e-01
6.139673626952096841e-01
6.138996138996138940e-01
6.142230026338894033e-01
6.143308746048472546e-01
6.144387844721588277e-01
6.145467322557975898e-01
6.144790019328765229e-01
6.148030942334740123e-01
6.149112009847019777e-01
6.150193457615195092e-01
6.169724770642202039e-01
6.170813481559908054e-01
6.171902576773737881e-01
6.172992056487202062e-01
6.174081920903954357e-01
6.175172170227793966e-01
6.178445229681979178e-01
6.177769924014843150e-01
6.178861788617886486e-01
6.179954039243414909e-01
6.181046676096181303e-01
6.182139699381078435e-01
6.183233109303147845e-01
6.184326906067574292e-01
6.185421089879689083e-01
6.184746062643780018e-01
6.185840707964601615e-01
6.186935740839086817e-01
6.186260623229461464e-01
6.187356118292899332e-01
6.188452001416931969e-01
6.189548272807794405e-01
6.188873139617292463e-01
6.189969874180401010e-01
6.191066997518610560e-01
6.192164509838681274e-01
6.191489361702127159e-01
6.194784459819052680e-01
6.208000000000000185e-01
6.209103840682788089e-01
6.208429663880490335e-01
6.211743772241993256e-01
6.212849261434418846e-01
6.213955144179422740e-01
6.215061420687199023e-01
6.217275155832591160e-01
6.218382614891343474e-01
6.217708890076607542e-01
6.217034925160370706e-01
6.216360720014257879e-01
6.225236480456898258e-01
6.226347732952517422e-01
6.227459382253168751e-01
6.227224008574491210e-01
6.228336608897623305e-01
6.227662616154395758e-01
6.228775692582663170e-01
6.236578382247673913e-01
6.257855988507811107e-01
6.257183908045976795e-01
6.256511586132567082e-01
6.258760107816712104e-01
6.259884974838245686e-01
6.259212655042243334e-01
6.260338007910823954e-01
6.261463765509800439e-01
6.260791366906475197e-01
6.261917611081129209e-01
6.261245052177042414e-01
6.260572251214684414e-01
6.261699064074873755e-01
6.262826282628263241e-01
6.262153402952826964e-01
6.263281109310282480e-01
6.262608069164264935e-01
6.261934786524950836e-01
6.263063063063063485e-01
6.264191746260587834e-01
6.265320836337419097e-01
6.266450333513611248e-01
6.267580238009375915e-01
6.268710550045085705e-01
6.269841269841269771e-01
6.270972397618618244e-01
6.272103933597978909e-01
6.273235878000360533e-01
6.272563176895307180e-01
6.271890232894024031e-01
6.273022751895991345e-01
6.272349647823731722e-01
6.274616079494128584e-01
6.276884149647569133e-01
6.278018799710773923e-01
6.283698208793196960e-01
6.284835323923271266e-01
6.285972850678732682e-01
6.287110789283127943e-01
6.288249139960166989e-01
6.289387902933719632e-01
6.288715812352834167e-01
6.288043478260869623e-01
6.289182822975176723e-01
6.290322580645161255e-01
6.291462751495378036e-01
6.292603335750543980e-01
6.291931097008159890e-01
6.289239702413355060e-01
6.290381125226860437e-01
6.289707750952986398e-01
6.290849673202614234e-01
6.291992010168876437e-01
6.293134762077733368e-01
6.291787790697674909e-01
6.291113937852080840e-01
6.292257360959651047e-01
6.293401199781857303e-01
6.292727272727273169e-01
6.293871613020549649e-01
6.295016369588941618e-01
6.296161542659632904e-01
6.301893663510560462e-01
6.301220178473866396e-01
6.302367941712203603e-01
6.303516123155401552e-01
6.302842565597667202e-01
6.306289881494986371e-01
6.307439824945295648e-01
6.309740970448741715e-01
6.313195838656688874e-01
6.314348302300109017e-01
6.316654492330168180e-01
6.317808219178082663e-01
6.318962367555718274e-01
6.320116937694134629e-01
6.321271929824561209e-01
6.322427344178395137e-01
6.323583180987203400e-01
6.324739440482720632e-01
6.325896122896854656e-01
6.327053228461678724e-01
6.328210757409440390e-01
6.330527086383601620e-01
6.331685886875343394e-01
6.332845111680702743e-01
6.334004761032777653e-01
6.335164835164834862e-01
6.336325334310313195e-01
6.337486258702821340e-01
6.339809384164223349e-01
6.340971585701191682e-01
6.342134213421342093e-01
6.343297267559141472e-01
6.344460748349229906e-01
6.345624656026417343e-01
6.346788990825688037e-01
6.345447870778266886e-01
6.348943985307621274e-01
6.348273328434974605e-01
6.347602425133198611e-01
6.348768834987137399e-01
6.354607320213353505e-01
6.361627692874241013e-01
6.362799263351749390e-01
6.363971265426413559e-01
6.365143699336772709e-01
6.363133640552995907e-01
6.364306784660767047e-01
6.365480361423566658e-01
6.366654371080782138e-01
6.367828813871979632e-01
6.369003690036900700e-01
6.370178999815464538e-01
6.371354743447766866e-01
6.372530921174081042e-01
6.374884579870729873e-01
6.376062061322497199e-01
6.377239977831147266e-01
6.378418329637841611e-01
6.379597116983921623e-01
6.378927911275416029e-01
6.380107228692919463e-01
6.382467172184205229e-01
6.383647798742138058e-01
6.382978723404255650e-01
6.384159881569207995e-01
6.385341476957245854e-01
6.386523509811180555e-01
6.387705980374004389e-01
6.388888888888888395e-01
6.390072235599184580e-01
6.392440244580321895e-01
6.393624907338769647e-01
6.394810009267840600e-01
6.395995550611790481e-01
6.397181531615057093e-01
6.398367952522254765e-01
6.399554813578185453e-01
6.398886827458255544e-01
6.401262063845583050e-01
6.402450343419342493e-01
6.403639064240623791e-01
6.404828226555245863e-01
6.406017830609211927e-01
6.407207876648708389e-01
6.408398364920103729e-01
6.409589295669949616e-01
6.410780669144980903e-01
6.411972485592117854e-01
6.415550595238095344e-01
6.416744186046511311e-01
6.417938221064384274e-01
6.419132700539735836e-01
6.418466120625465621e-01
6.419661143176317308e-01
6.420856610800744768e-01
6.422052523747439068e-01
6.424445686603316163e-01
6.425642937010809241e-01
6.428038777032065720e-01
6.429237367145254067e-01
6.430436404326743682e-01
6.431635888826711112e-01
6.432835820895522749e-01
6.434036200783728177e-01
6.436438305021466855e-01
6.437640029873039627e-01
6.440044826298094716e-01
6.439379787035307556e-01
6.440582959641255600e-01
6.441786581947299695e-01
6.442990654205607015e-01
6.446605573218627816e-01
6.447811447811447882e-01
6.449017773620205896e-01
6.450224550898203679e-01
6.451431779898932906e-01
6.452639460876076205e-01
6.451975285527055126e-01
6.453183520599250489e-01
6.454392208278704191e-01
6.455601348819782759e-01
6.458020989505247611e-01
6.459231490159325073e-01
6.461653853365835198e-01
6.462865716429107010e-01
6.464078034139936202e-01
6.463414634146341653e-01
6.464627509851754716e-01
6.465840840840840764e-01
6.467054627370001363e-01
6.473130402104472214e-01
6.475563909774436633e-01
6.476781349877797078e-01
6.477999247837532559e-01
6.480436418359668549e-01
6.479774223894637641e-01
6.480993601806548376e-01
6.482213438735178190e-01
6.483433734939758608e-01
6.485875706214688785e-01
6.485213787907326832e-01
6.486435568952524378e-01
6.487657810439042549e-01
6.488880512627214214e-01
6.490103675777568748e-01
6.491327300150829815e-01
6.493775933609958750e-01
6.495000943218260936e-01
6.496226415094339401e-01
6.497452349499905910e-01
6.498678746696866515e-01
6.499905606947328218e-01
6.501132930513595642e-01
6.502360717658167699e-01
6.503588968643747581e-01
6.506046863189720586e-01
6.505386505386505647e-01
6.506616257088846389e-01
6.505955757231990377e-01
6.507186081694402713e-01
6.508416871571779394e-01
6.509648127128263573e-01
6.510879848628192690e-01
6.512112036336108467e-01
6.513344690516751356e-01
6.515811399356182809e-01
6.523222748815166172e-01
6.541825095057034467e-01
6.543069024529377664e-01
6.542411563332065638e-01
6.543656077610804367e-01
6.548638873024937856e-01
6.549885757806549469e-01
6.552380952380952861e-01
6.551724137931034253e-01
6.552972560975609539e-01
6.554221459881837131e-01
6.555470834921844903e-01
6.557971014492753881e-01
6.559221819568948897e-01
6.560473101869515045e-01
6.564229814850162104e-01
6.566736681306091228e-01
6.567990832696715131e-01
6.569245463228271520e-01
6.570500573175391823e-01
6.569845213070896195e-01
6.571100917431192956e-01
6.572357101892563058e-01
6.573613766730401764e-01
6.574870912220309727e-01
6.574215761285386872e-01
6.573560359670939102e-01
6.574818216609261690e-01
6.576076555023923076e-01
6.577335375191424305e-01
6.576680068925904177e-01
6.576024511681347606e-01
6.577284045202068663e-01
6.578544061302682433e-01
6.579804560260585911e-01
6.581065542353392583e-01
6.579754601226993627e-01
6.581016299137104619e-01
6.582278481012657778e-01
6.580966999232540360e-01
6.582229898292074610e-01
6.584757151084661420e-01
6.586021505376343788e-01
6.591083781706379430e-01
6.592350566980588189e-01
6.593617839292579275e-01
6.594885598923283521e-01
6.595499134448932210e-01
6.592877767083734630e-01
6.594147092799383936e-01
6.595416907375313276e-01
6.597958004238104746e-01
6.599229287090558893e-01
6.600501059934477111e-01
6.601773323053199416e-01
6.603046076730286762e-01
6.604319321249517705e-01
6.605593056894889514e-01
6.606867283950617065e-01
6.609417213431107996e-01
6.613245800347556935e-01
6.614522981846272520e-01
6.615800656751014142e-01
6.617078825347758597e-01
6.618357487922705840e-01
6.619636644762273425e-01
6.620916296153103175e-01
6.622196442382056736e-01
6.621543221813962488e-01
6.624105242793577597e-01
6.625386996904024661e-01
6.626669247145345887e-01
6.627951993805651920e-01
6.629235237173282114e-01
6.628582494190550234e-01
6.629866356769320568e-01
6.631150716776442744e-01
6.632435574501065467e-01
6.631782945736434121e-01
6.633068424113199857e-01
6.634354400930593254e-01
6.635640876478572370e-01
6.639503298409002996e-01
6.640791771783427500e-01
6.642080745341615300e-01
6.643370219374878927e-01
6.644660194174757395e-01
6.645950670033016205e-01
6.647241647241647344e-01
6.646590246745677222e-01
6.645938593082005852e-01
6.647230320699708539e-01
6.654991243432574199e-01
6.658878504672897103e-01
6.658227848101265778e-01
6.659524737047136655e-01
6.660822131307228000e-01
6.662120031176929080e-01
6.663418436951861201e-01
6.664717348927875484e-01
6.666016767401052867e-01
6.667316692667706324e-01
6.666666666666666297e-01
6.666016387046429514e-01
6.667317073170732078e-01
6.668618266978922904e-01
6.667967987507319449e-01
6.669269816477938484e-01
6.673178355147489915e-01
6.678396871945259106e-01
6.679702776691435195e-01
6.682316118935837101e-01
6.684931506849315364e-01
6.686239968682716750e-01
6.687548942834768972e-01
6.688858429606422407e-01
6.690168429298863906e-01
6.691478942213515690e-01
6.692789968652037569e-01
6.694101508916323606e-01
6.695413563308506566e-01
6.694765732209371212e-01
6.696078431372548545e-01
6.697391645420670558e-01
6.701334379905808936e-01
6.702649656526006305e-01
6.703965449548487943e-01
6.705281759277439413e-01
6.707915930072677613e-01
6.711871069182390181e-01
6.711224690387261882e-01
6.715184893784421627e-01
6.720472440944882386e-01
6.727093596059113834e-01
6.728419392983838732e-01
6.731072555205047658e-01
6.730427923486491659e-01
6.731755424063116111e-01
6.731110672716512644e-01
6.732438831886345953e-01
6.733767515295046024e-01
6.735096723253060080e-01
6.734452122408687291e-01
6.733807266982622108e-01
6.735137270393047881e-01
6.736467799288818892e-01
6.737798853981427083e-01
6.740462542004348467e-01
6.741795175958876785e-01
6.743128336958671420e-01
6.742484177215190000e-01
6.743818001978238996e-01
6.745152354570637110e-01
6.746487235305759222e-01
6.745843230403800739e-01
6.747178776479905160e-01
6.746534653465346976e-01
6.749207606973058882e-01
6.748563503071131064e-01
6.749900911613159193e-01
6.760619293370384586e-01
6.761961485010918871e-01
6.761318506751390345e-01
6.762661370407150319e-01
6.769383697813121659e-01
6.768741300457347121e-01
6.770087509944311410e-01
6.769444997016113019e-01
6.770791882212494617e-01
6.773487261146496907e-01
6.774835755524586389e-01
6.776184786937474724e-01
6.777534355706034130e-01
6.780235106594939554e-01
6.782938010763404080e-01
6.784290271132376038e-01
6.785643070787636955e-01
6.785001994415635895e-01
6.786355475763016232e-01
6.787709497206704246e-01
6.789064059070045731e-01
6.790419161676646276e-01
6.791774805350369038e-01
6.793130990415335857e-01
6.794487717195926146e-01
6.795844986016780220e-01
6.798561151079136611e-01
6.799920047971217407e-01
6.802639472105579399e-01
6.804000000000000048e-01
6.809447558046437532e-01
6.810810810810811189e-01
6.813538954536351167e-01
6.812900641025640969e-01
6.812262071729112689e-01
6.813627254509018183e-01
6.812988574864702329e-01
6.814354450681635589e-01
6.815720874273110130e-01
6.818455366098294945e-01
6.845921450151057908e-01
6.879174256223437034e-01
6.898721331439009452e-01
6.900121802679658467e-01
6.899492385786801796e-01
6.898862713241267208e-01
6.901665989435189497e-01
6.903068482015850549e-01
6.904471544715446996e-01
6.905875177881682925e-01
6.905246034973566704e-01
6.906650396583282614e-01
6.910866910866910739e-01
6.912273559943008516e-01
6.911644951140064608e-01
6.914460285132383310e-01
6.918687589158345475e-01
6.920097839380350280e-01
6.919469928644240708e-01
6.920880913539967372e-01
6.920252906383846936e-01
6.921664626682986210e-01
6.923076923076922906e-01
6.924489795918367108e-01
6.925903245560318666e-01
6.925275622703144229e-01
6.926689810087809374e-01
6.928104575163398504e-01
6.929519918283962854e-01
6.928892521454842468e-01
6.928264868179031533e-01
6.927636958299263625e-01
6.929053363320384351e-01
6.930470347648262086e-01
6.934724780028647118e-01
6.937563971340838798e-01
6.938984438984439063e-01
6.940405488429244318e-01
6.941827120032773024e-01
6.941200573652940298e-01
6.945469454694547240e-01
6.948318293683346525e-01
6.949743589743589967e-01
6.951169470660648608e-01
6.952595936794582210e-01
6.962597616111796395e-01
6.964028776978417046e-01
6.966892864486942116e-01
6.968325791855203288e-01
6.969759308784200247e-01
6.971193415637859658e-01
6.972628112780407950e-01
6.972004940304652454e-01
6.971381511220918759e-01
6.970757825370675898e-01
6.972193614830072272e-01
6.973629995879686572e-01
6.975066968885225149e-01
6.976504534212696340e-01
6.977942692228406019e-01
6.977319587628866282e-01
6.978758506908641079e-01
6.980198019801979736e-01
6.981638126676295020e-01
6.981015270326041966e-01
6.980392156862744724e-01
6.981833195706027562e-01
6.983274829651042737e-01
6.984717059066501976e-01
6.987603305785123897e-01
6.990491938817693374e-01
6.991937151126731420e-01
6.994829369183039880e-01
6.996276375672321191e-01
6.997723980964204449e-01
6.999172185430463378e-01
7.002070393374740798e-01
7.001449575481466514e-01
7.002899751449875865e-01
7.004350528278433519e-01
7.007253886010362809e-01
7.008706467661691697e-01
7.010159651669085612e-01
7.011613438407300336e-01
7.010373443983402009e-01
7.011828180120357468e-01
7.011207970112079968e-01
7.012663483495952255e-01
7.014119601328903109e-01
7.015576323987539054e-01
7.014956377233070306e-01
7.016413879077498805e-01
7.015173560590314272e-01
7.018091079226450590e-01
7.017470881863561161e-01
7.016850426461410661e-01
7.018310445276737530e-01
7.022694149489902005e-01
7.024156601416076118e-01
7.025619662570298241e-01
7.025000000000000133e-01
7.026463846634715127e-01
7.027928303459775039e-01
7.029393370856785728e-01
7.030859049207672795e-01
7.030239833159541707e-01
7.031706299541092831e-01
7.039047817916057603e-01
7.043460091934810041e-01
7.044932079414838455e-01
7.047877900899017778e-01
7.049351735675449815e-01
7.050826186990168942e-01
7.052301255230125632e-01
7.050450073267741091e-01
7.049832495812394795e-01
7.051308900523560741e-01
7.052785923753666086e-01
7.054263565891473187e-01
7.055741827326068583e-01
7.057220708446866331e-01
7.061661073825503676e-01
7.066107030430219815e-01
7.067590260285474546e-01
7.066974595842956397e-01
7.066358672826543730e-01
7.067842890149128587e-01
7.067226890756302948e-01
7.068711914267703511e-01
7.070197562000840596e-01
7.071683834349380415e-01
7.071068124474347849e-01
7.070452155625657209e-01
7.069835927639882556e-01
7.071323374710708487e-01
7.072811447811447882e-01
7.075789473684210851e-01
7.075173720783323184e-01
7.074557708508846243e-01
7.076048030334948225e-01
7.075431942688580333e-01
7.076923076923077316e-01
7.078414839797638747e-01
7.077798861480075754e-01
7.079291438211724463e-01
7.080784644589749321e-01
7.080168776371308370e-01
7.079552648238024437e-01
7.082541693054675846e-01
7.084037162162162282e-01
7.085533262935586052e-01
7.084917617237008747e-01
7.086414536234946215e-01
7.085798816568047442e-01
7.087296554639611612e-01
7.088794926004228225e-01
7.090293931063650357e-01
7.091793570219966369e-01
7.093293843875607685e-01
7.094794752433347673e-01
7.096296296296296102e-01
7.097798475867908019e-01
7.100804743752646697e-01
7.102308832874391076e-01
7.103813559322034177e-01
7.106824925816023208e-01
7.115874363327674423e-01
7.115262152409255192e-01
7.116772823779192736e-01
7.122821929451763623e-01
7.122210414452709859e-01
7.123724489795918435e-01
7.126754572522331355e-01
7.137380191693291076e-01
7.138900724328930414e-01
7.140421904964840971e-01
7.141943734015345768e-01
7.143466211895118656e-01
7.144989339019189867e-01
7.146513115802942684e-01
7.148037542662115662e-01
7.147429059099636994e-01
7.148954332052923633e-01
7.148345784418356219e-01
7.149871904355251662e-01
7.151398676062352688e-01
7.150790260572404966e-01
7.150181585131382134e-01
7.151709401709401837e-01
7.162422426706612777e-01
7.163955479452054353e-01
7.165489188610575377e-01
7.167023554603854096e-01
7.166416791604197645e-01
7.165809768637532162e-01
7.167345189629311664e-01
7.168881268752679281e-01
7.170418006430868685e-01
7.171955403087478809e-01
7.175032175032175497e-01
7.176571551169277363e-01
7.178111587982832775e-01
7.182735666738243596e-01
7.182130584192439882e-01
7.186761229314421184e-01
7.188306104901117655e-01
7.189851644807567776e-01
7.191397849462365377e-01
7.190793719079371371e-01
7.192340791738381922e-01
7.193888530234560097e-01
7.195436934997847533e-01
7.196986006458557794e-01
7.196382428940568676e-01
7.197932371311651645e-01
7.199482981473502852e-01
7.201034259857789221e-01
7.204138823022202542e-01
7.203536006899525779e-01
7.205089497519948649e-01
7.206643658326142843e-01
7.209753992231333619e-01
7.209151737535074433e-01
7.208549222797927536e-01
7.210105808680630224e-01
7.211663066954643320e-01
7.213220998055736022e-01
7.217898832684824795e-01
7.219459459459459660e-01
7.221020761245674491e-01
7.222582738481505560e-01
7.221981826049329589e-01
7.221380653538195249e-01
7.224507469149166194e-01
7.226071892594196910e-01
7.227636993718865588e-01
7.229202772963604362e-01
7.230769230769230616e-01
7.232336367576939207e-01
7.237041856430275200e-01
7.240182252115426875e-01
7.241753472222222099e-01
7.241154764488821893e-01
7.242726877985237177e-01
7.244299674267100642e-01
7.243701129452649878e-01
7.245274820769063151e-01
7.248424255596609411e-01
7.249999999999999778e-01
7.251576429658621592e-01
7.253153545019573878e-01
7.252556014792256311e-01
7.254134029590948440e-01
7.253536452665940715e-01
7.255115367871136645e-01
7.254517744393642609e-01
7.256097560975609539e-01
7.255499891091266029e-01
7.257080610021786615e-01
7.258662017868816596e-01
7.258064516129032473e-01
7.259646827992152218e-01
7.259049280418665706e-01
7.260632497273719066e-01
7.262216404886562282e-01
7.265386294194674521e-01
7.266972276795459207e-01
7.268558951965065074e-01
7.267962437213365545e-01
7.267365661861074910e-01
7.268953462967009393e-01
7.270541958041958353e-01
7.272131147540983331e-01
7.273721031919545554e-01
7.275311611633501485e-01
7.276902887139107268e-01
7.278494858893020947e-01
7.280087527352298027e-01
7.281680892974392583e-01
7.283274956217162810e-01
7.284869717538865475e-01
7.284275076653525804e-01
7.283680175246440847e-01
7.285276073619632031e-01
7.286872671488056064e-01
7.291666666666666297e-01
7.293266067119982266e-01
7.294866169372531406e-01
7.296466973886328589e-01
7.295873573309921145e-01
7.300680869756204228e-01
7.302284710017574731e-01
7.303889255108767520e-01
7.305494505494505297e-01
7.307100461639920441e-01
7.308707124010553891e-01
7.310314493072355146e-01
7.311922569291684493e-01
7.311331133113311287e-01
7.312940140845070047e-01
7.314549856922738513e-01
7.317771415987668338e-01
7.317180616740087684e-01
7.320405464962538300e-01
7.322018955256777151e-01
7.323633156966490310e-01
7.325248070562293545e-01
7.326863696515217850e-01
7.328480035296712769e-01
7.331714853233282092e-01
7.333333333333332815e-01
7.334952528151910123e-01
7.336572438162544119e-01
7.338193063839186792e-01
7.339814405656208685e-01
7.341436464088397784e-01
7.343059239610963962e-01
7.344682732699535643e-01
7.346306943830163139e-01
7.345132743362832173e-01
7.346758132330161173e-01
7.351638618246235657e-01
7.353266888150609137e-01
7.352680549401860999e-01
7.354309771770440873e-01
7.357570383506982781e-01
7.359201773835920557e-01
7.360833887779995033e-01
7.362466725820763225e-01
7.364100288440204034e-01
7.365734576120728239e-01
7.367369589345171832e-01
7.382117437722419684e-01
7.383759733036707740e-01
7.385402759234535042e-01
7.387046516803916774e-01
7.388691006233303327e-01
7.388109552438210104e-01
7.389755011135857865e-01
7.394695787831513378e-01
7.396344181899242587e-01
7.395763656633221883e-01
7.397413024085637279e-01
7.399063127370064663e-01
7.400713966979026726e-01
7.402365543405490245e-01
7.404017857142857206e-01
7.403438267470417999e-01
7.405091558731576873e-01
7.406745588563770077e-01
7.410055865921787444e-01
7.411712114438980814e-01
7.413369103509948044e-01
7.412790697674418450e-01
7.414448669201521014e-01
7.416107382550335414e-01
7.417766838218841086e-01
7.419427036705461553e-01
7.422749664128974745e-01
7.424412094064949397e-01
7.426075268817203812e-01
7.434402332361516041e-01
7.436069986541049559e-01
7.437738389050930765e-01
7.439407540394973317e-01
7.442748091603053062e-01
7.451112609575185619e-01
7.449966269395097429e-01
7.451641925326135674e-01
7.453318335208098944e-01
7.452745274527452501e-01
7.457779779328980174e-01
7.459459459459459874e-01
7.461139896373056857e-01
7.462821090581343020e-01
7.464503042596348781e-01
7.466185752930568631e-01
7.467869222096955584e-01
7.469553450608931167e-01
7.476297968397290772e-01
7.477986001354707257e-01
7.477416440831075040e-01
7.479105489044499677e-01
7.480795300497062872e-01
7.484177215189873333e-01
7.489255824474101431e-01
7.490950226244343924e-01
7.492645394885720789e-01
7.494341330918967703e-01
7.493774054788318040e-01
7.495471014492753881e-01
7.494903737259343002e-01
7.496601721794290407e-01
7.498300475866757075e-01
7.500000000000000000e-01
7.501700294717751349e-01
7.501133786848072083e-01
7.500567022000453887e-01
7.502268602540834719e-01
7.501701837985024213e-01
7.503404448479346067e-01
7.505107832009080271e-01
7.502840263576460167e-01
7.504545454545454852e-01
7.506251420777448891e-01
7.505684402000909472e-01
7.505117125312713577e-01
7.506824385805277444e-01
7.508532423208190698e-01
7.510241238051889034e-01
7.511950830867288875e-01
7.517084282460136935e-01
7.518796992481202590e-01
7.520510483135824931e-01
7.522224754957830273e-01
7.537688442211055717e-01
7.539410555174776984e-01
7.538848263254113169e-01
7.538285714285714034e-01
7.540009144947416031e-01
7.541733363823461822e-01
7.543458371454712097e-01
7.545184168382521595e-01
7.546910755148741323e-01
7.548638132295719672e-01
7.550366300366300187e-01
7.552095259903823798e-01
7.551534585432890800e-01
7.553264604810996374e-01
7.554995417048578910e-01
7.556727022690808981e-01
7.558459422283356766e-01
7.557899564320109675e-01
7.557339449541284893e-01
7.559073181922458806e-01
7.558513079394217904e-01
7.557952719761303895e-01
7.559687786960513911e-01
7.561423650975890309e-01
7.560863573725310482e-01
7.562600505398575645e-01
7.564338235294117974e-01
7.563778441737531999e-01
7.565517241379310365e-01
7.567256840653023842e-01
7.568997240110395541e-01
7.570738440303658168e-01
7.572480441785549576e-01
7.574223245109320546e-01
7.579456471672040285e-01
7.581202487906012477e-01
7.582949308755760898e-01
7.586445366528353773e-01
7.588194604565368095e-01
7.589944649446493941e-01
7.591695501730103546e-01
7.593447161975080961e-01
7.595199630740826491e-01
7.594644506001846374e-01
7.596398060494111704e-01
7.598152424942262728e-01
7.599907599907600453e-01
7.601663585951941027e-01
7.603420383637624624e-01
7.602866389274156589e-01
7.602312138728323232e-01
7.601757631822386729e-01
7.603516076798519929e-01
7.605275335492827082e-01
7.607035408470261828e-01
7.608796296296296280e-01
7.614083854528608253e-01
7.613531047265986729e-01
7.615295480880649448e-01
7.617060732498841524e-01
7.620593692022263888e-01
7.622361401067038189e-01
7.624129930394432098e-01
7.625899280575539896e-01
7.627669452181986554e-01
7.629440445785929947e-01
7.631212261960055310e-01
7.632984901277584111e-01
7.632434944237918018e-01
7.631884731582616599e-01
7.633658763365875899e-01
7.635433620088351026e-01
7.637209302325581595e-01
7.640763145649138721e-01
7.640214102862462608e-01
7.641992551210428086e-01
7.643771827706635769e-01
7.645551932929669503e-01
7.645003494060097493e-01
7.646784715750233330e-01
7.648566767653227627e-01
7.650349650349650421e-01
7.649801818605735937e-01
7.651585820895522305e-01
7.653370655470025374e-01
7.655156322911805811e-01
7.656942823803967180e-01
7.656395891690009892e-01
7.658183516226944043e-01
7.657636618402615669e-01
7.657089465078252832e-01
7.658878504672896881e-01
7.660668380462725136e-01
7.662459093034128532e-01
7.661912555529576396e-01
7.661365762394761747e-01
7.663157894736841724e-01
7.664950865699579063e-01
7.666744675871752790e-01
7.668539325842697041e-01
7.670334816202294403e-01
7.672131147540983687e-01
7.673928320449754370e-01
7.675726335520149934e-01
7.677525193344270082e-01
7.679324894514767408e-01
7.681125439624852946e-01
7.680581613508442596e-01
7.680037532254281318e-01
7.679493195682778328e-01
7.681295470546819493e-01
7.680751173708920687e-01
7.684358853922028665e-01
7.686163965233732132e-01
7.685620300751879741e-01
7.687426556991774351e-01
7.689233662435355221e-01
7.688690336233247047e-01
7.688146754468485611e-01
7.689955304634203959e-01
7.691764705882352393e-01
7.691221463873852970e-01
7.693032015065913720e-01
7.694843418883917652e-01
7.696655675930287321e-01
7.698468786808009279e-01
7.697926484448632811e-01
7.699740749469714540e-01
7.701555869872701576e-01
7.703371846262674350e-01
7.702830188679244960e-01
7.704647322481716909e-01
7.708284163323105842e-01
7.707743153918791279e-01
7.707201889020071084e-01
7.709022201228152849e-01
7.708480982754547517e-01
7.710302457466918780e-01
7.709761285748050197e-01
7.711583924349881825e-01
7.713407424923149902e-01
7.715231788079470743e-01
7.717057014431039086e-01
7.718883104590629207e-01
7.720710059171597139e-01
7.722537878787878451e-01
7.724366564053990469e-01
7.726196115585031166e-01
7.728026533996683600e-01
7.727488151658767901e-01
7.726949514102867678e-01
7.726410621147463686e-01
7.728242826654019293e-01
7.727703984819734861e-01
7.727164887307236274e-01
7.728998576174656021e-01
7.730833135532874101e-01
7.732668566001899002e-01
7.736342042755344206e-01
7.735804229033024226e-01
7.737642585551330887e-01
7.739481816020917782e-01
7.738944365192581554e-01
7.740784780023781675e-01
7.744468236973590658e-01
7.746311280342693673e-01
7.745774815520114487e-01
7.747619047619047628e-01
7.749464158132888247e-01
7.748928060981419286e-01
7.754469606674612159e-01
7.753934191702431811e-01
7.755783448604817165e-01
7.755248091603053062e-01
7.757098544500119486e-01
7.758949880668257748e-01
7.760802100740032961e-01
7.762655205348615306e-01
7.762120850250776583e-01
7.761586239847109159e-01
7.763440860215053974e-01
7.765296367112810572e-01
7.767152761176189246e-01
7.769010043041606473e-01
7.772727272727272263e-01
7.771127603543213080e-01
7.770593869731801107e-01
7.770059880239520433e-01
7.769525634882606946e-01
7.771387491013659332e-01
7.775113881563174845e-01
7.776978417266187105e-01
7.778843847445430226e-01
7.778310940499040260e-01
7.780177585793136563e-01
7.779644743158905529e-01
7.779111644657863422e-01
7.780979827089337109e-01
7.782848907038193431e-01
7.786589762076423504e-01
7.788461538461538547e-01
7.790334214955517700e-01
7.789802789802789951e-01
7.791676689920615795e-01
7.791145332050047889e-01
7.790613718411552036e-01
7.790081848820413768e-01
7.789549723091740985e-01
7.789017341040462838e-01
7.788484702481329736e-01
7.790361445783132721e-01
7.792239093757531432e-01
7.794117647058823595e-01
7.795997106341934213e-01
7.797877472262421117e-01
7.799758745476477184e-01
7.801640926640927010e-01
7.800579430226943778e-01
7.800048297512678364e-01
7.799516908212560384e-01
7.801401304662961556e-01
7.800338409475465751e-01
7.799806576402320557e-01
7.799274486094316394e-01
7.798742138364780363e-01
7.798209533026857487e-01
7.801984991527475266e-01
7.801452784503631888e-01
7.803342213611044187e-01
7.805232558139535426e-01
7.807123818754543310e-01
7.809015996122151693e-01
7.808484848484849028e-01
7.807953443258971449e-01
7.806357680174714764e-01
7.808252427184465549e-01
7.810148094197620905e-01
7.812044681884410258e-01
7.813942190915715846e-01
7.817739975698663191e-01
7.819640252795333479e-01
7.819110138584974834e-01
7.821011673151750943e-01
7.820481634638773993e-01
7.822384428223844166e-01
7.821854465806765688e-01
7.823758519961051539e-01
7.829476248477466038e-01
7.831384015594542447e-01
7.830855471606141815e-01
7.832764505119453879e-01
7.834674469641550454e-01
7.834146341463414931e-01
7.837969741337237339e-01
7.839882841103246180e-01
7.839355468750000000e-01
7.841269841269841168e-01
7.845101392621548486e-01
7.847018572825024130e-01
7.848936690295771346e-01
7.850855745721271317e-01
7.850330154071900601e-01
7.852250489236790587e-01
7.854171764130168931e-01
7.856093979441997055e-01
7.855569155446756602e-01
7.857492654260528342e-01
7.859417095273083520e-01
7.861342479176873788e-01
7.863268806665033583e-01
7.865196078431372362e-01
7.867124295170384585e-01
7.866601275134870175e-01
7.868530782438066806e-01
7.868007850834151107e-01
7.869938650306748107e-01
7.871870397643593309e-01
7.875736738703339457e-01
7.877671333824612931e-01
7.877149877149877133e-01
7.876628164168100188e-01
7.876106194690265516e-01
7.878042783378411684e-01
7.877520905066404122e-01
7.879458794587945736e-01
7.878937007874016185e-01
7.880876199852325792e-01
7.882816346627277149e-01
7.882295001231224285e-01
7.881773399014778692e-01
7.880729423361261254e-01
7.880207049543997977e-01
7.882149901380670620e-01
7.881627620221948183e-01
7.883571780957079334e-01
7.883049592894152413e-01
7.886941495926931278e-01
7.886419753086419959e-01
7.888367498147690338e-01
7.887323943661971315e-01
7.891223733003708274e-01
7.893175074183976792e-01
7.895127380657926963e-01
7.897080653142009021e-01
7.891865079365079083e-01
7.893822872736293572e-01
7.899702085402184881e-01
7.899180531412962614e-01
7.901142573273720604e-01
7.903105590062111663e-01
7.905069582504969938e-01
7.904548844146159770e-01
7.904027846842367477e-01
7.903506590400397602e-01
7.907439661607365000e-01
7.913346613545816366e-01
7.912826899128269087e-01
7.918743768693917717e-01
7.918224881575667284e-01
7.920199501246882878e-01
7.924151696606785977e-01
7.928107838242636207e-01
7.934049462902822425e-01
7.943971985992996920e-01
7.943457593194895860e-01
7.945445445445445953e-01
7.949424136204306102e-01
7.951414976208364127e-01
7.953406813627253991e-01
7.952894011525933893e-01
7.956881423915768137e-01
7.958876629889668486e-01
7.960872836719338208e-01
7.962870045158053633e-01
7.959286252827343366e-01
7.961287078934137229e-01
7.963288911239627677e-01
7.965291750503018520e-01
7.964779874213836486e-01
7.966784096628082290e-01
7.968789327963755609e-01
7.967766305716443842e-01
7.967254408060453486e-01
7.966742252456537887e-01
7.968750000000000000e-01
7.970758759768086232e-01
7.970247100353000658e-01
7.969735182849937427e-01
7.969223007063571673e-01
7.971233913701740725e-01
7.970721857647652397e-01
7.972734158040898356e-01
7.974747474747474474e-01
7.976761808537509157e-01
7.976250631632137988e-01
7.977243994943109540e-01
7.975708502024291269e-01
7.977727157681600012e-01
7.977215189873417822e-01
7.979235249430235433e-01
7.977698935631019062e-01
7.977186311787072270e-01
7.976673427991886056e-01
7.978696424042607260e-01
7.978183663115170354e-01
7.977670641969043519e-01
7.985775971551942742e-01
7.987804878048780921e-01
7.987293519695044530e-01
7.991355199593186409e-01
7.993387589013224437e-01
7.990320937340804619e-01
7.998470168281488490e-01
8.000510073960723778e-01
8.000000000000000444e-01
7.999489665731054355e-01
7.998979070954568282e-01
8.001021189685983970e-01
8.000510725229826869e-01
8.002554278416347255e-01
8.004598875830352123e-01
8.006644518272425515e-01
8.006134969325153783e-01
8.005625159805676017e-01
8.007672634271100209e-01
8.007162957278076698e-01
8.009211873080859245e-01
8.008702329152802557e-01
8.012804097311139184e-01
8.014856557377049162e-01
8.014347937483986550e-01
8.013839056893901081e-01
8.013329915406306458e-01
8.015384615384615330e-01
8.014875609130546197e-01
8.014366341713698993e-01
8.013856812933025653e-01
8.013347022587269386e-01
8.012836970474968012e-01
8.012326656394452851e-01
8.011816080143847607e-01
8.011305241521068377e-01
8.013364173734258689e-01
8.012853470437018011e-01
8.014913859604011481e-01
8.016975308641974829e-01
8.016465140210959905e-01
8.020592020592021143e-01
8.022657054582904568e-01
8.022147823847540771e-01
8.024214322514168218e-01
8.023705230610667094e-01
8.023195876288660155e-01
8.022686259345191973e-01
8.022176379577101724e-01
8.021666236781016535e-01
8.021155830753353699e-01
8.020645161290322900e-01
8.022715539494063020e-01
8.024786986831913271e-01
8.026859504132231038e-01
8.028933092224231904e-01
8.031007751937984107e-01
8.033083484104419636e-01
8.035160289555325352e-01
8.037238169123351872e-01
8.039317123642006901e-01
8.041397153945666343e-01
8.043478260869565410e-01
8.042971783587885559e-01
8.045054375970999150e-01
8.044548044548044397e-01
8.046632124352331994e-01
8.052890847809177632e-01
8.054979253112033444e-01
8.057068741893644859e-01
8.056564608199273669e-01
8.056060212821177791e-01
8.055555555555555802e-01
8.057647364320955630e-01
8.059740259740260093e-01
8.059236165237724236e-01
8.061330561330560807e-01
8.063426046269820402e-01
8.065522620904835849e-01
8.065019505851755977e-01
8.067117585848074812e-01
8.066614623991673616e-01
8.066111400312336865e-01
8.065607914605571471e-01
8.065104166666666741e-01
8.067205001302422129e-01
8.069306930693069813e-01
8.071409955694552885e-01
8.070907194994786371e-01
8.073011734028683328e-01
8.075117370892018753e-01
8.077224106444038654e-01
8.076722338204592733e-01
8.078830592534586019e-01
8.080939947780678700e-01
8.080438756855575777e-01
8.079937304075235360e-01
8.078933612127547903e-01
8.078431372549019773e-01
8.077928870292887531e-01
8.077426105153021618e-01
8.079539508110936685e-01
8.081654017272965618e-01
8.083769633507853491e-01
8.083267871170463081e-01
8.085385018334206864e-01
8.087503274823159005e-01
8.091743119266054940e-01
8.091242789722076223e-01
8.090742197744558162e-01
8.092864637985309750e-01
8.094988192075570632e-01
8.094488188976377563e-01
8.093987923339459600e-01
8.096113445378151363e-01
8.095613343840294407e-01
8.097740409879138346e-01
8.099868593955321661e-01
8.099369085173501182e-01
8.101498816723639029e-01
8.103629668595475621e-01
8.105761641673243645e-01
8.110028954988154348e-01
8.112164296998419788e-01
8.111667105609692285e-01
8.111169652265542984e-01
8.113306982872200424e-01
8.112809699525567186e-01
8.112312153967835560e-01
8.114451476793248519e-01
8.116591928251121191e-01
8.118733509234828949e-01
8.120876220638690857e-01
8.120380147835268847e-01
8.122524425666755032e-01
8.124669836238774812e-01
8.124174372523117471e-01
8.123678646934461289e-01
8.123182659265133498e-01
8.125330512956108198e-01
8.127479502777043008e-01
8.126984126984126977e-01
8.126488489018258710e-01
8.125992588671254735e-01
8.128144029653163738e-01
8.130296610169491789e-01
8.132450331125827825e-01
8.134605193428723346e-01
8.134110787172011969e-01
8.133616118769882997e-01
8.133121188013789915e-01
8.135278514588859533e-01
8.137436985937914757e-01
8.136942675159235527e-01
8.139102734271302930e-01
8.138608603292618593e-01
8.138114209827357337e-01
8.137619553666312067e-01
8.137124634600053641e-01
8.136134006913054995e-01
8.134646088344864578e-01
8.134149587436784179e-01
8.133652822151224981e-01
8.133155792276963725e-01
8.132658497602557324e-01
8.134825472954969605e-01
8.136993603411514231e-01
8.139162889896027764e-01
8.138666666666666272e-01
8.138170178714323466e-01
8.137673425827107732e-01
8.137176407792900967e-01
8.136679124399359697e-01
8.136181575433911739e-01
8.135683760683760646e-01
8.135185679935880154e-01
8.143888740304894291e-01
8.143392188336008308e-01
8.145571313888145815e-01
8.145074946466809296e-01
8.144578313253012514e-01
8.144081414033208510e-01
8.143584248593624952e-01
8.143086816720257470e-01
8.142589118198874099e-01
8.144772117962466584e-01
8.146956288549208614e-01
8.146459227467811592e-01
8.148645022806546567e-01
8.150831991411701116e-01
8.150335570469798840e-01
8.152524167561761015e-01
8.152027934461455461e-01
8.151531434712520063e-01
8.153722117710292538e-01
8.153225806451612767e-01
8.152729228287174390e-01
8.154922001075847193e-01
8.154425612052730310e-01
8.153928955866522887e-01
8.153432032301480836e-01
8.155627355950457735e-01
8.157823862106113877e-01
8.157327586206896131e-01
8.156831042845593682e-01
8.159029649595687106e-01
8.158533297384740202e-01
8.160733549083063476e-01
8.165137614678898981e-01
8.167341430499325261e-01
8.171752633000269883e-01
8.173960021609940618e-01
8.176168603080248287e-01
8.175675675675675436e-01
8.177885915112192983e-01
8.180097349918875604e-01
8.179605085204220138e-01
8.181818181818182323e-01
8.184032476319350602e-01
8.186247969680563452e-01
8.204015192620727204e-01
8.206241519674355445e-01
8.208469055374593148e-01
8.207982622861796917e-01
8.210211841390548937e-01
8.212442271121977999e-01
8.232570806100217853e-01
8.232089348951239227e-01
8.234332425068119354e-01
8.236576723902970798e-01
8.236095965103599204e-01
8.235614944095991374e-01
8.235133660665575617e-01
8.237380627557980839e-01
8.239628820960698263e-01
8.241878241878242140e-01
8.241398143091206441e-01
8.243649276154055849e-01
8.243169398907104206e-01
8.245422246515441422e-01
8.247676325861126312e-01
8.252188183807439570e-01
8.254445964432284288e-01
8.256704980842911601e-01
8.258965234054201909e-01
8.261226725082146949e-01
8.263489454943850898e-01
8.263013698630137238e-01
8.262537681556590963e-01
8.264802631578946901e-01
8.264326843981354420e-01
8.266593527153044407e-01
8.268861454046638748e-01
8.271130625686059501e-01
8.270656052703815320e-01
8.270181219110378512e-01
8.272452622905794861e-01
8.274725274725274193e-01
8.276999175597691272e-01
8.281550728622490976e-01
8.281078107810780908e-01
8.283356258596973332e-01
8.282883874518437439e-01
8.285163776493256194e-01
8.284691629955946990e-01
8.284219223354447603e-01
8.286501377410467883e-01
8.288784789198125891e-01
8.288313120176405979e-01
8.287369001654716349e-01
8.286896551724137749e-01
8.286423841059602502e-01
8.288711012972674874e-01
8.290999447818884205e-01
8.290527478597072841e-01
8.290055248618785066e-01
8.292345951920420122e-01
8.294637921503593692e-01
8.294166436273154863e-01
8.296460176991150570e-01
8.298755186721992194e-01
8.301051466519092648e-01
8.303349017437032797e-01
8.302879291251383798e-01
8.302409304901688936e-01
8.307010252147408735e-01
8.309312638580931276e-01
8.311616301635708082e-01
8.311148086522462952e-01
8.310679611650485521e-01
8.310210876803552082e-01
8.309741881765195792e-01
8.309272626318712218e-01
8.308803110247153789e-01
8.308333333333333126e-01
8.310641844956933033e-01
8.310172317954419574e-01
8.309702529886016098e-01
8.312013348164627446e-01
8.311543810848400771e-01
8.313856427378965019e-01
8.313387141664347890e-01
8.315701559020044487e-01
8.315232525758841087e-01
8.317548746518106384e-01
8.317079966564502325e-01
8.316141622525787813e-01
8.315672058003346079e-01
8.317991631799163121e-01
8.317522321428570953e-01
8.317052749092939123e-01
8.316582914572864249e-01
8.316112817648702027e-01
8.315642458100558354e-01
8.317965912265996575e-01
8.320290665176075517e-01
8.324944071588367134e-01
8.324475524475524191e-01
8.324006715165080950e-01
8.323537643436887956e-01
8.323068309070548176e-01
8.322598711845421438e-01
8.324929971988795918e-01
8.324460633230597040e-01
8.323991031390134410e-01
8.323521166246145020e-01
8.323051037577117173e-01
8.330058939096267601e-01
8.332397529477821863e-01
8.331929233361415887e-01
8.334269662921348631e-01
8.336611407698791831e-01
8.338954468802698416e-01
8.338487489457407920e-01
8.340832395950505962e-01
8.339898705683737035e-01
8.342245989304812870e-01
8.341779279279278869e-01
8.346478873239436824e-01
8.346012961397576424e-01
8.348365276211950903e-01
8.347899633493093274e-01
8.350253807106599035e-01
8.352609308885754480e-01
8.354966139954853599e-01
8.357324301439458258e-01
8.356860530773574380e-01
8.356396498164360143e-01
8.358757062146893180e-01
8.358293303192992907e-01
8.357829282080271316e-01
8.357364998586372939e-01
8.356900452488688069e-01
8.359264497878359235e-01
8.361629881154498678e-01
8.361166147749787836e-01
8.363533408833522254e-01
8.365902010761824270e-01
8.365439093484419164e-01
8.363584798638683537e-01
8.363120567375886827e-01
8.362656072644721883e-01
8.362191314220834837e-01
8.361726291879614248e-01
8.364101107639875243e-01
8.363636363636363091e-01
8.366013071895425091e-01
8.365548607163161288e-01
8.365083878305373810e-01
8.364618885096700707e-01
8.366998577524893399e-01
8.366533864541833010e-01
8.366068886991175901e-01
8.368451025056947712e-01
8.370834520079749597e-01
8.373219373219372708e-01
8.372755770874893422e-01
8.375142531356898346e-01
8.374679213002566014e-01
8.374215630347975337e-01
8.373751783166903939e-01
8.373287671232876317e-01
8.372823294319154952e-01
8.375214163335237272e-01
8.377606398171950630e-01
8.382394969991425748e-01
8.384791309319611363e-01
8.387189019159279058e-01
8.391988555078684353e-01
8.394390383514596099e-01
8.396793587174348206e-01
8.399198167239404489e-01
8.398739616155829202e-01
8.398280802292263925e-01
8.397821725422757178e-01
8.397362385321101019e-01
8.399770576426728308e-01
8.399311531841652245e-01
8.401721664275466628e-01
8.404133180252583157e-01
8.406546080964685252e-01
8.405630565929330666e-01
8.408045977011494587e-01
8.407588387467662683e-01
8.407130534790109300e-01
8.409548461317227774e-01
8.409090909090909394e-01
8.411053540587218880e-01
8.413475381514540219e-01
8.415898617511520241e-01
8.415442235666954485e-01
8.414985590778097935e-01
8.417411357739982281e-01
8.419838523644751493e-01
8.419382751658494035e-01
8.424242424242424088e-01
8.429107710077966553e-01
8.431542461005199218e-01
8.433978618896272872e-01
8.433526011560693592e-01
8.435964151488869467e-01
8.438403701561596471e-01
8.440844663002603498e-01
8.448176027793862231e-01
8.447726614538082490e-01
8.450173812282734120e-01
8.449724717473195978e-01
8.454624528848941889e-01
8.454176334106728863e-01
8.456628952712503811e-01
8.456181079512478105e-01
8.458635703918723214e-01
8.461091753774681035e-01
8.460644786523380256e-01
8.460197559558396696e-01
8.459750072653298147e-01
8.462209302325581772e-01
8.464669962198313469e-01
8.469595577538551190e-01
8.469150174621653537e-01
8.468704512372634552e-01
8.471170646476412491e-01
8.473638217302650322e-01
8.476107226107225667e-01
8.475663071990673370e-01
8.478134110787172162e-01
8.480606590842810766e-01
8.485555879778231558e-01
8.485113835376532077e-01
8.484671532846714825e-01
8.484228971962616273e-01
8.486707566462167174e-01
8.491669102601578922e-01
8.496636443404503858e-01
8.499122293739028722e-01
8.501609599063506550e-01
8.501170960187353076e-01
8.500732064421668843e-01
8.500292911540714424e-01
8.499853501318488380e-01
8.502344665885110953e-01
8.501905599530928948e-01
8.501466275659823602e-01
8.501026694045175081e-01
8.500586854460093766e-01
8.500146756677429138e-01
8.499706400469759782e-01
8.502202643171805629e-01
8.501762632197414904e-01
8.504260946223920481e-01
8.503821281599059922e-01
8.506321670097030108e-01
8.505882352941176450e-01
8.510888758092995943e-01
8.515901060070670825e-01
8.518409425625920184e-01
8.517972893341190233e-01
8.522995283018868218e-01
8.528023598820059226e-01
8.533057851239669311e-01
8.532624741659285972e-01
8.532191376255168214e-01
8.531757754800590732e-01
8.531323877068558437e-01
8.530889742831806455e-01
8.530455351862803459e-01
8.532978408754806621e-01
8.532544378698224685e-01
8.532110091743119185e-01
8.531675547661338177e-01
8.534201954397394596e-01
8.536729857819904677e-01
8.536296296296296271e-01
8.538826318909306101e-01
8.541357841683960839e-01
8.543890865954922864e-01
8.543458914268763360e-01
8.548530721282279199e-01
8.551068883610450921e-01
8.550638550638550717e-01
8.553178847296494247e-01
8.555720653789004038e-01
8.555291319857312171e-01
8.554861730597680403e-01
8.554431885782272094e-01
8.554001785182980822e-01
8.556547619047618625e-01
8.556117892229829769e-01
8.555687909469922303e-01
8.554396423248882275e-01
8.553965414430531045e-01
8.553534148523710412e-01
8.553102625298328876e-01
8.552670844524022931e-01
8.552238805970149294e-01
8.554792475365781135e-01
8.553928891544666513e-01
8.553496712492528742e-01
8.553064275037368658e-01
8.552631578947368363e-01
8.555189949147472550e-01
8.554757630161580195e-01
8.559880239520958334e-01
8.559448936807427799e-01
8.562013181545835572e-01
8.561582259514534110e-01
8.560287942411517470e-01
8.559855985598560091e-01
8.559423769507803481e-01
8.558991293905734432e-01
8.558558558558558849e-01
8.561129468308801282e-01
8.560264502554854049e-01
8.559831629585087365e-01
8.559398496240601117e-01
8.558965102286402171e-01
8.561540776406860731e-01
8.561107766405779973e-01
8.563685636856368522e-01
8.563253012048193114e-01
8.562820126544139487e-01
8.562386980108499523e-01
8.564968344889960505e-01
8.564535585042220012e-01
8.567119155354449012e-01
8.566686783343391287e-01
8.566254150316933158e-01
8.565821256038647080e-01
8.565388100271821292e-01
8.564954682779456485e-01
8.564521003324266912e-01
8.564087061668681500e-01
8.566676746295736056e-01
8.566243194192377786e-01
8.568835098335855216e-01
8.568401937046005168e-01
8.567968513472600245e-01
8.567534827377346618e-01
8.567100878521659579e-01
8.569696969696969369e-01
8.569263413155501219e-01
8.571861734384474962e-01
8.571428571428570953e-01
8.570995145631068457e-01
8.570127504553733955e-01
8.569693288794412167e-01
8.568824065633545706e-01
8.568389057750760429e-01
8.573600973236009670e-01
8.573167021600243132e-01
8.572732805842969706e-01
8.572298325722983448e-01
8.570121951219512590e-01
8.569685879841415499e-01
8.569249542403905018e-01
8.571864510222764189e-01
8.574481074481073994e-01
8.574045801526717359e-01
8.573610262675626092e-01
8.578850855745721038e-01
8.578416386426169771e-01
8.577981651376146432e-01
8.580605689813398662e-01
8.579736761554943580e-01
8.579301898346601840e-01
8.581929555895865258e-01
8.581495098039215730e-01
8.584125038308305644e-01
8.589389757743023379e-01
8.592024539877300970e-01
8.591592513040809953e-01
8.594229588704727085e-01
8.596437346437346694e-01
8.601720958819913943e-01
8.601291115893021644e-01
8.609230769230769020e-01
8.611880578639581341e-01
8.611453201970443727e-01
8.611025562057283977e-01
8.610597658656808928e-01
8.610169491525423435e-01
8.612823674475955649e-01
8.611539648256710811e-01
8.611111111111111605e-01
8.613769682000617101e-01
8.616429894996912031e-01
8.616002471424157871e-01
8.615574783683559446e-01
8.618238021638330304e-01
8.620902906617192718e-01
8.623569440148468601e-01
8.623143564356435808e-01
8.622717424945837150e-01
8.625386996904024217e-01
8.628058222359863416e-01
8.627633209417595594e-01
8.627207933064765522e-01
8.626782393056416920e-01
8.629457364341085457e-01
8.632133995037221119e-01
8.631709587340986589e-01
8.631284916201117374e-01
8.630859981372244194e-01
8.630434782608695787e-01
8.638483058750388022e-01
8.638059701492537545e-01
8.637636080870917388e-01
8.640323584318606587e-01
8.639900404606286610e-01
8.642590286425902990e-01
8.645281843662410148e-01
8.644859813084112554e-01
8.644437519476472209e-01
8.647132169576059457e-01
8.649828500155909428e-01
8.652526512788522028e-01
8.657927590511860227e-01
8.657508585700904868e-01
8.660212367270455625e-01
8.662917838175570040e-01
8.665625000000000133e-01
8.671044402751719726e-01
8.670212765957446832e-01
8.672926447574335063e-01
8.672095208268086886e-01
8.671679197994986987e-01
8.674396740833594244e-01
8.673981191222570608e-01
8.673565380997177998e-01
8.673149309912170368e-01
8.675870724819579882e-01
8.675455116133081734e-01
8.675039246467818321e-01
8.674623115577889676e-01
8.674206723217090520e-01
8.673790069138905823e-01
8.676516818610500170e-01
8.681975463982384289e-01
8.684707363121459966e-01
8.687440982058546313e-01
8.687027707808564481e-01
8.692501575299307337e-01
8.692089505200125688e-01
8.691677175283732959e-01
8.691264585304320223e-01
8.690851735015773238e-01
8.690438624171662463e-01
8.693181818181817677e-01
8.692769182191347754e-01
8.692356285533796578e-01
8.691943127962085125e-01
8.694690265486725300e-01
8.694277584571609152e-01
8.693864642631246031e-01
8.693451439417905213e-01
8.693037974683544000e-01
8.692624248179803281e-01
8.695376820772641180e-01
8.694963573012353120e-01
8.703233988585922232e-01
8.702822708531556817e-01
8.705583756345177671e-01
8.708346556648682846e-01
8.711111111111110583e-01
8.710701810098443465e-01
8.713468869123253135e-01
8.716237686685732733e-01
8.715012722646310328e-01
8.714603881641743710e-01
8.722929936305732213e-01
8.722523096527556863e-01
8.722115997450605729e-01
8.721708638826904947e-01
8.721301020408163129e-01
8.720893141945773586e-01
8.720485003190810991e-01
8.720076603894031386e-01
8.719667943805874399e-01
8.719259022676461024e-01
8.718849840255591399e-01
8.721636305528922550e-01
8.724424552429667079e-01
8.727214582667093268e-01
8.726807421625080163e-01
8.726399999999999713e-01
8.729193341869397882e-01
8.728786423310919140e-01
8.728379244074311316e-01
8.731175905158603534e-01
8.730769230769230838e-01
8.730362295607566603e-01
8.729547641963426585e-01
8.727915194346289596e-01
8.727506426735218703e-01
8.727097396335583568e-01
8.726688102893890298e-01
8.729495014474107917e-01
8.732303732303732247e-01
8.735114258126810416e-01
8.737926593689633314e-01
8.737520128824476373e-01
8.737113402061855716e-01
8.736299161831077020e-01
8.739116414059980853e-01
8.744756373023555573e-01
8.743945753955441047e-01
8.743540051679586922e-01
8.743134087237479646e-01
8.745959922430510680e-01
8.745554477853216824e-01
8.748382923673997391e-01
8.751213199611775906e-01
8.754045307443365509e-01
8.756879248947879724e-01
8.756476683937823857e-01
8.756073858114674646e-01
8.755670771224887128e-01
8.755267423014586603e-01
8.754863813229571967e-01
8.760545100584036238e-01
8.766233766233766378e-01
8.765833062682689691e-01
8.765432098765432167e-01
8.768280792980175375e-01
8.770731707317073189e-01
8.773584905660377631e-01
8.803921568627450789e-01
8.806799607714939082e-01
8.815445026178010401e-01
8.818330605564648206e-01
8.817943680419122465e-01
8.817556501801506741e-01
8.817169069462647002e-01
8.816781383153065033e-01
8.819672131147541227e-01
8.819285011479173209e-01
8.818897637795275468e-01
8.818510009845750286e-01
8.821405121470781152e-01
8.821018062397373294e-01
8.820630749014454208e-01
8.820243181071311112e-01
8.819855358316897043e-01
8.819467280499835304e-01
8.822368421052632081e-01
8.821980914774596449e-01
8.821593153390387965e-01
8.821205136648008205e-01
8.820816864295125681e-01
8.832453825857520258e-01
8.841201716738197325e-01
8.840819022457067078e-01
8.840436075322101184e-01
8.843357567746199521e-01
8.846280991735536725e-01
8.849206349206348854e-01
8.848825669864373022e-01
8.848063555114200618e-01
8.847682119205297901e-01
8.847300430606160893e-01
8.850231941683234238e-01
8.849850845210474048e-01
8.855721393034825528e-01
8.861599734483902591e-01
8.861221779548472677e-01
8.860843573563600417e-01
8.860465116279069298e-01
8.860086407444334178e-01
8.859707446808510189e-01
8.859328234120386059e-01
8.862275449101796321e-01
8.860759493670885556e-01
8.860379873375541226e-01
8.860000000000000098e-01
8.859619873291096903e-01
8.859239492995329979e-01
8.862195528862195637e-01
8.861815754339118500e-01
8.861435726210350472e-01
8.861055444221777044e-01
8.864016037420647809e-01
8.863256435974590230e-01
8.862495817999330727e-01
8.862115127175368423e-01
8.861734181452962655e-01
8.861352980576021610e-01
8.860971524288107082e-01
8.860589812332440030e-01
8.863560174321153395e-01
8.866532528504359467e-01
8.869506876886951163e-01
8.872483221476510362e-01
8.872104733131923604e-01
8.875083948959032742e-01
8.874706079946255155e-01
8.883658372562205363e-01
8.886646485031953757e-01
8.886271870794077987e-01
8.889262874453046637e-01
8.888888888888888395e-01
8.888514651397777522e-01
8.891509433962264675e-01
8.890761968981794050e-01
8.893760539629005368e-01
8.893387314439945568e-01
8.893013837327032878e-01
8.896016205266711330e-01
8.895643363728470421e-01
8.894896924636701563e-01
8.894523326572008060e-01
8.894149475820087858e-01
8.897158322056833990e-01
8.896785109983079698e-01
8.896411645226811604e-01
8.896037927531323941e-01
8.895663956639566772e-01
8.895289732294137108e-01
8.898305084745762317e-01
8.907363420427553136e-01
8.906992532247114402e-01
8.906621392190152697e-01
8.906250000000000000e-01
8.905878355419639680e-01
8.905506458191706498e-01
8.905134308058483272e-01
8.904761904761904212e-01
8.904389248043552696e-01
8.904016337644655721e-01
8.903643173306095004e-01
8.906675749318800905e-01
8.906303236797273870e-01
8.905930470347648287e-01
8.905557449710194140e-01
8.908594815825374713e-01
8.908222449675878840e-01
8.907849829351536242e-01
8.910891089108911034e-01
8.913934426229508379e-01
8.913563375469764072e-01
8.913192071086808443e-01
8.912820512820512908e-01
8.912448700410396940e-01
8.912076633595621411e-01
8.911704312114989701e-01
8.917808219178081641e-01
8.920863309352518034e-01
8.923920493488690653e-01
8.923551594103531492e-01
8.926611796982167890e-01
8.929674099485420680e-01
8.935805012015104465e-01
8.938873626373626813e-01
8.941944349020954919e-01
8.941216913028532387e-01
8.944291609353507422e-01
8.943928448572411316e-01
8.947006194081211783e-01
8.946643717728055556e-01
8.946280991735536814e-01
8.945918015845676363e-01
8.945554789800137518e-01
8.945191313340227213e-01
8.948275862068965081e-01
8.947913073473611201e-01
8.951000690131124538e-01
8.954090438384535444e-01
8.953729281767955905e-01
8.956822107081174877e-01
8.959917069799585576e-01
8.959557552713446338e-01
8.959197786998617241e-01
8.962296783120027310e-01
8.961937716262975417e-01
8.961578400830737534e-01
8.964681440443212912e-01
8.970893970893970559e-01
8.977115117891817375e-01
8.976760319112035980e-01
8.976405274115197841e-01
8.976049982644914715e-01
8.974982626824183907e-01
8.973913043478261020e-01
8.973556019485038338e-01
8.972483455242076245e-01
8.975609756097561176e-01
8.975252701289647694e-01
8.974895397489539572e-01
8.974537844436693002e-01
8.974180041870202240e-01
8.973821989528796284e-01
8.973463687150837753e-01
8.972746331236897133e-01
8.975882558545963397e-01
8.979020979020978510e-01
8.978663868485484700e-01
8.978306508047585455e-01
8.977948897444871790e-01
8.977591036414566128e-01
8.977232924693520077e-01
8.976874562018219983e-01
8.980021030494216294e-01
8.979305506839705409e-01
8.978947368421053010e-01
8.978588978588978309e-01
8.981741573033708015e-01
8.981383912890762433e-01
8.981026001405481018e-01
8.980667838312829110e-01
8.976350158842216764e-01
8.975988700564971889e-01
8.975626986930412832e-01
8.978798586572438456e-01
8.978437610463061436e-01
8.978076379066478596e-01
8.977714892111778866e-01
8.977353149327671478e-01
8.976991150442478196e-01
8.976266383280198102e-01
8.975903614457830804e-01
8.979085430698333647e-01
8.978723404255318785e-01
8.978361120964881703e-01
8.977998580553584462e-01
8.977635782747603876e-01
8.977272727272727071e-01
8.975817923186344416e-01
8.975453575240127657e-01
8.978647686832740282e-01
8.978284086863652647e-01
8.977920227920227481e-01
8.977191732002851587e-01
8.976827094474153501e-01
8.976462196861626497e-01
8.976097038886906576e-01
8.979300499643112499e-01
8.978936094252052413e-01
8.978571428571429092e-01
8.978206502322257920e-01
8.977841315225161267e-01
8.981051126206649471e-01
8.980686695278969900e-01
8.980322003577817513e-01
8.979957050823192954e-01
8.979591836734693855e-01
8.982808022922635915e-01
8.979885057471264087e-01
8.979518505210204449e-01
8.979151689432063321e-01
8.978784609852571430e-01
8.978417266187049828e-01
8.978049658150414336e-01
8.977681785457163333e-01
8.980914656103708982e-01
8.984149855907781479e-01
8.983783783783784171e-01
8.983417447728910821e-01
8.982683982683982160e-01
8.982316853121616873e-01
8.981581798483206924e-01
8.981213872832369827e-01
8.980845681243223577e-01
8.980477223427332234e-01
8.979000724112962128e-01
8.982252806954001967e-01
8.981884057971014634e-01
8.981515041681769063e-01
8.984771573604061201e-01
8.984403336960464781e-01
8.984034833091436578e-01
8.983666061705989359e-01
8.983297022512708452e-01
8.982927715219760634e-01
8.982558139534884134e-01
8.981818181818181923e-01
8.981447799199708815e-01
8.980706224972697660e-01
8.979591836734693855e-01
8.979219832300401327e-01
8.978847556528081197e-01
8.978475009120758799e-01
8.977355734112490993e-01
8.976982097186700926e-01
8.976608187134502703e-01
8.979890310786106111e-01
8.979517190929041659e-01
8.979143798024149525e-01
8.978021978021978322e-01
8.977647489923048507e-01
8.980938416422287185e-01
8.980564723138980687e-01
8.983859134262656143e-01
8.983486238532110146e-01
8.986784140969162893e-01
8.990084465662872004e-01
8.989713445995591856e-01
8.989342153619992448e-01
8.988970588235294379e-01
8.988598749540271937e-01
8.988226637233259764e-01
8.987854251012146189e-01
8.991163475699558427e-01
8.990791896869244626e-01
8.990420044215180484e-01
8.993733873940287227e-01
8.993362831858406903e-01
8.992991516045739653e-01
8.992619926199262315e-01
8.995939461055739716e-01
8.995568685376661433e-01
8.998891762098263358e-01
8.997410284868664343e-01
8.997039230199851412e-01
8.996667900777489679e-01
8.996296296296296680e-01
8.995924416450536976e-01
8.995179829440118624e-01
8.994807121661720917e-01
8.994434137291280607e-01
8.997772828507795140e-01
8.997400668399554435e-01
9.000742942050520279e-01
9.000371609067261414e-01
8.999628114540721979e-01
8.999255952380952328e-01
8.998883513211760610e-01
8.998510796723753202e-01
8.998137802607076852e-01
8.997764530551415341e-01
8.997390980245992820e-01
8.997017151379567146e-01
9.000372995151062483e-01
9.000000000000000222e-01
9.003359462486002496e-01
9.002987303958177590e-01
9.002614867388868403e-01
9.002242152466367608e-01
9.001869158878504917e-01
9.001495886312640415e-01
9.004863449307893841e-01
9.004118307749906513e-01
9.003745318352059934e-01
9.003372049456724868e-01
9.002250562640660148e-01
9.001876172607879978e-01
9.001501501501500968e-01
9.001126549004881960e-01
9.000751314800901071e-01
9.000375798571965680e-01
9.003759398496240518e-01
9.003384731101917726e-01
9.003009781790820565e-01
9.006398193451260470e-01
9.006024096385542022e-01
9.009416195856874143e-01
9.009042954031650785e-01
9.008669430833019520e-01
9.007921539041870984e-01
9.007547169811320753e-01
9.007172517931294475e-01
9.006797583081570524e-01
9.006422364941443215e-01
9.006046863189720586e-01
9.005671077504725508e-01
9.005295007564296794e-01
9.004918653045781429e-01
9.004542013626041230e-01
9.004165088981446186e-01
9.003787878787878896e-01
9.003410382720727911e-01
9.003032600454889955e-01
9.002654531664771032e-01
9.006069802731411222e-01
9.005692599620492844e-01
9.005315110098709441e-01
9.004937333839726499e-01
9.004180919802357019e-01
9.002664636467453407e-01
9.002284843869001740e-01
9.001904761904762076e-01
9.001524390243902385e-01
9.001143728555089929e-01
9.000762776506483487e-01
9.000381533765737796e-01
8.999618174875906318e-01
8.999236058059587595e-01
8.998853649216660422e-01
8.998470948012232684e-01
9.001912045889101099e-01
9.001530221882172444e-01
9.000765696784073233e-01
9.000382995021064536e-01
8.998849252013808586e-01
8.998465080583268882e-01
8.998080614203455285e-01
8.997695852534561833e-01
8.997310795236266312e-01
9.000768639508071045e-01
9.004229142637447669e-01
9.003846153846153388e-01
9.003462870334744128e-01
9.003079291762894343e-01
9.002695417789757792e-01
9.001542020046260362e-01
9.001156961048978333e-01
9.000385951370127868e-01
9.000000000000000222e-01
9.003091190108191144e-01
9.002705836876691015e-01
9.002320185614849368e-01
9.001547987616098645e-01
9.005032907471931525e-01
9.004647560030983877e-01
9.000388953714507645e-01
9.000000000000000222e-01
8.999610743479953268e-01
9.003115264797507677e-01
9.002726918582002469e-01
9.002338269680436600e-01
9.001949317738791034e-01
9.000780640124902421e-01
9.000390472471690995e-01
9.000000000000000222e-01
8.999609222352481508e-01
8.999218139171227815e-01
8.998826750097770333e-01
8.998435054773082920e-01
8.998043052837573219e-01
8.997650743931088213e-01
9.001175088131609936e-01
8.998035363457760338e-01
9.001572327044025101e-01
9.000786782061368507e-01
9.000393545848091037e-01
8.999606144151240938e-01
8.999211977935381856e-01
8.996840442338072119e-01
8.996444093243777251e-01
8.996047430830039771e-01
8.995650454725188094e-01
8.995253164556962222e-01
8.994855559952512625e-01
8.994457640538400245e-01
8.994059405940594276e-01
8.997622820919175535e-01
9.001189060642093009e-01
9.000793021411578332e-01
8.998410174880763224e-01
9.001988071570576899e-01
9.001591089896578968e-01
9.001193792280143269e-01
9.000000000000000222e-01
8.999601434834595404e-01
8.999202551834131203e-01
8.998803350618268526e-01
8.998403830806065429e-01
8.998003992015968233e-01
8.997603833865814860e-01
9.001198561725929359e-01
9.004796163069543891e-01
9.004398240703718193e-01
9.003999999999999782e-01
9.003601440576231019e-01
9.003202562049639202e-01
9.002803364036844336e-01
9.002403846153845812e-01
9.002004008016032399e-01
9.005613472333600100e-01
9.009225832330525208e-01
9.008828250401283988e-01
9.008430349257325886e-01
9.007633587786259000e-01
9.007234726688102544e-01
9.010856453558504509e-01
9.010458567980691447e-01
9.010060362173037962e-01
9.013687600644122444e-01
9.013290374546919503e-01
9.012494961708987784e-01
9.012096774193548709e-01
9.011698265429608501e-01
9.011299435028248261e-01
9.014937424303592906e-01
9.014539579967689731e-01
9.025475131419328223e-01
9.025080906148866822e-01
9.028733306353703414e-01
9.032388663967610976e-01
9.036046982584041709e-01
9.035265504661532665e-01
9.034482758620689946e-01
9.033698741372310215e-01
9.037367993501218555e-01
9.041040227549776986e-01
9.052074857607811387e-01
9.051689051689051357e-01
9.051302931596091339e-01
9.050916496945010659e-01
9.050529747351263588e-01
9.049367605059159825e-01
9.048979591836734393e-01
9.048202614379085018e-01
9.047813649366571731e-01
9.047424366312346589e-01
9.051124744376277675e-01
9.054828150572831191e-01
9.054441260744985343e-01
9.054054054054053724e-01
9.053278688524589723e-01
9.052502050861361838e-01
9.052113254000820897e-01
9.051724137931034253e-01
9.051334702258726495e-01
9.055053410024650473e-01
9.058775174681463760e-01
9.057225195553725294e-01
9.056836902800659006e-01
9.056448290070044926e-01
9.056059356966199569e-01
9.059793814432989256e-01
9.059017746595130482e-01
9.058629232039636658e-01
9.058240396530359284e-01
9.057851239669421073e-01
9.057461761058288596e-01
9.061207609594705836e-01
9.060819197352089072e-01
9.060430463576158999e-01
9.067937033968517246e-01
9.071694985495234453e-01
9.070924927416009753e-01
9.070539419087136901e-01
9.074304690743046908e-01
9.073920265780730521e-01
9.073535521395929004e-01
9.081081081081081585e-01
9.092422980849291791e-01
9.096209912536442621e-01
9.095833333333332993e-01
9.099624843684869235e-01
9.103419516263553390e-01
9.107217355027117378e-01
9.114822546972860540e-01
9.114452798663325028e-01
9.118261596322607687e-01
9.117892976588628517e-01
9.117524048515265322e-01
9.121338912133891696e-01
9.120971117622436175e-01
9.128613322161709398e-01
9.128248113998324031e-01
9.127882599580712242e-01
9.127516778523490082e-01
9.127150650440620794e-01
9.125683060109289757e-01
9.129520605550882628e-01
9.129154396297854968e-01
9.128787878787878451e-01
9.132631578947368878e-01
9.136478517270429922e-01
9.144182124789207444e-01
9.143821172501054306e-01
9.143459915611814592e-01
9.143098353735753525e-01
9.142736486486486847e-01
9.142374313476975267e-01
9.146238377007607223e-01
9.145877378435518512e-01
9.149746192893400965e-01
9.149386373254337901e-01
9.153259949195596823e-01
9.152901313002964612e-01
9.152542372881355970e-01
9.156422212802034499e-01
9.160305343511450094e-01
9.159949087823504588e-01
9.159592529711375608e-01
9.159235668789809104e-01
9.158878504672897103e-01
9.158521036974075491e-01
9.158163265306122902e-01
9.157446808510638636e-01
9.161345253299276736e-01
9.160988074957410188e-01
9.164891350660417935e-01
9.164535379369138646e-01
9.168443496801705894e-01
9.168088737201365301e-01
9.172001707212974475e-01
9.175918018787361241e-01
9.175565997436992971e-01
9.179487179487179072e-01
9.179136383069688154e-01
9.178785286569717261e-01
9.182712879760376312e-01
9.186643835616438158e-01
9.190578158458244662e-01
9.194515852613539542e-01
9.194170595799400214e-01
9.198113207547169434e-01
9.197769197769197769e-01
9.197424892703862653e-01
9.197080291970802790e-01
9.201030927835051054e-01
9.204984959174903336e-01
9.204643164230438268e-01
9.208602150537634756e-01
9.208261617900171947e-01
9.207920792079208328e-01
9.207579672695951345e-01
9.207238259370961186e-01
9.206896551724137456e-01
9.206554549374730279e-01
9.205869659041864272e-01
9.209844559585492751e-01
9.209503239740820524e-01
9.213483146067416030e-01
9.217466493731084620e-01
9.217128027681661395e-01
9.216789268714842276e-01
9.216450216450216004e-01
9.216110870506712960e-01
9.215771230502599609e-01
9.215431296055482946e-01
9.223427331887201763e-01
9.223090277777777901e-01
9.222752930959617901e-01
9.226759339704604379e-01
9.226423294219904259e-01
9.226086956521739602e-01
9.230100043497172502e-01
9.234116623150565584e-01
9.233783195472354821e-01
9.233449477351916013e-01
9.233115468409586191e-01
9.241168774531182128e-01
9.245200698080279222e-01
9.244871235268441456e-01
9.248908296943231244e-01
9.252948885976408633e-01
9.252622377622378158e-01
9.256668124180148505e-01
9.256342957130359039e-01
9.260393873085339678e-01
9.260070052539404184e-01
9.259745948313622410e-01
9.259421560035057119e-01
9.259096887330118264e-01
9.258771929824561875e-01
9.262834576568670375e-01
9.262510974539069908e-01
9.262187088274044244e-01
9.261862917398945294e-01
9.265934065934066100e-01
9.270008795074757835e-01
9.274087109546854668e-01
9.273767605633802535e-01
9.273447820343461157e-01
9.277533039647577473e-01
9.285714285714286031e-01
9.298013245033112106e-01
9.306230667255854794e-01
9.310344827586206629e-01
9.314462627156125940e-01
9.318584070796460672e-01
9.318282425852146833e-01
9.317980513728963965e-01
9.317678334071776147e-01
9.317375886524822404e-01
9.321507760532150577e-01
9.325643300798580615e-01
9.325343985796715751e-01
9.329484902309058691e-01
9.329187027987561054e-01
9.345794392523364413e-01
9.345503116651825426e-01
9.353832442067736563e-01
9.353544360231832444e-01
9.353256021409456222e-01
9.357429718875501790e-01
9.361607142857142350e-01
9.361322018758374552e-01
9.361036639857015507e-01
9.360751005811354108e-01
9.377519032691445933e-01
9.381720430107527431e-01
9.381443298969072142e-01
9.381165919282511423e-01
9.380888290713323974e-01
9.385098743267504817e-01
9.384822631342613075e-01
9.389038634321653642e-01
9.393258426966292207e-01
9.392985611510791255e-01
9.392712550607287270e-01
9.392439243924392001e-01
9.400900900900900359e-01
9.409377817853922243e-01
9.409111411817772108e-01
9.413357400722022206e-01
9.413092550790067570e-01
9.412827461607949919e-01
9.412562132851333141e-01
9.412296564195298254e-01
9.416553595658073705e-01
9.425079221367134164e-01
9.437896645512239280e-01
9.442176870748298922e-01
9.446460980036297528e-01
9.446209714026327919e-01
9.445958219800181244e-01
9.445706497046797434e-01
9.449999999999999512e-01
9.462903959945380139e-01
9.467213114754098324e-01
9.475843208751139057e-01
9.475604195166438259e-01
9.479927007299270292e-01
9.479689639434047965e-01
9.479452054794520466e-01
9.483782549109182058e-01
9.483546617915904475e-01
9.483310470964791961e-01
9.487648673376029018e-01
9.505041246562786483e-01
9.509399358092618382e-01
9.518127581459384645e-01
9.517906336088154395e-01
9.517684887459807452e-01
9.517463235294117974e-01
9.517241379310344973e-01
9.521619135234590248e-01
9.521398987574781758e-01
9.525782688766114559e-01
9.525564256103178362e-01
9.529953917050690837e-01
9.529737206085753254e-01
9.538532533456390849e-01
9.542936288088642582e-01
9.547344110854503185e-01
9.547134935304990577e-01
9.551548774849745183e-01
9.551341350601295632e-01
9.551133734382230012e-01
9.550925925925926041e-01
9.550717924965261840e-01
9.555143651529193205e-01
9.554937413073713026e-01
9.559369202226345452e-01
9.559164733178654449e-01
9.558960074280408170e-01
9.558755225267069333e-01
9.558550185873605498e-01
9.558344955834495726e-01
9.562790697674418139e-01
9.567240577012563474e-01
9.567039106145250882e-01
9.566837447601304056e-01
9.566635601118359533e-01
9.566433566433566460e-01
9.570895522388059851e-01
9.570695286980868133e-01
9.570494864612512087e-01
9.570294255021017937e-01
9.570093457943925630e-01
9.569892473118279952e-01
9.569691300280636082e-01
9.569489939167056258e-01
9.569288389513108672e-01
9.569086651053864134e-01
9.568884723523898295e-01
9.573370839193624526e-01
9.573170731707316694e-01
9.572970436414828255e-01
9.577464788732393819e-01
9.581963363081258400e-01
9.581766917293232932e-01
9.581570286788904101e-01
9.581373471307620404e-01
9.581176470588235183e-01
9.580979284369114390e-01
9.580781912388129928e-01
9.580584354382657430e-01
9.580386610089580701e-01
9.580188679245282835e-01
9.584709768758848947e-01
9.584513692162417442e-01
9.584317430325932641e-01
9.593380614657210925e-01
9.593188268684957887e-01
9.592995740653099679e-01
9.597537878787878451e-01
9.597347228801516028e-01
9.597156398104265129e-01
9.596965386439070267e-01
9.596774193548387455e-01
9.596582819174180878e-01
9.596391263057929555e-01
9.596199524940617342e-01
9.596007604562737381e-01
9.595815501664288760e-01
9.595623215984776522e-01
9.595430747263208326e-01
9.599999999999999645e-01
9.599809433063363207e-01
9.599618684461391771e-01
9.599427753934192120e-01
9.604007633587786641e-01
9.603818615751790189e-01
9.608404966571155725e-01
9.612995699952221473e-01
9.612810707456979076e-01
9.612625538020086458e-01
9.612254667304930278e-01
9.612068965517240882e-01
9.616674652611404417e-01
9.616490891658676654e-01
9.616306954436451004e-01
9.620921305182341676e-01
9.620739318290926212e-01
9.620557156580211711e-01
9.620192307692307931e-01
9.624819624819624941e-01
9.624639076034648966e-01
9.624458353394318433e-01
9.624277456647398754e-01
9.628915662650602281e-01
9.628736740597878541e-01
9.628557645923782049e-01
9.628378378378378288e-01
9.628198937711250904e-01
9.628019323671497265e-01
9.632672788786853513e-01
9.632495164410057598e-01
9.632317368166424254e-01
9.632139399806388669e-01
9.631961259079903082e-01
9.631782945736434565e-01
9.641125121241512774e-01
9.640950994662784712e-01
9.640776699029126595e-01
9.650145772594752591e-01
9.649975692756441736e-01
9.649805447470817255e-01
9.654501216545011699e-01
9.659201557935734872e-01
9.659035557720409004e-01
9.658869395711501271e-01
9.668292682926828974e-01
9.668130795510004871e-01
9.666993143976493341e-01
9.671729544341008955e-01
9.681216282491417191e-01
9.681059862610402744e-01
9.680903289150711855e-01
9.680746561886051094e-01
9.680589680589680723e-01
9.680432645034414696e-01
9.685039370078739607e-01
9.684884293451502257e-01
9.684573681616559515e-01
9.698914116485686243e-01
9.703703703703703276e-01
9.703557312252963918e-01
9.708353929807217453e-01
9.732408325074330957e-01
9.742063492063491870e-01
9.756582215598609276e-01
9.766169154228855342e-01
9.775896414342629681e-01
9.785536159600997097e-01
9.785429141716567303e-01
9.785214785214785271e-01
9.785000000000000364e-01
9.799699549323985792e-01
9.799599198396793387e-01
9.809236947791164507e-01
9.809141135107986020e-01
9.814070351758793498e-01
9.813976872800401763e-01
9.813883299798792370e-01
9.813789632611977787e-01
9.813602015113349619e-01
9.818456883509834032e-01
9.817905918057663328e-01
9.822874493927125084e-01
9.832826747720364580e-01
9.832742017232640741e-01
9.852717115286947491e-01
9.852642276422763912e-01
9.852417302798982535e-01
9.852342158859470622e-01
9.852266938359653947e-01
9.851662404092071945e-01
9.851510496671787021e-01
9.851358277806253616e-01
9.851205746536685348e-01
9.850746268656715987e-01
9.850515463917526304e-01
9.850129198966408595e-01
9.850051706308169397e-01
9.849974133471288695e-01
9.849740932642486735e-01
9.849585062240664435e-01
9.849428868120456704e-01
9.848721961398018143e-01
9.848405645582853918e-01
9.848008385744234650e-01
9.847848898216159386e-01
9.847288046340179068e-01
9.845908607863974593e-01
9.843327930848190244e-01
9.841356673960612866e-01
9.838350055741360567e-01
9.867282169648009527e-01
1.000000000000000000e+00
