5.000000000000000000e-01
5.011230907457322470e-01
5.011235955056180247e-01
5.072843159572046901e-01
5.073420603301080911e-01
5.073998178506374801e-01
5.077466393255867239e-01
5.078044890053549087e-01
5.078623518687328531e-01
5.080360196056080690e-01
5.079799361605107366e-01
5.091407678244972423e-01
5.092571428571428527e-01
5.094318051903510280e-01
5.094900525954721981e-01
5.095483133218982053e-01
5.096065873741995045e-01
5.097814895320901263e-01
5.098981576839455299e-01
5.099565117875943798e-01
5.100148792491702165e-01
5.100732600732600375e-01
5.101900618273413901e-01
5.102484827665177969e-01
5.103653647921200243e-01
5.104238258877433765e-01
5.104823003780502022e-01
5.107163323782234476e-01
5.107748739110500313e-01
5.108334288662157441e-01
5.108919972483375593e-01
5.110677830026378876e-01
5.114197176632617747e-01
5.116546101733838725e-01
5.120073537860507784e-01
5.120661916800735014e-01
5.121250430984943813e-01
5.121839080459770210e-01
5.122427865271870218e-01
5.129503856337055412e-01
5.130094404789315998e-01
5.131275909719023032e-01
5.135415466174945154e-01
5.134854771784231886e-01
5.164019937405819327e-01
5.247349823321554307e-01
5.247967958534573985e-01
5.277185501066098405e-01
5.279061500177746336e-01
5.341726618705036067e-01
5.343007915567282717e-01
5.343648794530406754e-01
5.344289827255278569e-01
5.344931013797240560e-01
5.345572354211662880e-01
5.347497299243788582e-01
5.348139255702281103e-01
5.348781366310481067e-01
5.349423631123919609e-01
5.351351351351351093e-01
5.351994233541566004e-01
5.353923807234707288e-01
5.355210962856112866e-01
5.355854772781918349e-01
5.356498737525550169e-01
5.357142857142856984e-01
5.363592583674452463e-01
5.364238410596026130e-01
5.384336475707034442e-01
5.384987308110721349e-01
5.397383086988126744e-01
5.398037077426390828e-01
5.398133559568537576e-01
5.400194033470773203e-01
5.400848999393571548e-01
5.401504124211548019e-01
5.402159407982530803e-01
5.402814850764378063e-01
5.403470452614973496e-01
5.404126213592232997e-01
5.405438213158533234e-01
5.406094451863542316e-01
5.404814004376368164e-01
5.404255319148936199e-01
5.403696498054474384e-01
5.404353642223033161e-01
5.405010946241790570e-01
5.406326034063260177e-01
5.406983817982723428e-01
5.408958130477117265e-01
5.409616555082167322e-01
5.410275140004869865e-01
5.409157330735508973e-01
5.408598221897454872e-01
5.408038976857491020e-01
5.408697770739432364e-01
5.409356725146199363e-01
5.408797368100402014e-01
5.409456495247380037e-01
5.410775231594344703e-01
5.412754542129009083e-01
5.413414634146341831e-01
5.414074887181363760e-01
5.414735301292997738e-01
5.416056612981942076e-01
5.416717510677242498e-01
5.418039790064689276e-01
5.424660882316998389e-01
5.426650366748165810e-01
5.428641310994252178e-01
5.431298176924017618e-01
5.431962799804209707e-01
5.440617722760142660e-01
5.462040113202903946e-01
5.463384615384615506e-01
5.462826193993106649e-01
5.462267635110180652e-01
5.462940162521546794e-01
5.464285714285713746e-01
5.464958738760931078e-01
5.465631929046562698e-01
5.471023427866831268e-01
5.475074037512339675e-01
5.474515611501913348e-01
5.475867176891742183e-01
5.476543209876543195e-01
5.479249011857707519e-01
5.479925880172946684e-01
5.480602915740054870e-01
5.481280118621030262e-01
5.486025228790502029e-01
5.486703772418057845e-01
5.488061363355190014e-01
5.498264749628161141e-01
5.509874549745372718e-01
5.510559006211179778e-01
5.511243632749409649e-01
5.510685884691849390e-01
5.512055679840914824e-01
5.512740832815413716e-01
5.512868332711674535e-01
5.514925373134328401e-01
5.515611394452045735e-01
5.516297586464294911e-01
5.516983949234789408e-01
5.518357187305538147e-01
5.519044062733383660e-01
5.521105715353007426e-01
5.521793275217933283e-01
5.522481006351973587e-01
5.523168908819132694e-01
5.524545228008971298e-01
5.525233644859812721e-01
5.524675972083749054e-01
5.526742301458671403e-01
5.537788881948781938e-01
5.538480759620190153e-01
5.539172810196176799e-01
5.543328748280604845e-01
5.545409056792593994e-01
5.544851745277117328e-01
5.545545545545546018e-01
5.559458103361766268e-01
5.560155563919206845e-01
5.612257819425098271e-01
5.612968591691995801e-01
5.613679544015199863e-01
5.614390676463136831e-01
5.615101989104269720e-01
5.614546376077039769e-01
5.617393509127789342e-01
5.618105743628756255e-01
5.618818158762364234e-01
5.619530754597337197e-01
5.620243531202435694e-01
5.622382946326608399e-01
5.628096024387145846e-01
5.628810975609755962e-01
5.630241423125794675e-01
5.632388458116182051e-01
5.634537131230925588e-01
5.642429644721762561e-01
5.643148242485991339e-01
5.648903620601734010e-01
5.659003831417624975e-01
5.659726657299782859e-01
5.660449667858967748e-01
5.663343558282208923e-01
5.662789211300013337e-01
5.663513167987727082e-01
5.664237309806929854e-01
5.665686149123928539e-01
5.665131747249936289e-01
5.665856466675195380e-01
5.666581371545547086e-01
5.667306461932182238e-01
5.668031737906321643e-01
5.667477281453986437e-01
5.668202764976958408e-01
5.667648188452182323e-01
5.668373879641485091e-01
5.669099756690997305e-01
5.670552068656333766e-01
5.669997437868306012e-01
5.670723894939141418e-01
5.670169144028702757e-01
5.670895809304113966e-01
5.670340938220969074e-01
5.669785924881425299e-01
5.671239902551609147e-01
5.671967171069505209e-01
5.672694626138258256e-01
5.685089974293059401e-01
5.685820799588635621e-01
5.686551812805348272e-01
5.687283014015687144e-01
5.688014403292180887e-01
5.688745980707395900e-01
5.689477746333934105e-01
5.690209700244436286e-01
5.691674173208081111e-01
5.692406692406692947e-01
5.693872296601442118e-01
5.694605381743272909e-01
5.695338655678598982e-01
5.699742268041236848e-01
5.700476865575461183e-01
5.701211652487754300e-01
5.705624355005159964e-01
5.706360469616823528e-01
5.707096774193548550e-01
5.707833268808878424e-01
5.707279297883324221e-01
5.708016006195947289e-01
5.708752904725019617e-01
5.710227272727272929e-01
5.710964742347927059e-01
5.711702402479978957e-01
5.711148430435344370e-01
5.711886304909560286e-01
5.712624370073653424e-01
5.712070302403722266e-01
5.712808582137779423e-01
5.712254395036194810e-01
5.713731574864235885e-01
5.718907726155040283e-01
5.719647942013978970e-01
5.720388349514563542e-01
5.721128948731227792e-01
5.730031120331949834e-01
5.730774218648683194e-01
5.742690058479532622e-01
5.743436443982323780e-01
5.744183023527882348e-01
5.745676765050058421e-01
5.745123537061118668e-01
5.744570165171023479e-01
5.744016649323621104e-01
5.744763887082087184e-01
5.744210252406973805e-01
5.744957709824333181e-01
5.750195363375879554e-01
5.751693590411672830e-01
5.752442996742670456e-01
5.753942395412485755e-01
5.754692387904066786e-01
5.754138964932864475e-01
5.755639587951493219e-01
5.756390193009911505e-01
5.757140993869831469e-01
5.757891990607878485e-01
5.771443514644351014e-01
5.818613234906406806e-01
5.819380355965722007e-01
5.820915205063958986e-01
5.821682933262991577e-01
5.823218997361477856e-01
5.829371368198627001e-01
5.830911492734478507e-01
5.831681860219315450e-01
5.831131078224101039e-01
5.832672482157018612e-01
5.834214701216288157e-01
5.836529559582065430e-01
5.837301587301587658e-01
5.845807391707510403e-01
5.846581875993640542e-01
5.847356565522724425e-01
5.850457377701180350e-01
5.852785145888593776e-01
5.853561480302427178e-01
5.854338020695144529e-01
5.855114767148732469e-01
5.856668878566688718e-01
5.857446243695247912e-01
5.861336166821623506e-01
5.867570801755085386e-01
5.890282968499732652e-01
5.891069283139768187e-01
5.891855807743657802e-01
5.893429487179486781e-01
5.895004007480630914e-01
5.898943991444993706e-01
5.899732620320855547e-01
5.900521460088247183e-01
5.901310510831773160e-01
5.902099772636083541e-01
5.902889245585875022e-01
5.902341137123745529e-01
5.901792881990901574e-01
5.902582630804228403e-01
5.903372591006423864e-01
5.904162762682372279e-01
5.904953145917001267e-01
5.908908238446082262e-01
5.909699892818863765e-01
5.912076129205200425e-01
5.912868632707775074e-01
5.913661348706260590e-01
5.914454277286135264e-01
5.916834339369551055e-01
5.917628119130667885e-01
5.919216317767042046e-01
5.920805369127516427e-01
5.921600214793931727e-01
5.922395273899033752e-01
5.923190546528803724e-01
5.925577646426651857e-01
5.926373774015853968e-01
5.925826390755173367e-01
5.927419354838709964e-01
5.928216158085763965e-01
5.929013175584834094e-01
5.928465779212047648e-01
5.927918235610543096e-01
5.928715534633490769e-01
5.929513048157115662e-01
5.928965424458495503e-01
5.928417653390742892e-01
5.929215448795586152e-01
5.930811683941310530e-01
5.931610123855681760e-01
5.931062340110407893e-01
5.931861028817667636e-01
5.932659932659932744e-01
5.932112068965517127e-01
5.932911221877946728e-01
5.932363244408515035e-01
5.931815119256165225e-01
5.931266846361186174e-01
5.930718425663835669e-01
5.931517929361014296e-01
5.930969394633949232e-01
5.930420711974110359e-01
5.929871881321645555e-01
5.932271991365353214e-01
5.933072459856969516e-01
5.932523616734143301e-01
5.934125269978401951e-01
5.939737873260370060e-01
5.939189189189189033e-01
5.941597945112883083e-01
5.941049215792320037e-01
5.942656207736002338e-01
5.943460029757878793e-01
5.942911255411255089e-01
5.944519621109607410e-01
5.946128857606930440e-01
5.946933802626235277e-01
5.947738965610614992e-01
5.947190250507785603e-01
5.950413223140496033e-01
5.951219512195121686e-01
5.950670822604688937e-01
5.950121984277582099e-01
5.950928561745967293e-01
5.951735357917570246e-01
5.953349606726335841e-01
5.954157059541570485e-01
5.954964731416169110e-01
5.955772622439289288e-01
5.956580732700135217e-01
5.956032026055095852e-01
5.956840390879478697e-01
5.957648975159495208e-01
5.958457778984523889e-01
5.959266802443992095e-01
5.960076045627376029e-01
5.959527366562542561e-01
5.966009517335145729e-01
5.967632258941928391e-01
5.971692977681001269e-01
5.972505784674017049e-01
5.973318812959433899e-01
5.974132062627637296e-01
5.973583877995642943e-01
5.974397385264877958e-01
5.975211114137837232e-01
5.976025064705080547e-01
5.976839237057220977e-01
5.977653631284916003e-01
5.978468247478877506e-01
5.977920130843669133e-01
5.977371864776445110e-01
5.978186775732787783e-01
5.979001908917370711e-01
5.979817264421110057e-01
5.980632842334969723e-01
5.982264665757162092e-01
5.983897379912663794e-01
5.984714071243346645e-01
5.984165984165984442e-01
5.983617747440272971e-01
5.983069361004915709e-01
5.983886385361191218e-01
5.984703632887189428e-01
5.985521103674361632e-01
5.992068918364555907e-01
5.992888402625821120e-01
5.993708111065517707e-01
5.994528043775649850e-01
5.996168582375478451e-01
5.996989188449431962e-01
5.996441281138790158e-01
5.997262149212867488e-01
6.000547870154773200e-01
6.002192081107000643e-01
6.003014524527268136e-01
6.003837193367137504e-01
6.041148853907760685e-01
6.124020156774916401e-01
6.136363636363636465e-01
6.135821523782797327e-01
6.138405390230208258e-01
6.139267162712340742e-01
6.140129177197416466e-01
6.140991433787389431e-01
6.140449438202246757e-01
6.143037796824504237e-01
6.144764581869289755e-01
6.145628338487489906e-01
6.164692611393118860e-01
6.165561979974615303e-01
6.166431593794076127e-01
6.167301452955282759e-01
6.168171557562076579e-01
6.169041907718357809e-01
6.169912503528083292e-01
6.170783345095272043e-01
6.173397345382660717e-01
6.172856941110013151e-01
6.173728813559321571e-01
6.174600932335075898e-01
6.175473297541678175e-01
6.176345909283594837e-01
6.178091872791519057e-01
6.178965224766751474e-01
6.180712669683258165e-01
6.180172535709235193e-01
6.179632248939179728e-01
6.180506436553967475e-01
6.181380871533672661e-01
6.180840526390264378e-01
6.181715256156241622e-01
6.183465458663646164e-01
6.184340931615460724e-01
6.185216652506372315e-01
6.184676391445971255e-01
6.185552407932011221e-01
6.186428672616517410e-01
6.187305185604987656e-01
6.188181947002975303e-01
6.187641723356008816e-01
6.190273642421664224e-01
6.200823746626900057e-01
6.201704545454544970e-01
6.201164938201448873e-01
6.203808982376349812e-01
6.204690831556503028e-01
6.205572931475689114e-01
6.206455282240864735e-01
6.208220736737306567e-01
6.209103840682788089e-01
6.208564518423673739e-01
6.208025042686396988e-01
6.207485413405435803e-01
6.218104062722736858e-01
6.219877370597461930e-01
6.220764403879064375e-01
6.220573548295049715e-01
6.221461187214611943e-01
6.220921935207649467e-01
6.220382529260634064e-01
6.221270521056387892e-01
6.227493569591311395e-01
6.245342505015764045e-01
6.244804357173570075e-01
6.244266055045871733e-01
6.245161290322580605e-01
6.244622885001434032e-01
6.246414228341938824e-01
6.247310285468369306e-01
6.246771879483500323e-01
6.247668245085378214e-01
6.248564867967852932e-01
6.249461748241711412e-01
6.250358886017800542e-01
6.248743357748096638e-01
6.249640907785118937e-01
6.250538715701766668e-01
6.252335105618623823e-01
6.251796493245185271e-01
6.251257726031335116e-01
6.252156411730880325e-01
6.253055355859094000e-01
6.252516537244751094e-01
6.253415791744570962e-01
6.252876869965477979e-01
6.252337793123291521e-01
6.251798561151079570e-01
6.251259173981867923e-01
6.252158894645941656e-01
6.253058874334245232e-01
6.253959113158652494e-01
6.254859611231101679e-01
6.255760368663594306e-01
6.256661385568198508e-01
6.258464198242328358e-01
6.259365994236311126e-01
6.260268050151318597e-01
6.261170366099740869e-01
6.262072942194032432e-01
6.262975778546713279e-01
6.264782232477645874e-01
6.265685850281264013e-01
6.265147143681477626e-01
6.266955266955267501e-01
6.266416510318949529e-01
6.267321016166281789e-01
6.266782156777825907e-01
6.266243141784579862e-01
6.268053148469092672e-01
6.269864201097948841e-01
6.270770119924866659e-01
6.271676300578035157e-01
6.276211135213304315e-01
6.277118889210298036e-01
6.278026905829596771e-01
6.278935185185184897e-01
6.279843727391115626e-01
6.280752532561505452e-01
6.280214213344912366e-01
6.279675738274463903e-01
6.280584913855509210e-01
6.281494352736750608e-01
6.282404055032585477e-01
6.283314020857474480e-01
6.284224250325944894e-01
6.283685888148362597e-01
6.281530878515512173e-01
6.282441641293315948e-01
6.284263959390863352e-01
6.285175514940527508e-01
6.284636587842739042e-01
6.285548461984910018e-01
6.286460600783631003e-01
6.287373004354136485e-01
6.288285672811728677e-01
6.286668602962532937e-01
6.286129266521423009e-01
6.287042417199302236e-01
6.287955833212262036e-01
6.287416448706770744e-01
6.288330184566196523e-01
6.289244186046512031e-01
6.290158453263555716e-01
6.291072986333235972e-01
6.291987785371527808e-01
6.292902850494473954e-01
6.293818181818181534e-01
6.301150429590796076e-01
6.302068161957471437e-01
6.301529497450837347e-01
6.302447552447552059e-01
6.303365874981786687e-01
6.305203323130739168e-01
6.304125965884239680e-01
6.306884480746791644e-01
6.307804522246535095e-01
6.309645410769005869e-01
6.310566258026854003e-01
6.312408759124087387e-01
6.315174528990799008e-01
6.316096990943617095e-01
6.315558802045289077e-01
6.317404647084612357e-01
6.318327974276527481e-01
6.319251571407689116e-01
6.320175438596491446e-01
6.321099575961397488e-01
6.322023983620941312e-01
6.322948661693725825e-01
6.323873610298420544e-01
6.324798829553767154e-01
6.325724319578577282e-01
6.326650080491731387e-01
6.327576112412177656e-01
6.329428989751098023e-01
6.330355835407819320e-01
6.331282952548330512e-01
6.332210341291929501e-01
6.333138001757984137e-01
6.334065934065934433e-01
6.334994138335287017e-01
6.335922614685621790e-01
6.336851363236587487e-01
6.337780384107901677e-01
6.339639243290805526e-01
6.340569081842182264e-01
6.341499193193487205e-01
6.342429577464788748e-01
6.343360234776228568e-01
6.344291165248018283e-01
6.345222369000440565e-01
6.346153846153845812e-01
6.345475910693302302e-01
6.348273328434974605e-01
6.347736625514402986e-01
6.348669704542113656e-01
6.348132902087620932e-01
6.347058823529412308e-01
6.348926154751397544e-01
6.355470475629509952e-01
6.363904452963727865e-01
6.364842943518654872e-01
6.365781710914454328e-01
6.366720755273639343e-01
6.367660076718796303e-01
6.366051660516605093e-01
6.366991437850605395e-01
6.367931492691569773e-01
6.368871825162433220e-01
6.368335548663417445e-01
6.369276218611521490e-01
6.370217166494311911e-01
6.371158392434987938e-01
6.372099896556819854e-01
6.371563700857226786e-01
6.372505543237250158e-01
6.374390063581251153e-01
6.375332741792368862e-01
6.376275698861114671e-01
6.377218934911242920e-01
6.378162450066577893e-01
6.377626516720923400e-01
6.378570371466627531e-01
6.380458919319023092e-01
6.381403612673971493e-01
6.382348585813711894e-01
6.381812796208530258e-01
6.382758109909643096e-01
6.383703703703703658e-01
6.384649577715216795e-01
6.385595732068760633e-01
6.386542166888987682e-01
6.387488882300622617e-01
6.390330713332345036e-01
6.391278552358350407e-01
6.392226672600503923e-01
6.394123757234011496e-01
6.395072721875927346e-01
6.396021968235119370e-01
6.396971496437054983e-01
6.397921306607275982e-01
6.397386397386397583e-01
6.399286987522281311e-01
6.400237706135789573e-01
6.401188707280831558e-01
6.402139991083370951e-01
6.403091557669441380e-01
6.404043407165155299e-01
6.404995539696699547e-01
6.405947955390334236e-01
6.406900654372397197e-01
6.407853636769299532e-01
6.409760452313644219e-01
6.410714285714286254e-01
6.413577489950871291e-01
6.414532459797498420e-01
6.415487714072970471e-01
6.416443252904379113e-01
6.415909429465216363e-01
6.416865315852204876e-01
6.417821487110714207e-01
6.418777943368106920e-01
6.420691711389385770e-01
6.421649023408378953e-01
6.423564504101416661e-01
6.424522673031026754e-01
6.426439868695911217e-01
6.427398895687210789e-01
6.428358208955223807e-01
6.429317808628153275e-01
6.430277694834278801e-01
6.431237867701956601e-01
6.432198327359617274e-01
6.435081428357986022e-01
6.436043036461446265e-01
6.437967115097159576e-01
6.437434594109732178e-01
6.436901913875597847e-01
6.437864513234634600e-01
6.439790575916229942e-01
6.440754039497307293e-01
6.443646160754378238e-01
6.444610778443113919e-01
6.445575684982781661e-01
6.446540880503144333e-01
6.448472139005392290e-01
6.449438202247190777e-01
6.450404554989511707e-01
6.449872621010040996e-01
6.450839328537170125e-01
6.450307300254833898e-01
6.451274362818590902e-01
6.452241715399610333e-01
6.451709658068386366e-01
6.452677366131693848e-01
6.454613653413353580e-01
6.455582232893157801e-01
6.457520264184929415e-01
6.458489716258819513e-01
6.459459459459458985e-01
6.460429493918006250e-01
6.459897867227395452e-01
6.460868258975513978e-01
6.461838942307692735e-01
6.462809917355372136e-01
6.467669172932331012e-01
6.470588235294117974e-01
6.471561841709299046e-01
6.472535741158765843e-01
6.473509933774834746e-01
6.476434271946995835e-01
6.475903614457830804e-01
6.476879048049405396e-01
6.477854775534799270e-01
6.478830797046858381e-01
6.480783722682742498e-01
6.483715319662243237e-01
6.483185039963806906e-01
6.484162895927602088e-01
6.485141046915070540e-01
6.486119493059746555e-01
6.490036231884057649e-01
6.491016155820624745e-01
6.491996375717306034e-01
6.492976891708200915e-01
6.493957703927492053e-01
6.495920217588395662e-01
6.496901919298775363e-01
6.497883917775090223e-01
6.498866213151927029e-01
6.499848805563954723e-01
6.500831695145924405e-01
6.500302480338777666e-01
6.501285735894720696e-01
6.502269288956127324e-01
6.503253139658041748e-01
6.505221734523989330e-01
6.507191521574564597e-01
6.508176862507570881e-01
6.507648038770256216e-01
6.508633747349288345e-01
6.508104832601121492e-01
6.509090909090908816e-01
6.510077284437035816e-01
6.511063958775386018e-01
6.512050932241928436e-01
6.513038204972710910e-01
6.514025777103866766e-01
6.516001820112240495e-01
6.521937148929709549e-01
6.542796222966799080e-01
6.543792840822544310e-01
6.543266301035953747e-01
6.544263294225202143e-01
6.550251639469270026e-01
6.551250762660159044e-01
6.553249923710711133e-01
6.552723943232107162e-01
6.553724053724053755e-01
6.554724469546634458e-01
6.555725190839695182e-01
6.557727550397067784e-01
6.558729188941500032e-01
6.559731133516651935e-01
6.560733384262795731e-01
6.561735941320293586e-01
6.564745451765785500e-01
6.567757724074640979e-01
6.568762429248891088e-01
6.569767441860464574e-01
6.570772762050497429e-01
6.571778389960207800e-01
6.572784325730904875e-01
6.572259644825474423e-01
6.573265962333486589e-01
6.574272588055130040e-01
6.575279522132025933e-01
6.576286764705882026e-01
6.575762218477094745e-01
6.575237511492491027e-01
6.576245210727968971e-01
6.577253218884120400e-01
6.578261536103020557e-01
6.579270162526832388e-01
6.578745591166998974e-01
6.578220858895705847e-01
6.579229943242829171e-01
6.580239337220006313e-01
6.581249040969771036e-01
6.582259054634744810e-01
6.581209702179919852e-01
6.582220175034546594e-01
6.581695331695331941e-01
6.582706189525417972e-01
6.583717357910906509e-01
6.581616968951736757e-01
6.582628747117601486e-01
6.584653236967553669e-01
6.585665948938788095e-01
6.589719913819637176e-01
6.590734185008465529e-01
6.591748768472905917e-01
6.592763664357197406e-01
6.593778872805666769e-01
6.595810227972889184e-01
6.596826374980742091e-01
6.597842835130970363e-01
6.598859608568345969e-01
6.601911810052421004e-01
6.602405922270203620e-01
6.603424340583063934e-01
6.604443073125578767e-01
6.602346403210868075e-01
6.603365755751119393e-01
6.604385423100679331e-01
6.606425702811244971e-01
6.607446315464235997e-01
6.608467243510506295e-01
6.609488487096275566e-01
6.610510046367851222e-01
6.611531921471633932e-01
6.612554112554112073e-01
6.613576619761868391e-01
6.614599443241571120e-01
6.615622583139985080e-01
6.617669812780442307e-01
6.620743034055727172e-01
6.621768075553491339e-01
6.622793434499845144e-01
6.623819111042279495e-01
6.624845105328376338e-01
6.625871417505809768e-01
6.626898047722342699e-01
6.627924996125832413e-01
6.628952262864228340e-01
6.628429700821577564e-01
6.630485346565359039e-01
6.631513647642679476e-01
6.632542267721420748e-01
6.633571206950046317e-01
6.634600465477114017e-01
6.635630043451272719e-01
6.635107869005121284e-01
6.636137845389630252e-01
6.637168141592920678e-01
6.638198757763975610e-01
6.637676657866128371e-01
6.638707673190431535e-01
6.639739008855056746e-01
6.640770665009322338e-01
6.641802641802642126e-01
6.642834939384519854e-01
6.645933758357953636e-01
6.648001244361486650e-01
6.649035469819539745e-01
6.650070017115294885e-01
6.651104886399004101e-01
6.652140077821011577e-01
6.653175591531755861e-01
6.655247586421675354e-01
6.654726678087525826e-01
6.654205607476635365e-01
6.655242249571584612e-01
6.656279214708632486e-01
6.662507797878977067e-01
6.665626462786705675e-01
6.666666666666666297e-01
6.666146402372404856e-01
6.667187012176084560e-01
6.666666666666666297e-01
6.667707682698313931e-01
6.668749023895048644e-01
6.669790690409247436e-01
6.670832682393376123e-01
6.671875000000000444e-01
6.672917643381778285e-01
6.672397624257579984e-01
6.671877442551196191e-01
6.672920575359599926e-01
6.673964034401876910e-01
6.673443853612761600e-01
6.674487720944782820e-01
6.677621283255086304e-01
6.681803946132164329e-01
6.682850430696946065e-01
6.683897243107769226e-01
6.687039648957843196e-01
6.689136228248941940e-01
6.692283563362609877e-01
6.693333333333333357e-01
6.694383432695324432e-01
6.695433861603640180e-01
6.696484620213434269e-01
6.695966096374195153e-01
6.697017268445839555e-01
6.698068770607630285e-01
6.699120603015075170e-01
6.700172765823778631e-01
6.701225259189443895e-01
6.702278083267870779e-01
6.701759899434317491e-01
6.702813138456702458e-01
6.703866708582206790e-01
6.707029407139487587e-01
6.708084303240012813e-01
6.709139531225420949e-01
6.710195091252360022e-01
6.711250983477576870e-01
6.713363765150323070e-01
6.716535433070865979e-01
6.716018270593794304e-01
6.720252167060677406e-01
6.724491405141145295e-01
6.730860299921073153e-01
6.731922955478371051e-01
6.734049273531269586e-01
6.733533407044700603e-01
6.735661241902354268e-01
6.736725663716813806e-01
6.736209894104631113e-01
6.737274739171672522e-01
6.736758893280632154e-01
6.737824161922834065e-01
6.738889767515420237e-01
6.738373932299904778e-01
6.740506329113924444e-01
6.739990504826712803e-01
6.741057296612852356e-01
6.742124426151654415e-01
6.743191893603546205e-01
6.745327842888818592e-01
6.746396325043561015e-01
6.747465145754119042e-01
6.748534305181429493e-01
6.748019017432647093e-01
6.749088603582183987e-01
6.750158528852251427e-01
6.751228793404153716e-01
6.752299397399301739e-01
6.751784298176051191e-01
6.752855329949238872e-01
6.752340155481516559e-01
6.754483415330899687e-01
6.753968253968254398e-01
6.757185961569001087e-01
6.758259212198221011e-01
6.770087509944311410e-01
6.771164863144494284e-01
6.772242559286965058e-01
6.771728748806112863e-01
6.771214774717401186e-01
6.770700636942674766e-01
6.772857597961133846e-01
6.780417796204751824e-01
6.779904306220095878e-01
6.780985803158398051e-01
6.780472239948946989e-01
6.781554172650391399e-01
6.782636450686243546e-01
6.784802043422732964e-01
6.785885358454414318e-01
6.786969019482593790e-01
6.788053026673055435e-01
6.789137380191693216e-01
6.790222080204505462e-01
6.792392520377177334e-01
6.793478260869565410e-01
6.794564348521182628e-01
6.795650783498561331e-01
6.798912174052151869e-01
6.802176696542894252e-01
6.803265567472386310e-01
6.804354787063721099e-01
6.803843074459567930e-01
6.804932735426009183e-01
6.806022745474932245e-01
6.807113104774110690e-01
6.808203813491428003e-01
6.809294871794872028e-01
6.810386279852540525e-01
6.811478037832638943e-01
6.812570145903479313e-01
6.812059012187299256e-01
6.814244465832530739e-01
6.815337718594577376e-01
6.817525276841598370e-01
6.818619582664526835e-01
6.823000321233536614e-01
6.824096385542168797e-01
6.825192802056555541e-01
6.827386692381870459e-01
6.826876707924770527e-01
6.826366559485530505e-01
6.827464222543817574e-01
6.826954004503055229e-01
6.828052115168087299e-01
6.829150579150579103e-01
6.831348567750241685e-01
6.857835218093699670e-01
6.886761842959117086e-01
6.905807711078575384e-01
6.906931337455255449e-01
6.906427990235963765e-01
6.905924479166666297e-01
6.908173233474438346e-01
6.909298159908809911e-01
6.910423452768729158e-01
6.911549112233262848e-01
6.911045943304008343e-01
6.912172071044484500e-01
6.913298565840938492e-01
6.916680254361650126e-01
6.917808219178082085e-01
6.918936551949110836e-01
6.918433931484502253e-01
6.920691906005221883e-01
6.924081632653060758e-01
6.925212279555845729e-01
6.926343295770047703e-01
6.925841228356746093e-01
6.926972716876327318e-01
6.926470588235293935e-01
6.927602549436182588e-01
6.928734880679960906e-01
6.929867582148111493e-01
6.931000654022236862e-01
6.930498773507768329e-01
6.931632319267255760e-01
6.932766235890724937e-01
6.933900523560209139e-01
6.935035182457862657e-01
6.934533551554827868e-01
6.934031756424946513e-01
6.933529796987557559e-01
6.934665138365809778e-01
6.935800851621356511e-01
6.939210224479763767e-01
6.941485002458613884e-01
6.942622950819672401e-01
6.943761272339727952e-01
6.944899967202361468e-01
6.946039035591274891e-01
6.945538057742781657e-01
6.948957820449696010e-01
6.952380952380952106e-01
6.953522745935293292e-01
6.954664914586070612e-01
6.955807458518153963e-01
6.963815789473684070e-01
6.964961342326040361e-01
6.968400263331139266e-01
6.969547325102880553e-01
6.970694764570299906e-01
6.971842581919973636e-01
6.972990777338603507e-01
6.972492175918300061e-01
6.973640856672158606e-01
6.973142198055692909e-01
6.972643375082399064e-01
6.973792648755562373e-01
6.974942301351796381e-01
6.976092333058532269e-01
6.977242744063324453e-01
6.978393534553851696e-01
6.979544704717914883e-01
6.980696254743441465e-01
6.980198019801979736e-01
6.981350057765307593e-01
6.982502476064708086e-01
6.983655274888558306e-01
6.983157199471597965e-01
6.982658959537572096e-01
6.983812355467459154e-01
6.984966132496283064e-01
6.986120290812954936e-01
6.987274830606511333e-01
6.989585055381054568e-01
6.991896808334711055e-01
6.993053258352629475e-01
6.995367306419589815e-01
6.996524904848585580e-01
6.996027805362462493e-01
6.997185896374772396e-01
6.998344370860927199e-01
6.999503229011425631e-01
7.000662471016892985e-01
7.002982107355865127e-01
7.002485501242751154e-01
7.003646005966192023e-01
7.004806895408586254e-01
7.005968169761273012e-01
7.007129829215719141e-01
7.009454304196384156e-01
7.010617120106170663e-01
7.011780321884851785e-01
7.014107883817427558e-01
7.013116387182467548e-01
7.014280969777482166e-01
7.013785085533964514e-01
7.016115633826216502e-01
7.017281488866733419e-01
7.018447731427621683e-01
7.019614361702127825e-01
7.019118869492934065e-01
7.020285999334885396e-01
7.021453517379012688e-01
7.020462485443353939e-01
7.022799134631386719e-01
7.023968042609853857e-01
7.023472615282170262e-01
7.022977022977022754e-01
7.022481265611989487e-01
7.023650899400399883e-01
7.024820922871897189e-01
7.029504917486247839e-01
7.030676892297432756e-01
7.031849257962314859e-01
7.031354236157438820e-01
7.032527105921601018e-01
7.033700367033700607e-01
7.034874019689637548e-01
7.036048064085447251e-01
7.037222500417292803e-01
7.038397328881469406e-01
7.037902821840039680e-01
7.039078156312624790e-01
7.044960722045796597e-01
7.048494983277592274e-01
7.049673858504766910e-01
7.049180327868852514e-01
7.051539491298527418e-01
7.052719665271967031e-01
7.053900234348845499e-01
7.055081198727607417e-01
7.053107723236723414e-01
7.052613941018767152e-01
7.053795877325289565e-01
7.054978209855850002e-01
7.056160938809723504e-01
7.057344064386318339e-01
7.058527586785174890e-01
7.059711506205971210e-01
7.063265648598757718e-01
7.064451158106747064e-01
7.068010075566750761e-01
7.069197178367484513e-01
7.070384679993281241e-01
7.072760880524281424e-01
7.073949579831932954e-01
7.073457723987224277e-01
7.074646940147948371e-01
7.074155036152681708e-01
7.075344769593003846e-01
7.074852817493691992e-01
7.076043068640646139e-01
7.077233720343261147e-01
7.078424772803769693e-01
7.077933007911125785e-01
7.076948981309985065e-01
7.076456719434153220e-01
7.077648644096344865e-01
7.078840970350404049e-01
7.080033698399326170e-01
7.082420360694421380e-01
7.081928523263655295e-01
7.083122576294048622e-01
7.082630691399662837e-01
7.083825265643447500e-01
7.083333333333333703e-01
7.084528429222203272e-01
7.084036449544380831e-01
7.085232067510548459e-01
7.086428089128966601e-01
7.087624514604086157e-01
7.087132725430598246e-01
7.088329674041546902e-01
7.089527027027027195e-01
7.089035310018584335e-01
7.088543426833389116e-01
7.090939824205544362e-01
7.092138630600168803e-01
7.093337842407845262e-01
7.092846270928462316e-01
7.094046008119080371e-01
7.095246151243443933e-01
7.094754653130287414e-01
7.095955322389575493e-01
7.097156398104265129e-01
7.098357880480785642e-01
7.099559769725702907e-01
7.101964769647696185e-01
7.103167880738607831e-01
7.102677058624194961e-01
7.103880698186747500e-01
7.105084745762711984e-01
7.104593998982878800e-01
7.105798575788402349e-01
7.108208955223880299e-01
7.109414758269719803e-01
7.111827592058374004e-01
7.114242064165676727e-01
7.121495327102803641e-01
7.121006118286880016e-01
7.122216556178820879e-01
7.123427405644339183e-01
7.128274923443348454e-01
7.127786285519822629e-01
7.128999319264806012e-01
7.131426625808647835e-01
7.139935230952786371e-01
7.141152403682237138e-01
7.142369991474850632e-01
7.143587994542973663e-01
7.144806413099096254e-01
7.146025247355851651e-01
7.147244497526019646e-01
7.148464163822525475e-01
7.149684246458439807e-01
7.149197678388528043e-01
7.150418302885436228e-01
7.149931693989071135e-01
7.151152860802733047e-01
7.152374444824052269e-01
7.151887920724414593e-01
7.151401230348598537e-01
7.152623483165271301e-01
7.162416566832107145e-01
7.163642588154741642e-01
7.164869029275808821e-01
7.166095890410958402e-01
7.167323171775988877e-01
7.166837958204864689e-01
7.166352578379304727e-01
7.165867032213845134e-01
7.167095115681233475e-01
7.168323620157696086e-01
7.169552545859763093e-01
7.170781893004115615e-01
7.180631868131868156e-01
7.181865018031942105e-01
7.183098591549296197e-01
7.184332588902250238e-01
7.188037126160192747e-01
7.187553721849750943e-01
7.187070151306740318e-01
7.190779287803199527e-01
7.192016517549896237e-01
7.193254173119945083e-01
7.194492254733219072e-01
7.195730762609743314e-01
7.195247933884297842e-01
7.196486998450146721e-01
7.197726489838098818e-01
7.198966408268734352e-01
7.200206753962784534e-01
7.199724280544546051e-01
7.200965184419165777e-01
7.202206516117910517e-01
7.203448275862068817e-01
7.204690463873081319e-01
7.205933080372541877e-01
7.207176125582197557e-01
7.209663503019844155e-01
7.209181912323092689e-01
7.210426376661488446e-01
7.211671270718231774e-01
7.212916594715939045e-01
7.215408533425462512e-01
7.216655148583275281e-01
7.216174183514774132e-01
7.215693052194953605e-01
7.216940363007778858e-01
7.218188105117565589e-01
7.219436278748054825e-01
7.220684884123140801e-01
7.224433292957258557e-01
7.225683627552786925e-01
7.226934395014713575e-01
7.226454293628808978e-01
7.227705627705627300e-01
7.227225493591964423e-01
7.226745193140481360e-01
7.229249696759660893e-01
7.230502599653380047e-01
7.231755936904142867e-01
7.233009708737864196e-01
7.234263915380614307e-01
7.235518557058620015e-01
7.239285094568801426e-01
7.241798298906440001e-01
7.243055555555555358e-01
7.244313248827921603e-01
7.245571378951024544e-01
7.246829946152509860e-01
7.246351633078527144e-01
7.245873153779321951e-01
7.247132429614181470e-01
7.248392143229619444e-01
7.247913769123782712e-01
7.250434782608695672e-01
7.252957550452331370e-01
7.254219592831042673e-01
7.255482074486598876e-01
7.258008356545960771e-01
7.259272157409020210e-01
7.258794845001741436e-01
7.260059223131858364e-01
7.261324041811846319e-01
7.260846837428123202e-01
7.262112234227954266e-01
7.261635000871535794e-01
7.262900976290097566e-01
7.262423714036617683e-01
7.264957264957264682e-01
7.267492584191240779e-01
7.267015706806282394e-01
7.268284168266713197e-01
7.267807262569832005e-01
7.269076305220883993e-01
7.270345791128187685e-01
7.272886093640810179e-01
7.274156910711165880e-01
7.275428171967843749e-01
7.276699877643768577e-01
7.276223776223775808e-01
7.275747508305647759e-01
7.277019937040923869e-01
7.278292810914815947e-01
7.279566130160951554e-01
7.280839895013123675e-01
7.282114105705285168e-01
7.283388762471556532e-01
7.284663865546218142e-01
7.285939415163719124e-01
7.287215411558668476e-01
7.288491854965843952e-01
7.289768745620182067e-01
7.291046083756790308e-01
7.292323869610936038e-01
7.293602103418054261e-01
7.296159915833771992e-01
7.295685724307260367e-01
7.295211366426942456e-01
7.296491228070175472e-01
7.297771538866467678e-01
7.297297297297297147e-01
7.306273062730627155e-01
7.307557117750439479e-01
7.308841624187027985e-01
7.310126582278481111e-01
7.309653595920519997e-01
7.313511611541168023e-01
7.314798521907442952e-01
7.316085885251671916e-01
7.317373701813061349e-01
7.318661971830986435e-01
7.319950695544990005e-01
7.321239873194786973e-01
7.322529505020257679e-01
7.323819591261451212e-01
7.323348017621145178e-01
7.324638702855128525e-01
7.325929843116516516e-01
7.328513489684359561e-01
7.331098959252072556e-01
7.330628087508821444e-01
7.331921651667548945e-01
7.334510150044130095e-01
7.335805084745762317e-01
7.337100476779092606e-01
7.338396326386436019e-01
7.337926161455573526e-01
7.339222614840988923e-01
7.340519526418095575e-01
7.343114725119320729e-01
7.344413012729844592e-01
7.345711759504862659e-01
7.347010965688008932e-01
7.348310631523085057e-01
7.349610757254069204e-01
7.350911343125110520e-01
7.352212389380531343e-01
7.353513896264826100e-01
7.354815864022662408e-01
7.356118292898884414e-01
7.357421183138505016e-01
7.358724534986713639e-01
7.360028348688872901e-01
7.359092520382842784e-01
7.360397092714058287e-01
7.361702127659573991e-01
7.365620010643959548e-01
7.366926898509581489e-01
7.366459627329192683e-01
7.365992190273340512e-01
7.367299840227232721e-01
7.368607954545454142e-01
7.369916533475403542e-01
7.372535086160951767e-01
7.373845060412224095e-01
7.375155500266571407e-01
7.376466405972271767e-01
7.377777777777777546e-01
7.379089615931720969e-01
7.380401920682909678e-01
7.381714692280327839e-01
7.383027930973136144e-01
7.397504456327985700e-01
7.398823319664824538e-01
7.400142653352353994e-01
7.401462457642232762e-01
7.402782732786300501e-01
7.402319357716324877e-01
7.403640256959315158e-01
7.407605784681307037e-01
7.408928571428571308e-01
7.408465797463832381e-01
7.409789210432297102e-01
7.411113096301590319e-01
7.412437455325232571e-01
7.413762287756925362e-01
7.415087593850554493e-01
7.414625424637940609e-01
7.415951359084406169e-01
7.417277767841172764e-01
7.418604651162791219e-01
7.421259842519685179e-01
7.422588151064972717e-01
7.423916935195130629e-01
7.425246195165622343e-01
7.424785100286532824e-01
7.426114991939817278e-01
7.428776204981185627e-01
7.430107526881720714e-01
7.431439326044093630e-01
7.434104357181280376e-01
7.435437589670014225e-01
7.436771300448430377e-01
7.438105489773950696e-01
7.444783623630812919e-01
7.446120689655172376e-01
7.447458236033770440e-01
7.450134770889488278e-01
7.451473759884974513e-01
7.454153182308521641e-01
7.460860176354148221e-01
7.459945994599459507e-01
7.461289160965070000e-01
7.462632811093102836e-01
7.463976945244956696e-01
7.463520086470906145e-01
7.468902109248242160e-01
7.470248827984132811e-01
7.471596032461677028e-01
7.472943722943723444e-01
7.474291899693307206e-01
7.475640562973655534e-01
7.476989713048186603e-01
7.478339350180505107e-01
7.479689474634410029e-01
7.485094850948509348e-01
7.486447415973979114e-01
7.487800469907825995e-01
7.487346348517714967e-01
7.486892062918097945e-01
7.488245931283905588e-01
7.489600289383251397e-01
7.492310475845848083e-01
7.497736737280463748e-01
7.499094530967040928e-01
7.500452816518746735e-01
7.501811594202898448e-01
7.501358941837289462e-01
7.502718376223269647e-01
7.502265724125430912e-01
7.503625815808556698e-01
7.504986400725294216e-01
7.507709051333212313e-01
7.510433678098348276e-01
7.511796733212341426e-01
7.511345071700853415e-01
7.510893246187363426e-01
7.512257127292536474e-01
7.513621503814020830e-01
7.513169845594913632e-01
7.514534883720930258e-01
7.515900417953843560e-01
7.513641324117861231e-01
7.515008186283427261e-01
7.516375545851528006e-01
7.515923566878981443e-01
7.515471423370949644e-01
7.516839614054250385e-01
7.518208302986161273e-01
7.519577490438900114e-01
7.520947176684881219e-01
7.525059230909422192e-01
7.526430915056507853e-01
7.527803099361896066e-01
7.529175784099197966e-01
7.547066349844635536e-01
7.548446069469835207e-01
7.547997805814591343e-01
7.547549378200438808e-01
7.548929943296140976e-01
7.550311013538236748e-01
7.551692589204025419e-01
7.553074670571010563e-01
7.554457257916895596e-01
7.555840351519590437e-01
7.557223951657205951e-01
7.558608058608058400e-01
7.559992672650668322e-01
7.562763423126259710e-01
7.562316715542521939e-01
7.563703024747937542e-01
7.565089842317564983e-01
7.566477168531083874e-01
7.567865003668378110e-01
7.569253348009539195e-01
7.568807339449541427e-01
7.568361167186640204e-01
7.569750367107195288e-01
7.569304204149073234e-01
7.568857877341167439e-01
7.570247933884297620e-01
7.571638501102130325e-01
7.573029579276134848e-01
7.572583608967291546e-01
7.573975372174233112e-01
7.575367647058823817e-01
7.574921860636146809e-01
7.576314821625597107e-01
7.579102281089036275e-01
7.578656853725851406e-01
7.580051527419948698e-01
7.581446714522362962e-01
7.582842415316641826e-01
7.584238630086540534e-01
7.585635359116021936e-01
7.585190642843986364e-01
7.586588061901252678e-01
7.590783410138248755e-01
7.592182890855456723e-01
7.593582887700535133e-01
7.596384430916804931e-01
7.597785977859778939e-01
7.599188042074183080e-01
7.600590623846438243e-01
7.601993723463171815e-01
7.603397341211225458e-01
7.604801477377655106e-01
7.606206132249723195e-01
7.607611306114908656e-01
7.607169253510717155e-01
7.608575124745887708e-01
7.609981515711644606e-01
7.611388426696247267e-01
7.612795857988166048e-01
7.614203809876086693e-01
7.615612282648908105e-01
7.615171137835338167e-01
7.614729829755736423e-01
7.614288358319452055e-01
7.615697889670491882e-01
7.617107942973523338e-01
7.618518518518518912e-01
7.619929616595665367e-01
7.624166048925129502e-01
7.623725671918443192e-01
7.625139043381534698e-01
7.626552938994993758e-01
7.630797773654915961e-01
7.632213768788272956e-01
7.633630289532293833e-01
7.635047336179692223e-01
7.636464909023393810e-01
7.637883008356546322e-01
7.639301634472510649e-01
7.640720787664870839e-01
7.642140468227425210e-01
7.643560676454190794e-01
7.643122676579925390e-01
7.642684513850157568e-01
7.645527245676027039e-01
7.645089285714286031e-01
7.646511627906976694e-01
7.647934499441756406e-01
7.649357900614182082e-01
7.648920327624720850e-01
7.651769087523278001e-01
7.651331719128329212e-01
7.652757078986587302e-01
7.654182970001863762e-01
7.655609392471114383e-01
7.655172413793103203e-01
7.656599552572707079e-01
7.658027223568898423e-01
7.659455427079447931e-01
7.659018839768699793e-01
7.660447761194030258e-01
7.661877215898488247e-01
7.663307204180664911e-01
7.664737726339369006e-01
7.666168782673636883e-01
7.665296974224878879e-01
7.666728937044647862e-01
7.666292974588938547e-01
7.665856849187068223e-01
7.667289719626168010e-01
7.668723125817910047e-01
7.670157068062827266e-01
7.671591546661679084e-01
7.673026561915450294e-01
7.674462114125351064e-01
7.674026946107784797e-01
7.673591615197454807e-01
7.675028079371022383e-01
7.676465081445422722e-01
7.677902621722846321e-01
7.679340700505712380e-01
7.680779318096665476e-01
7.682218474798575558e-01
7.683658170914542396e-01
7.685098406747891131e-01
7.686539182602174503e-01
7.687980498781173955e-01
7.689422355588897418e-01
7.690864753329581527e-01
7.692307692307692735e-01
7.693751172827922868e-01
7.695195195195194682e-01
7.694762530504974940e-01
7.694329703342095428e-01
7.693896713615023808e-01
7.695341848234410476e-01
7.694908885966560419e-01
7.697801165194512185e-01
7.699248120300752340e-01
7.698815566835871538e-01
7.700263256863482120e-01
7.701711491442543300e-01
7.701279157261098351e-01
7.700846660395108678e-01
7.703745529832486394e-01
7.705195783132530174e-01
7.706646582564489201e-01
7.706214689265536988e-01
7.707666227161423800e-01
7.709118311981913996e-01
7.710570944036179153e-01
7.712024123633621775e-01
7.711592836946277174e-01
7.713046757164404577e-01
7.714501225721289712e-01
7.715956242927197728e-01
7.715525372571212515e-01
7.716981132075472205e-01
7.719894299735748922e-01
7.719463847460826811e-01
7.719033232628398356e-01
7.718602455146365005e-01
7.718171514922553822e-01
7.719629699603249851e-01
7.721088435374149350e-01
7.720657720657720935e-01
7.722117202268431457e-01
7.721686519190773534e-01
7.723146747352496178e-01
7.724607527898619264e-01
7.726068861142640909e-01
7.728993186979561392e-01
7.730456180200643290e-01
7.731919727375994311e-01
7.733383828820299399e-01
7.734848484848484418e-01
7.736313695775715038e-01
7.737779461917393409e-01
7.737350767481523395e-01
7.736921910538286928e-01
7.736492890995260163e-01
7.737959802806219090e-01
7.737530817371515157e-01
7.737101669195750597e-01
7.736672358186302834e-01
7.738140417457305409e-01
7.739609033972291163e-01
7.741078208048595144e-01
7.742547940003797757e-01
7.745489078822411777e-01
7.745060790273555762e-01
7.746532395971879037e-01
7.748004561003420942e-01
7.747576506367610527e-01
7.749049429657794974e-01
7.751996957017877055e-01
7.751569336123264042e-01
7.751141552511415789e-01
7.752616555661274722e-01
7.751760898534171274e-01
7.753236862147753206e-01
7.754713387926108759e-01
7.756190476190476524e-01
7.757668127262336011e-01
7.757240853658536883e-01
7.761677788369876207e-01
7.761250953470633096e-01
7.762731260728590321e-01
7.762304463945058908e-01
7.763785537111238533e-01
7.765267175572518887e-01
7.766749379652605478e-01
7.768232149675449172e-01
7.769715485965247304e-01
7.771199388846448119e-01
7.772683858643744115e-01
7.772258311043178658e-01
7.771832600802598412e-01
7.773318042813455175e-01
7.774804052762378515e-01
7.776290630975143392e-01
7.777777777777777901e-01
7.779265493496556605e-01
7.780753778458006087e-01
7.786712617269768710e-01
7.785016286644951267e-01
7.784591797623610088e-01
7.784167145869274052e-01
7.783742331288343586e-01
7.785234899328858926e-01
7.788221753309034767e-01
7.789716039907904621e-01
7.791210900019189811e-01
7.790786948176583460e-01
7.792282587828758267e-01
7.791858678955453366e-01
7.791434607259458689e-01
7.792931233192470497e-01
7.794428434197886446e-01
7.797424562752258703e-01
7.798923490965012917e-01
7.800422995577773744e-01
7.800000000000000266e-01
7.801500288517022597e-01
7.803001154290111208e-01
7.802578410621512361e-01
7.802155504234026262e-01
7.801732435033685853e-01
7.801309202926454134e-01
7.800885807818216389e-01
7.800462249614792398e-01
7.800038528221922007e-01
7.801541425818881992e-01
7.803044902678742956e-01
7.804548959136469177e-01
7.806053595527280287e-01
7.807558812186656816e-01
7.809064609450337979e-01
7.810570987654320563e-01
7.810148562608527634e-01
7.811655731377846745e-01
7.811233352634626703e-01
7.810810810810810967e-01
7.809965237543453620e-01
7.809542205910758872e-01
7.809119010819165485e-01
7.808695652173912594e-01
7.810204870506377572e-01
7.809358081979891342e-01
7.808934442080835980e-01
7.808510638297871953e-01
7.808086670535887563e-01
7.807662538699690069e-01
7.810685249709640177e-01
7.810261374636979781e-01
7.811773818745159081e-01
7.813286848731357814e-01
7.814800464936071389e-01
7.816314667700058338e-01
7.815891472868217171e-01
7.815468113975576614e-01
7.816983326870879933e-01
7.815712900096992710e-01
7.817229336437718779e-01
7.818746361342907569e-01
7.821782178217822068e-01
7.823300970873786619e-01
7.829382044306257837e-01
7.835472578763127416e-01
7.835051546391752497e-01
7.834630350194552451e-01
7.836154893948239497e-01
7.835733748540287813e-01
7.837259100642398613e-01
7.836838006230529841e-01
7.838364167478091282e-01
7.842946219797349849e-01
7.844474761255115780e-01
7.844054580896686613e-01
7.845583934490154565e-01
7.847113884555382279e-01
7.846693973083674889e-01
7.848224736636754129e-01
7.851288056206089383e-01
7.852820612922115640e-01
7.852401405700898396e-01
7.853934778363600433e-01
7.857003320961125636e-01
7.858538491598280329e-01
7.860074262263044842e-01
7.861610633307271057e-01
7.861192570869990348e-01
7.862729761439186671e-01
7.864267553295520852e-01
7.865805946791861736e-01
7.865388378008217884e-01
7.866927592954989779e-01
7.868467410452143485e-01
7.870007830853562591e-01
7.869590757783434531e-01
7.871132001566784053e-01
7.872673849167483029e-01
7.874216300940438673e-01
7.875759357240839087e-01
7.875343002744021881e-01
7.876886884924524379e-01
7.878431372549019596e-01
7.879976465973720368e-01
7.879560612004707920e-01
7.881106533254855773e-01
7.882653061224489388e-01
7.885747938751472841e-01
7.887296289024150475e-01
7.886881382560879672e-01
7.888430563739933232e-01
7.888015717092338175e-01
7.887600707408135570e-01
7.887185534591194536e-01
7.886770198545312027e-01
7.888320880849390981e-01
7.889872173058013471e-01
7.889457120377655341e-01
7.891009246507967312e-01
7.890594254230617333e-01
7.892147215115135062e-01
7.891732283464566455e-01
7.891317188422918294e-01
7.892871209137455324e-01
7.894425842032696261e-01
7.894011032308904108e-01
7.893596059113300312e-01
7.892765621919968222e-01
7.892350157728706961e-01
7.893906527312166688e-01
7.895463510848126365e-01
7.897021108699940894e-01
7.896606156274664778e-01
7.898164594434576857e-01
7.897749703908408803e-01
7.897334649555775021e-01
7.896919431279620927e-01
7.900039510075068661e-01
7.899624580122505124e-01
7.901185770750988047e-01
7.900355871886121095e-01
7.903481012658227778e-01
7.905044510385756951e-01
7.906608626830233799e-01
7.908173362358994485e-01
7.909738717339667158e-01
7.904346100416749232e-01
7.905915045653036932e-01
7.910625620655412638e-01
7.910210568136670783e-01
7.911782237234253889e-01
7.913354531001589587e-01
7.914927449811171023e-01
7.914512922465208877e-01
7.914098230264465794e-01
7.913683373110580455e-01
7.916832471150020423e-01
7.916417910447761663e-01
7.922724556861182599e-01
7.922310756972111845e-01
7.923889220960350643e-01
7.930209371884346936e-01
7.929796569605105372e-01
7.929383602633154338e-01
7.930965682362330904e-01
7.934131736526945922e-01
7.937300319488818090e-01
7.942057942057941800e-01
7.951590318063612717e-01
7.951180472188875692e-01
7.950770462277366724e-01
7.950360288230584604e-01
7.951951951951952147e-01
7.955137192068896246e-01
7.956730769230768718e-01
7.958324984972950933e-01
7.959919839679359121e-01
7.959510924032872081e-01
7.961106655974338198e-01
7.960697814317224674e-01
7.965489566613161987e-01
7.967088099538430779e-01
7.968687274187074010e-01
7.970287090945593622e-01
7.971887550200803529e-01
7.973488652339827398e-01
7.970635559131133974e-01
7.972238986119493109e-01
7.973843058350100765e-01
7.975447776212517548e-01
7.975040257648953190e-01
7.976645862693778621e-01
7.978252114377768489e-01
7.979859013091641362e-01
7.979044932500504173e-01
7.978637646110439130e-01
7.978230195525095603e-01
7.979838709677419262e-01
7.981447872554950917e-01
7.983057684550222133e-01
7.984668146056081994e-01
7.984261501210653256e-01
7.985872855701311446e-01
7.985466289866773870e-01
7.985059559862709433e-01
7.984652665589661025e-01
7.986265400929105640e-01
7.985858585858586212e-01
7.985451606385128853e-01
7.987065481002425527e-01
7.988680008085708995e-01
7.990295188030731577e-01
7.991911021233569778e-01
7.991504854368931543e-01
7.993121586081327612e-01
7.993927125506072873e-01
7.992708122341503074e-01
7.994327390599675898e-01
7.993920972644377176e-01
7.995541143088771285e-01
7.994321638612857939e-01
7.993914807302231473e-01
7.993507810914992628e-01
7.995129870129870087e-01
7.994722955145118215e-01
7.994315874949249334e-01
8.000812677773262438e-01
8.002438528754318714e-01
8.003659280341532956e-01
8.006914785438274951e-01
8.008543531326282050e-01
8.008138351983723480e-01
8.005297473512632545e-01
8.013461146236997568e-01
8.015095879232966292e-01
8.014690879412365021e-01
8.014285714285713791e-01
8.013880383751785796e-01
8.015516537362188387e-01
8.015111292628139816e-01
8.016748366013072280e-01
8.018386108273748425e-01
8.020024519820188047e-01
8.021663601062742899e-01
8.021259198691741421e-01
8.020854630954814546e-01
8.022494887525561946e-01
8.024135815095111424e-01
8.023731587561374612e-01
8.025373439738080483e-01
8.024969300040932785e-01
8.028255528255527906e-01
8.029899651853368292e-01
8.029496108152396339e-01
8.029092399098545219e-01
8.028688524590164022e-01
8.030334084853453236e-01
8.029930299302993069e-01
8.029526348164855998e-01
8.029122231337161297e-01
8.028717948717948305e-01
8.028313500205169762e-01
8.027908885696696251e-01
8.027504105090311759e-01
8.027099158283720337e-01
8.026694045174538328e-01
8.028342575477510623e-01
8.027937551355792678e-01
8.029587014588042138e-01
8.031237155774764158e-01
8.030832476875642278e-01
8.032483552631578538e-01
8.035787741670095130e-01
8.037440855790989325e-01
8.039094650205761416e-01
8.038691088701378495e-01
8.040345821325648457e-01
8.039942351245624730e-01
8.039538714991762980e-01
8.039134912461379789e-01
8.038730943551709585e-01
8.040387389243767169e-01
8.039983511953833206e-01
8.039579468150896968e-01
8.039175257731958624e-01
8.038770880593937296e-01
8.040429042904290169e-01
8.040024757582009407e-01
8.041683862979777109e-01
8.043343653250774050e-01
8.045004128819157607e-01
8.046665290109435986e-01
8.048327137546468224e-01
8.049989671555464188e-01
8.049586776859504189e-01
8.051250258317834696e-01
8.052914427449359147e-01
8.054579284680587481e-01
8.056244830438379356e-01
8.055842812823164056e-01
8.057509309060819636e-01
8.059176494930684331e-01
8.060844370860926755e-01
8.062512937280066350e-01
8.062111801242235476e-01
8.063781321184509965e-01
8.063380281690141205e-01
8.065050756163247847e-01
8.070066334991707890e-01
8.071739581173543732e-01
8.073413521360431888e-01
8.075088155984235794e-01
8.074688796680498104e-01
8.074289271633119380e-01
8.075965130759651389e-01
8.075565704795515387e-01
8.075166112956810860e-01
8.076843198338525820e-01
8.078520980473619106e-01
8.080199459796384431e-01
8.079800498753116900e-01
8.081479941800041589e-01
8.083160083160083609e-01
8.084840923268871160e-01
8.086522462562395486e-01
8.088204701477013092e-01
8.087408949011446468e-01
8.087010824313072277e-01
8.088694565896314970e-01
8.088296543107038605e-01
8.087898354509477361e-01
8.087499999999999689e-01
8.087101479474890775e-01
8.086702792830345876e-01
8.088388576193453749e-01
8.090075062552126717e-01
8.089676746611053071e-01
8.091364205256570408e-01
8.093052368036720567e-01
8.092654424040066630e-01
8.092256313921937227e-01
8.093945720250521614e-01
8.095635832115264385e-01
8.097326649958228595e-01
8.096929183204512048e-01
8.098620977852069025e-01
8.100313479623824087e-01
8.103700606314029331e-01
8.105395232120451432e-01
8.104998954193682881e-01
8.104602510460251485e-01
8.103809125156969939e-01
8.103412183378689848e-01
8.103015075376884813e-01
8.102617801047120594e-01
8.104315039798910547e-01
8.106012989733919483e-01
8.107711651299245315e-01
8.107315028295954962e-01
8.109014675052410581e-01
8.108618158943174947e-01
8.110318791946308226e-01
8.113722198908938088e-01
8.113326337880377714e-01
8.112930310663307720e-01
8.114633634264118989e-01
8.116337673246535322e-01
8.115942028985507761e-01
8.115546218487394992e-01
8.117251523429291904e-01
8.116855821773854007e-01
8.118562118982551867e-01
8.120269133725820376e-01
8.119873817034700680e-01
8.121581825830879175e-01
8.123290553334735487e-01
8.125000000000000000e-01
8.128421052631579213e-01
8.128026953042746250e-01
8.129738837405223739e-01
8.129344849378554727e-01
8.128950695322376685e-01
8.130663856691253688e-01
8.130269814502529835e-01
8.129875606156441448e-01
8.129086690571609708e-01
8.130801687763713481e-01
8.132517408736020803e-01
8.134233853946812864e-01
8.135951023854760544e-01
8.135557432432432012e-01
8.137275607180570747e-01
8.138994507815801027e-01
8.140714134798224810e-01
8.140321217244294028e-01
8.139928133586979975e-01
8.139534883720930258e-01
8.141256079509410215e-01
8.142978003384094832e-01
8.144700655807065592e-01
8.144308082945408422e-01
8.143915343915344440e-01
8.143522438611345837e-01
8.145246665255134744e-01
8.144853875476493199e-01
8.146579114594365567e-01
8.146186440677966045e-01
8.147912693367238557e-01
8.149639677829588758e-01
8.151367394530422139e-01
8.153095843935538323e-01
8.152704135737010027e-01
8.152312261349172751e-01
8.151920220666242223e-01
8.151528013582343135e-01
8.151135639991509141e-01
8.150743099787686186e-01
8.152473985984285410e-01
8.154205607476635587e-01
8.153813469301041117e-01
8.155546111347216076e-01
8.155154091392136095e-01
8.154369551350202361e-01
8.153977031050616553e-01
8.153584343756647979e-01
8.153191489361701905e-01
8.152798467759098111e-01
8.152405278842060898e-01
8.151618398637138219e-01
8.150436820796931325e-01
8.150042625745950176e-01
8.149648262630568851e-01
8.149253731343283347e-01
8.150991682661548055e-01
8.150597269624573205e-01
8.150202688286750652e-01
8.149807938540333252e-01
8.151547491995730921e-01
8.153287788215201060e-01
8.152893444373264797e-01
8.154634771465185672e-01
8.154240546891690089e-01
8.153846153846153744e-01
8.153451592220559707e-01
8.153056861906797792e-01
8.152661962796664552e-01
8.152266894781864393e-01
8.151871657754010680e-01
8.151476251604621304e-01
8.158458244111349567e-01
8.158063825230241761e-01
8.159811482433589891e-01
8.159417184486822405e-01
8.159022717531075886e-01
8.158628081457663939e-01
8.158233276157804692e-01
8.157443157443157178e-01
8.157047843810341092e-01
8.156652360515020961e-01
8.158403090792015755e-01
8.160154572778016702e-01
8.161906806957268667e-01
8.161512027491408805e-01
8.161117078410311532e-01
8.162870648904168025e-01
8.164624973135611308e-01
8.164230438521066224e-01
8.165985809503332193e-01
8.165591397849462085e-01
8.165196816519681988e-01
8.164802065404475062e-01
8.164407144394232319e-01
8.166164442531209655e-01
8.165769644779332648e-01
8.165374677002583681e-01
8.167133318974800771e-01
8.166738474795346425e-01
8.166343460461107373e-01
8.165948275862069394e-01
8.165552920888122790e-01
8.167313497197067340e-01
8.169074832866076719e-01
8.168679896462467394e-01
8.168284789644012500e-01
8.167889512300388066e-01
8.167494064321174640e-01
8.169257340241796728e-01
8.168862016843014828e-01
8.170626349892008422e-01
8.174157303370787053e-01
8.175923924789280095e-01
8.179459459459459403e-01
8.181228373702421619e-01
8.182998053212200418e-01
8.184768498485504029e-01
8.184375676260550181e-01
8.183982683982683470e-01
8.185754492314353259e-01
8.187527067994803120e-01
8.192849404117009682e-01
8.192457737321195976e-01
8.194233687405159117e-01
8.196010407632263739e-01
8.197787898503577919e-01
8.212035628937649490e-01
8.213820078226857779e-01
8.213043478260869668e-01
8.214829310719721223e-01
8.214441061331013705e-01
8.216227974766151521e-01
8.218015665796344349e-01
8.219804134929270534e-01
8.237731733914940291e-01
8.237347294938918152e-01
8.239144665066550077e-01
8.240942819729375479e-01
8.240558829949792274e-01
8.242358078602619598e-01
8.241974230181262628e-01
8.241590214067278097e-01
8.243390867380380183e-01
8.243006993006992689e-01
8.244808743169398380e-01
8.246611281154350159e-01
8.246227859173409502e-01
8.245844269466316989e-01
8.247648217020345784e-01
8.247264770240699816e-01
8.249069818340993843e-01
8.250875656742556741e-01
8.254489706526499937e-01
8.256297918948520831e-01
8.258106923751095119e-01
8.259916721455182742e-01
8.261727312582201055e-01
8.263538697654023713e-01
8.263157894736842257e-01
8.262776924764202446e-01
8.262395787626152233e-01
8.262014483212639648e-01
8.265642151481887856e-01
8.269273006808697257e-01
8.271089630931458547e-01
8.270709734124368495e-01
8.272527472527472225e-01
8.274346010112112459e-01
8.276165347405453065e-01
8.277985484935121985e-01
8.277606687197536228e-01
8.279427942794279627e-01
8.279049295774647543e-01
8.280871670702178999e-01
8.280493174812857404e-01
8.282316670336929976e-01
8.284140969162995249e-01
8.287791978845305829e-01
8.287414591139519171e-01
8.289241622574955448e-01
8.288864388092612723e-01
8.288486987207763779e-01
8.290315464372380871e-01
8.292144748455427816e-01
8.291767821672919592e-01
8.291390728476820682e-01
8.293221461691322460e-01
8.295053003533569003e-01
8.294676386127678436e-01
8.296509058771541767e-01
8.296132596685082961e-01
8.295379173115189353e-01
8.295002211410880122e-01
8.294625082946250894e-01
8.296460176991150570e-01
8.298296083204248497e-01
8.297919433377600740e-01
8.297542616781049540e-01
8.297165633303809074e-01
8.296788482834994705e-01
8.298626495347807275e-01
8.300465322401949786e-01
8.300088652482269236e-01
8.301928618931501136e-01
8.301552106430155620e-01
8.303393213572853870e-01
8.305235137533274470e-01
8.304859108054137851e-01
8.306702174877940159e-01
8.306326304106548264e-01
8.305950266429840134e-01
8.309640159928920466e-01
8.311486336369695582e-01
8.313333333333333686e-01
8.312958435207824515e-01
8.312583370386839032e-01
8.312208138759172860e-01
8.311832740213522808e-01
8.311457174638486878e-01
8.311081441922563151e-01
8.310705541954150899e-01
8.312555654496883717e-01
8.314406590959697585e-01
8.314031180400890397e-01
8.313655602584094639e-01
8.315508021390374260e-01
8.315132605304211832e-01
8.316986179224252762e-01
8.316610925306577862e-01
8.318465655664585290e-01
8.318090564354226890e-01
8.319946452476573162e-01
8.321803168935505424e-01
8.321053806653271323e-01
8.320303774849229228e-01
8.319928507596068279e-01
8.321787709497207031e-01
8.321412606168976378e-01
8.321037335121842515e-01
8.320661896243292110e-01
8.320286289420710801e-01
8.319910514541386526e-01
8.321772208547772998e-01
8.323634735899730908e-01
8.329227323628219937e-01
8.328853046594981713e-01
8.328478601837329132e-01
8.328103989242492400e-01
8.327729208697601804e-01
8.327354260089686599e-01
8.326979143305673903e-01
8.330715728068207593e-01
8.330341113105924622e-01
8.329966329966329575e-01
8.329591378536147506e-01
8.329216258701999109e-01
8.328840970350404049e-01
8.334457181389076652e-01
8.338205531819203875e-01
8.340080971659918907e-01
8.339707536557929846e-01
8.339333933393339171e-01
8.341210893540400573e-01
8.343088698784331125e-01
8.344967349696014169e-01
8.344594594594594295e-01
8.346474431178193543e-01
8.345729096236195188e-01
8.347610459873759936e-01
8.347237880496054530e-01
8.351003834874802800e-01
8.350631768953068468e-01
8.352516361995034888e-01
8.352144469525959458e-01
8.354030255136599692e-01
8.355916892502258664e-01
8.357804382200135773e-01
8.359692724807953335e-01
8.359322033898305415e-01
8.361211573236889683e-01
8.360841058105358270e-01
8.362731795567616144e-01
8.362361456684007655e-01
8.361990950226244612e-01
8.361620276080561354e-01
8.363512901765505214e-01
8.363142404346841641e-01
8.362771739130434590e-01
8.362400906002265266e-01
8.364295423652016170e-01
8.366190799909358766e-01
8.365820489573889684e-01
8.367717070958966552e-01
8.369614512471654777e-01
8.369244726695396208e-01
8.367393278837420567e-01
8.367022484669544014e-01
8.366651522035438715e-01
8.366280390820267643e-01
8.365909090909090517e-01
8.367810866105933609e-01
8.367439745338790535e-01
8.369342733682055835e-01
8.371246587807097406e-01
8.370875995449373885e-01
8.370505234410560158e-01
8.370134304575460593e-01
8.369763205828779640e-01
8.369391938055112945e-01
8.369020501138951795e-01
8.370927318295738884e-01
8.370556061987237673e-01
8.370184636425803681e-01
8.372093023255814392e-01
8.374002280501710027e-01
8.375912408759124128e-01
8.375541866301620120e-01
8.377453217708809019e-01
8.377082857795024040e-01
8.376712328767123017e-01
8.376341630509248626e-01
8.375970762905435851e-01
8.375599725839616427e-01
8.375228519195612176e-01
8.377142857142857446e-01
8.379058070416095516e-01
8.382891125343092664e-01
8.384808968199496393e-01
8.386727688787185553e-01
8.386358434424353581e-01
8.388278388278388453e-01
8.392120934493816353e-01
8.394043528064146775e-01
8.395967002749771257e-01
8.397891359156544056e-01
8.397524071526822897e-01
8.397156615455171336e-01
8.396788990825687637e-01
8.396421197522367930e-01
8.396053235429096206e-01
8.395685104429653212e-01
8.397612488521579710e-01
8.397244546498278117e-01
8.399173174092787741e-01
8.401102687801516034e-01
8.400735294117647189e-01
8.402666053780739608e-01
8.401931478500804795e-01
8.403863845446182257e-01
8.403496664366230107e-01
8.403129314312011156e-01
8.402761795166858727e-01
8.404696132596685132e-01
8.404328804973520972e-01
8.405897258696153340e-01
8.407834101382488656e-01
8.409771836828762170e-01
8.409405255878285024e-01
8.409038505879640191e-01
8.410977859778597798e-01
8.412918108419839003e-01
8.412551915089986343e-01
8.418379127222350711e-01
8.422268422268421872e-01
8.424214417744916306e-01
8.426161312687774352e-01
8.425797503467405969e-01
8.425433526011560925e-01
8.427382053654024485e-01
8.429331482766597716e-01
8.431281813975011197e-01
8.437138226441306399e-01
8.439092172301991823e-01
8.438730599953671030e-01
8.440685820203892575e-01
8.440324449594438505e-01
8.439962911451089900e-01
8.443877551020407823e-01
8.443516585479007297e-01
8.445475638051044287e-01
8.445114875841261970e-01
8.447075208913649158e-01
8.449036452286974308e-01
8.448676265675800767e-01
8.448315911730546190e-01
8.447955390334572767e-01
8.449918661399024034e-01
8.451882845188284366e-01
8.455813953488372503e-01
8.455454756920214310e-01
8.455095393206142340e-01
8.457063067256225253e-01
8.459031657355680078e-01
8.461001164144353881e-01
8.460642757335817832e-01
8.460284183554623860e-01
8.462255358807082573e-01
8.464227452808202878e-01
8.468174399626953175e-01
8.467817164179104461e-01
8.467459762071378737e-01
8.467102193187120429e-01
8.469078179696616360e-01
8.473032920849871141e-01
8.472676319476879492e-01
8.482581248538695329e-01
8.484565014031805186e-01
8.486549707602338843e-01
8.486195601310247971e-01
8.485841329276854195e-01
8.487827715355805713e-01
8.489815031608523022e-01
8.489461358313817874e-01
8.489107519325368445e-01
8.491096532333646252e-01
8.490742910710100677e-01
8.490389123300515761e-01
8.490035169988277008e-01
8.489681050656660011e-01
8.489326765188833779e-01
8.488972313467855191e-01
8.488617695376672323e-01
8.490610328638498183e-01
8.490255928621742720e-01
8.492249882573978947e-01
8.491895701198026725e-01
8.491541353383458279e-01
8.491186839012926368e-01
8.493182886694875533e-01
8.492828591582411990e-01
8.494825964252116224e-01
8.494471888967302098e-01
8.494117647058823106e-01
8.493763238409037797e-01
8.497763126913114862e-01
8.501766784452297054e-01
8.503770028275211557e-01
8.503417393353759346e-01
8.507427493515680172e-01
8.511441377683416354e-01
8.515459051215482633e-01
8.515108593012276073e-01
8.514757969303423657e-01
8.514056224899598790e-01
8.513705103969754218e-01
8.513353817064523987e-01
8.513002364066193373e-01
8.512650744856939955e-01
8.512298959318826963e-01
8.511947007333806603e-01
8.513961192617132134e-01
8.513609467455621749e-01
8.513257575757575690e-01
8.512905517404688593e-01
8.512553292278540740e-01
8.512200900260601388e-01
8.514218009478673466e-01
8.516236074899264930e-01
8.522296015180265139e-01
8.521945432977461321e-01
8.523967726625534258e-01
8.525990980299074096e-01
8.528015194681861644e-01
8.527665637615767791e-01
8.531717747683534858e-01
8.533745247148288859e-01
8.533396719752792681e-01
8.533048026628625715e-01
8.535077288941735896e-01
8.537107516650809247e-01
8.539138710444920122e-01
8.538791051880056937e-01
8.538443227802904323e-01
8.538095238095237960e-01
8.537747082638723617e-01
8.537398761314911599e-01
8.537050274005242301e-01
8.539084842707340695e-01
8.538736591179976188e-01
8.538388173581306084e-01
8.538039589792510986e-01
8.536992840095465329e-01
8.536643590355693645e-01
8.536294173829990228e-01
8.535944590398854004e-01
8.535594839942666212e-01
8.535244922341697071e-01
8.534894837476099116e-01
8.536935213961271973e-01
8.536235350394641985e-01
8.535885167464114520e-01
8.535534816941852121e-01
8.535184298707515493e-01
8.537227675365094415e-01
8.539272030651341439e-01
8.538922155688623006e-01
8.543014617780972930e-01
8.542665388302972396e-01
8.542315991368976125e-01
8.544364508393285096e-01
8.544015351403214664e-01
8.543666026871401531e-01
8.542617046818727911e-01
8.542267050912584203e-01
8.541916886860436708e-01
8.541566554541085710e-01
8.541216053833212696e-01
8.540865384615384803e-01
8.540514546766049264e-01
8.542568542568542700e-01
8.541867179980751068e-01
8.541516245487364989e-01
8.540813869491933330e-01
8.540462427745664220e-01
8.542519874728981000e-01
8.542168674698795705e-01
8.544227524704748333e-01
8.543876567020251001e-01
8.543525440077164301e-01
8.545586107091172057e-01
8.545235223160434490e-01
8.544884169884170433e-01
8.546946657011826876e-01
8.546595847416706970e-01
8.548659744023182627e-01
8.550724637681159646e-01
8.550374486590963663e-01
8.550024166263895387e-01
8.549673676577229653e-01
8.549323017408123615e-01
8.551390568319225949e-01
8.551040154813739358e-01
8.550689571739656936e-01
8.550338818973862720e-01
8.549987896393125286e-01
8.549636803874092195e-01
8.551707435214337405e-01
8.551356589147286469e-01
8.551005573055487918e-01
8.553078041686863475e-01
8.555151515151515618e-01
8.557225994180407413e-01
8.556876061120542998e-01
8.556525958272682697e-01
8.556175685513225382e-01
8.555825242718446688e-01
8.555474629764505679e-01
8.557552209810587174e-01
8.557201846004371948e-01
8.559280855199222771e-01
8.558930741190765579e-01
8.558580456976179196e-01
8.557879377431906187e-01
8.557528581853564020e-01
8.556826478461913021e-01
8.556475170399221453e-01
8.560642961519727701e-01
8.560292326431181431e-01
8.559941520467836407e-01
8.559590543504752569e-01
8.557128906250000000e-01
8.556776556776556353e-01
8.556424035173424425e-01
8.558514537014414447e-01
8.558162267839687365e-01
8.560254216572965591e-01
8.559902200488997970e-01
8.559550012227928883e-01
8.561643835616438158e-01
8.565834557023984663e-01
8.565483476132190743e-01
8.565132223310479853e-01
8.564780798432525266e-01
8.566878980891720063e-01
8.566176470588234837e-01
8.565824957097327719e-01
8.565473271211377915e-01
8.567574196713269030e-01
8.567222767419038210e-01
8.569325153374233173e-01
8.573533022342253451e-01
8.573182711198428230e-01
8.575288626873004416e-01
8.574938574938575364e-01
8.577045957237650065e-01
8.578805015982297055e-01
8.583025830258302902e-01
8.582677165354331006e-01
8.591133004926108097e-01
8.593249568859324672e-01
8.592902907836372783e-01
8.592556075918166281e-01
8.592209072978304052e-01
8.591861898890258420e-01
8.591514553527380693e-01
8.593634344929681479e-01
8.592592592592592782e-01
8.592244998765127262e-01
8.594367588932806390e-01
8.596491228070175517e-01
8.596144340088976987e-01
8.598269468479604605e-01
8.597922848664688589e-01
8.600049468216670601e-01
8.602177140029688696e-01
8.604305864884929100e-01
8.603960396039603831e-01
8.603614756127754282e-01
8.605745418524022305e-01
8.605400049541739316e-01
8.607532210109019033e-01
8.607187112763321490e-01
8.606841844323251944e-01
8.606496404661542199e-01
8.606150793650794162e-01
8.608285785164971893e-01
8.610421836228288051e-01
8.612558947629684880e-01
8.614697120158887333e-01
8.614353116463868698e-01
8.614008941877794312e-01
8.613664596273291618e-01
8.613320079522862605e-01
8.615461098682575258e-01
8.615116857284932372e-01
8.627988047808764493e-01
8.627646326276463551e-01
8.627304434479322603e-01
8.629454273610764892e-01
8.629112662013957991e-01
8.631264023934180907e-01
8.633416458852868347e-01
8.633075579945123090e-01
8.635229540918163416e-01
8.637384576990266849e-01
8.637044433349975181e-01
8.636704119850187045e-01
8.638861138861139155e-01
8.641019235573319524e-01
8.643178410794603028e-01
8.647500000000000187e-01
8.647161790447611684e-01
8.646823411705852891e-01
8.648986740055041311e-01
8.651151151151150742e-01
8.653316645807258567e-01
8.657650889055847898e-01
8.656978200952142322e-01
8.659147869674185261e-01
8.658475426278836595e-01
8.658138951592676547e-01
8.660311088810838109e-01
8.659974905897114272e-01
8.659638554216867457e-01
8.659302033642982677e-01
8.658965344048217272e-01
8.658291457286432236e-01
8.660467454134204157e-01
8.660130718954248685e-01
8.659793814432990011e-01
8.659119496855346432e-01
8.658782083543029584e-01
8.658444500377548980e-01
8.660624370594158794e-01
8.662805338705615865e-01
8.669354838709677491e-01
8.671540206705319331e-01
8.673726676752395726e-01
8.673392181588902572e-01
8.677769366641433502e-01
8.677435638566380893e-01
8.677101741984347694e-01
8.676767676767677129e-01
8.676433442788582528e-01
8.676099039919150657e-01
8.675764468031337273e-01
8.677957532861476642e-01
8.682346990389478991e-01
8.682013660511004316e-01
8.681680161943320373e-01
8.681346494558339622e-01
8.683544303797468000e-01
8.685743226133197936e-01
8.685410334346505001e-01
8.685077273878895054e-01
8.684744044602128454e-01
8.684410646387832333e-01
8.684077079107505037e-01
8.690687642730271500e-01
8.695100279258695108e-01
8.694768918232604893e-01
8.701397712833545128e-01
8.701067615658363286e-01
8.703279938977879215e-01
8.702950152594099986e-01
8.705164080386670333e-01
8.711812627291242173e-01
8.720693170234454783e-01
8.722916135610502275e-01
8.722590515043344706e-01
8.724815098189236950e-01
8.727040816326530059e-01
8.726065866734745713e-01
8.725740551583248683e-01
8.725415070242656945e-01
8.732106339468302947e-01
8.731782152902071159e-01
8.731457800511508438e-01
8.731133282169353249e-01
8.730808597748208610e-01
8.730483747120553195e-01
8.732718894009217081e-01
8.732394366197182567e-01
8.732069672131147486e-01
8.731744811683320728e-01
8.731419784725781286e-01
8.730769230769230838e-01
8.730443703513721676e-01
8.730118009235505738e-01
8.729792147806004765e-01
8.732032854209446082e-01
8.731707317073170715e-01
8.733949666153055791e-01
8.736193167223220701e-01
8.735868448098663697e-01
8.738113595476740825e-01
8.737789203084832534e-01
8.737464643867317582e-01
8.739711934156378925e-01
8.739387702598404584e-01
8.739063304168811497e-01
8.741312741312741164e-01
8.740988671472708083e-01
8.740664434715426090e-01
8.740015459933007103e-01
8.738715501676553865e-01
8.738390092879256832e-01
8.738064516129032677e-01
8.737738771295818774e-01
8.739994836044410187e-01
8.742252066115702158e-01
8.744510462412813379e-01
8.746770025839792906e-01
8.746446110105970950e-01
8.746122026887280798e-01
8.745473357475427312e-01
8.747736093143596570e-01
8.752265078954181154e-01
8.751618751618751579e-01
8.751295336787564549e-01
8.750971754340503006e-01
8.753240020736132720e-01
8.752916774695359559e-01
8.755186721991701226e-01
8.757457846952010350e-01
8.759730150492994749e-01
8.762003633532312596e-01
8.761682242990653791e-01
8.761360685536224713e-01
8.761038961038960515e-01
8.760717069368667564e-01
8.760395010395010118e-01
8.760072783987522538e-01
8.764629388816644884e-01
8.764308012486993205e-01
8.768870380010411747e-01
8.768549856808123266e-01
8.768229166666666741e-01
8.770513154467308725e-01
8.772478498827208648e-01
8.774765380604796494e-01
8.801360900287882316e-01
8.803664921465969018e-01
8.810584228451663336e-01
8.812893081761006275e-01
8.812581913499344388e-01
8.812270582066071833e-01
8.814581694204038920e-01
8.816894018887723172e-01
8.816583573865127699e-01
8.816272965879264900e-01
8.818587555788921506e-01
8.818277310924369505e-01
8.817966903073286566e-01
8.817656332107198791e-01
8.819973718791064288e-01
8.819663512092533741e-01
8.819353142256113331e-01
8.819042609153077139e-01
8.818731912654564908e-01
8.818421052631578716e-01
8.818110028954988522e-01
8.817798841495524398e-01
8.820121148274954193e-01
8.822444678609062674e-01
8.822134387351778795e-01
8.821823932525039158e-01
8.821513313999472805e-01
8.820580474934036630e-01
8.834566596194503019e-01
8.841576302565459233e-01
8.841269841269840946e-01
8.840963217782482619e-01
8.843303335097935092e-01
8.845644691554143124e-01
8.845338983050847759e-01
8.847682119205297901e-01
8.847376788553259486e-01
8.846765641569459548e-01
8.846459824980111852e-01
8.848806366047745620e-01
8.851154152295038768e-01
8.858204992033987812e-01
8.857901726427622746e-01
8.860255047821467000e-01
8.859952165825139003e-01
8.864663653283700873e-01
8.869380154296355734e-01
8.869079297498669856e-01
8.868477103301384279e-01
8.868175765645806008e-01
8.867874267448055958e-01
8.867572608579802340e-01
8.867270788912580137e-01
8.869634764062916954e-01
8.868428075793968191e-01
8.868126001067805353e-01
8.867823765020026450e-01
8.867521367521367104e-01
8.867218808442426381e-01
8.866916087653661238e-01
8.869286287089013232e-01
8.868983957219250813e-01
8.868681465632521910e-01
8.868378812199037009e-01
8.868075996788867821e-01
8.867469879518071751e-01
8.869844670594536629e-01
8.869239013933547522e-01
8.868632707774798396e-01
8.868329310807187005e-01
8.868025751072960983e-01
8.867722028441105131e-01
8.867418142780462142e-01
8.867114093959731491e-01
8.869495166487647575e-01
8.871877518130539819e-01
8.874261149919397962e-01
8.876646062886320854e-01
8.876344086021505930e-01
8.876041946759881673e-01
8.878429263044648190e-01
8.878127522195319310e-01
8.885298869143780642e-01
8.887691893347697825e-01
8.887392241379310498e-01
8.887092427917003823e-01
8.889487870619946497e-01
8.889188460501482592e-01
8.888589155651470675e-01
8.890987587695629024e-01
8.890388768898488392e-01
8.895191788222582829e-01
8.897595244528505587e-01
8.897297297297297458e-01
8.896999188969991756e-01
8.896700919415900799e-01
8.899107384365702034e-01
8.898809523809523281e-01
8.898213318895505930e-01
8.897914974275656919e-01
8.897616468039003523e-01
8.900027092928745054e-01
8.899728997289972909e-01
8.899430740037950205e-01
8.899132321041214322e-01
8.898833740168158313e-01
8.898534997287032011e-01
8.898236092265943142e-01
8.897937024972855102e-01
8.900352973119739497e-01
8.914876257818874494e-01
8.914581066376495722e-01
8.914285714285714590e-01
8.913990201415351589e-01
8.913694527634086207e-01
8.913398692810458046e-01
8.913102696812857939e-01
8.912806539509536830e-01
8.912510220768601332e-01
8.912213740458014843e-01
8.911917098445595320e-01
8.911620294599017500e-01
8.911323328785811793e-01
8.913755458515283392e-01
8.913458913458913724e-01
8.912865337339525018e-01
8.912568306010928421e-01
8.912271112325772515e-01
8.914707490431930115e-01
8.914410719168717190e-01
8.914113785557986613e-01
8.916552667578658831e-01
8.918992884510126284e-01
8.918696961401587631e-01
8.918400876232202013e-01
8.920843604491920376e-01
8.920547945205479223e-01
8.920252123869553129e-01
8.919956140350877583e-01
8.919659994516040413e-01
8.919363686231486232e-01
8.921810699588477167e-01
8.926708756519352583e-01
8.929159802306425586e-01
8.931612194452073217e-01
8.931318681318681785e-01
8.933773014564441173e-01
8.936228697086311401e-01
8.938685729997249974e-01
8.943603851444291708e-01
8.946064942212438309e-01
8.948527387833745683e-01
8.947948223629853537e-01
8.950413223140495367e-01
8.952879581151832467e-01
8.952590959206173649e-01
8.955059277639922932e-01
8.954771097628240195e-01
8.954482758620689875e-01
8.954194260485651702e-01
8.953905603091361076e-01
8.953616786305907960e-01
8.953327809997237985e-01
8.955801104972375137e-01
8.955512572533849136e-01
8.957987838584853257e-01
8.960464473320430834e-01
8.960176991150442527e-01
8.962655601659751392e-01
8.965135583840619926e-01
8.967616938831995954e-01
8.967331118493909736e-01
8.967045139850456925e-01
8.969529085872576246e-01
8.972014408423385490e-01
8.971729490022173348e-01
8.971444413640143889e-01
8.973932334997226645e-01
8.978912319644839490e-01
8.983897834536368476e-01
8.983615662316023487e-01
8.983333333333333171e-01
8.983050847457627608e-01
8.982768204558088110e-01
8.982485404503752768e-01
8.982202447163515346e-01
8.981919332406119727e-01
8.981636060100166574e-01
8.980785296574770316e-01
8.979933110367892546e-01
8.979648731530527339e-01
8.978794642857143016e-01
8.981300586101033101e-01
8.981016192071468174e-01
8.980731639206925854e-01
8.980446927374301502e-01
8.980162056440346152e-01
8.979877026271659846e-01
8.979591836734693855e-01
8.979306487695749572e-01
8.979020979020978510e-01
8.981533296026860125e-01
8.981248250769661157e-01
8.980963045912654374e-01
8.980106472401232498e-01
8.979820627802690414e-01
8.979534622932435761e-01
8.978962131837306959e-01
8.981481481481481399e-01
8.984002245298905454e-01
8.983717012914093081e-01
8.983431620331367995e-01
8.983146067415730407e-01
8.982860354032031758e-01
8.982574480044969167e-01
8.982288445319088765e-01
8.984814398200224872e-01
8.984243106359032227e-01
8.983957219251337278e-01
8.983671171171171421e-01
8.986201070121092593e-01
8.985915492957746720e-01
8.985629754860524621e-01
8.985343855693348480e-01
8.985057795319988383e-01
8.981035946787432334e-01
8.980747451868629216e-01
8.980458793542905882e-01
8.980169971671387863e-01
8.979880986115046371e-01
8.982426303854875727e-01
8.982137794159342770e-01
8.981849120816789434e-01
8.981271282633370712e-01
8.980982117513482965e-01
8.980692788188529008e-01
8.980113636363636909e-01
8.979823813583404091e-01
8.979533826037521260e-01
8.982087005970997851e-01
8.984641638225255855e-01
8.984352773826458360e-01
8.984063745019920111e-01
8.983774551665243413e-01
8.983485193621867371e-01
8.983195670749074546e-01
8.982035928143712322e-01
8.981745579007416325e-01
8.981455064194008298e-01
8.984018264840182288e-01
8.983728232943191117e-01
8.983438035408337630e-01
8.982857142857142430e-01
8.982566447556444844e-01
8.982275586049170979e-01
8.981984558192737111e-01
8.981693363844394096e-01
8.984263233190271647e-01
8.983972524327418219e-01
8.983681649012310588e-01
8.983390607101947589e-01
8.983099398453164852e-01
8.985673352435530337e-01
8.985382631126397346e-01
8.985091743119265617e-01
8.984800688270719871e-01
8.984509466437177183e-01
8.984218077474892539e-01
8.986796785304248525e-01
8.984464902186420909e-01
8.983880253310304598e-01
8.983587676360494934e-01
8.983294930875576068e-01
8.983002016709882298e-01
8.982708933717579169e-01
8.982415681752666803e-01
8.982122260668973235e-01
8.984713008364579867e-01
8.987305251009809481e-01
8.987012987012986676e-01
8.986720554272517036e-01
8.986135181975736241e-01
8.985842242126552692e-01
8.985255854293148214e-01
8.984962406015037928e-01
8.984668787966444414e-01
8.984081041968161596e-01
8.982903506230077717e-01
8.985507246376811530e-01
8.985213105247897847e-01
8.984918793503480217e-01
8.987525384392225369e-01
8.987231572838073612e-01
8.986937590711175927e-01
8.986643437862950057e-01
8.986349114144641659e-01
8.986054619407320976e-01
8.985759953501889497e-01
8.985170107589415256e-01
8.984579575210940305e-01
8.984284051222352074e-01
8.983396446256918244e-01
8.982803847274847264e-01
8.981913652275379523e-01
8.981616574263203701e-01
8.981319322825452867e-01
8.981021897810218535e-01
8.980128579777907349e-01
8.979830458930136983e-01
8.982456140350877360e-01
8.982158525884761380e-01
8.984786424809830807e-01
8.984489318115306267e-01
8.984192037470726255e-01
8.983299150307647585e-01
8.983001172332942819e-01
8.985634711228378535e-01
8.985337243401759766e-01
8.987973012613669210e-01
8.987676056338028685e-01
8.990314059289697957e-01
8.992953611274221437e-01
8.992657856093979607e-01
8.992361927144535416e-01
8.992065824272700292e-01
8.994708994708994210e-01
8.994413407821229001e-01
8.994117647058823550e-01
8.993525603296056437e-01
8.993229319988225168e-01
8.995877502944640280e-01
8.995581737849779325e-01
8.995285798467884675e-01
8.997936928971411730e-01
8.997641509433962348e-01
8.997345915659097360e-01
8.997050147492625660e-01
8.996754204780170738e-01
8.999409681227863445e-01
8.999114260407440335e-01
9.001772002362670166e-01
9.001477104874445745e-01
9.000295770482106272e-01
9.000000000000000222e-01
8.999704054453980806e-01
8.999407933688573502e-01
8.999111637548119491e-01
8.998815165876776767e-01
8.998518518518519027e-01
8.998221695317131230e-01
8.997627520759193809e-01
8.997330169089291507e-01
8.997032640949554905e-01
8.999703176016622397e-01
8.999406175771971217e-01
9.002079002079002024e-01
9.001782531194295611e-01
9.001485884101040336e-01
9.000297530496875753e-01
9.000000000000000222e-01
8.999702292348913391e-01
8.999404407385348525e-01
8.999106344950849046e-01
8.998808104886769632e-01
8.998509687034277338e-01
9.001192605843768568e-01
9.000894721145242805e-01
9.003579952267303232e-01
9.003282602208295682e-01
9.005970149253731405e-01
9.005673335323977069e-01
9.005376344086021279e-01
9.005079175380937828e-01
9.004781829049611774e-01
9.004484304932734995e-01
9.004186602870812850e-01
9.006880047861202110e-01
9.006285543250523995e-01
9.005988023952096189e-01
9.005690326445043858e-01
9.005392450569202900e-01
9.003900390039003554e-01
9.003601440576231019e-01
9.003302311618133213e-01
9.003003003003002824e-01
9.002703514568939358e-01
9.002403846153845812e-01
9.002103997595430895e-01
9.001803968731209027e-01
9.004511278195488355e-01
9.009930785434847600e-01
9.009632751354605951e-01
9.009334537789822628e-01
9.012048192771083821e-01
9.014763482976799747e-01
9.014466546112115397e-01
9.017184202592704034e-01
9.016887816646561582e-01
9.016591251885369696e-01
9.015997585270147940e-01
9.015700483091787509e-01
9.015403201449713189e-01
9.015105740181268423e-01
9.014808099123602370e-01
9.014510278113664343e-01
9.014212276988207151e-01
9.013615733736762836e-01
9.013317191283293228e-01
9.013018468059339483e-01
9.012719563900666309e-01
9.012420478642835242e-01
9.012121212121212421e-01
9.011821764170960813e-01
9.011522134627046876e-01
9.011222323324233896e-01
9.010922330097087540e-01
9.013657056145675250e-01
9.013357619914996732e-01
9.013058001822046306e-01
9.012758201701093208e-01
9.012458219386204616e-01
9.012158054711245647e-01
9.011557177615572289e-01
9.010353227771010776e-01
9.010051781906792678e-01
9.012797074954296273e-01
9.012496190185919076e-01
9.012195121951219745e-01
9.011893870082342550e-01
9.011592434411226371e-01
9.011290814769605806e-01
9.010384850335980689e-01
9.013137794072716424e-01
9.012836185819070867e-01
9.012534393151940826e-01
9.012232415902140525e-01
9.011930253900275467e-01
9.014687882496940086e-01
9.014386287113559382e-01
9.013782542113323304e-01
9.013480392156862919e-01
9.013178057002758647e-01
9.011966861000306750e-01
9.011663597298956718e-01
9.011360147374884999e-01
9.011056511056511065e-01
9.010752688172043445e-01
9.013521819299323834e-01
9.016292652935751217e-01
9.015990159901599021e-01
9.015687480775146367e-01
9.015384615384615108e-01
9.015081563558018374e-01
9.013867488443759735e-01
9.013563501849568560e-01
9.013259327782917607e-01
9.012954966070326757e-01
9.012345679012345734e-01
9.012040753318925068e-01
9.014519616929255186e-01
9.014215080346106301e-01
9.013910355486862702e-01
9.013300340241261477e-01
9.012689569792633471e-01
9.015479876160991113e-01
9.015174976772994953e-01
9.010886469673405896e-01
9.010270774976657515e-01
9.009962640099626885e-01
9.012768607910308649e-01
9.015576323987538609e-01
9.015269554378311234e-01
9.014962593516209211e-01
9.014655441222325649e-01
9.013732833957552870e-01
9.013424914142991184e-01
9.013116801998750649e-01
9.012808497344579894e-01
9.012499999999999956e-01
9.012191309784307602e-01
9.011882426516573119e-01
9.011573350015639194e-01
9.010954616588419119e-01
9.010644959298684809e-01
9.013466958972753407e-01
9.013157894736841813e-01
9.010056568196103122e-01
9.009745363093366599e-01
9.012578616352201477e-01
9.011646207113629403e-01
9.011335012594458016e-01
9.010400252127324094e-01
9.010088272383354191e-01
9.007585335018963857e-01
9.007271577616187130e-01
9.006957621758380217e-01
9.006643467257197111e-01
9.006329113924050889e-01
9.006014561570117039e-01
9.005699810006333461e-01
9.005384859043396029e-01
9.005069708491761915e-01
9.004438807863031080e-01
9.007294640025372834e-01
9.010152284263959199e-01
9.009838146620120503e-01
9.009523809523809490e-01
9.007633587786259000e-01
9.010499522748965928e-01
9.010184595798854668e-01
9.013053167780961106e-01
9.015923566878980555e-01
9.015610066900286990e-01
9.014668367346938549e-01
9.014039566049776298e-01
9.013724864347271160e-01
9.013409961685823202e-01
9.013094857872884225e-01
9.012779552715655118e-01
9.012464046021092523e-01
9.015345268542199753e-01
9.015030380556443568e-01
9.017914267434421483e-01
9.017600000000000060e-01
9.017285531370038409e-01
9.016655989750159694e-01
9.016340916372956871e-01
9.016025641025641191e-01
9.015710163513946940e-01
9.015394483643360823e-01
9.015078601219120857e-01
9.017971758664955484e-01
9.020866773675761952e-01
9.020552344251766552e-01
9.020237712817218423e-01
9.019607843137255054e-01
9.019292604501607524e-01
9.022193631392730895e-01
9.021879021879022353e-01
9.021564209848729199e-01
9.024468770122343608e-01
9.024154589371981006e-01
9.023525620367386368e-01
9.023210831721469871e-01
9.026120606256046175e-01
9.025806451612903292e-01
9.025492094223943607e-01
9.028405422853453821e-01
9.028091701646755451e-01
9.036845507433742819e-01
9.036534109279017457e-01
9.039456662354463656e-01
9.042381106438045490e-01
9.045307443365695477e-01
9.044689119170984393e-01
9.044069993519118222e-01
9.043450064850843129e-01
9.046383392799220990e-01
9.049318624269954148e-01
9.058135758363105028e-01
9.057829759584145046e-01
9.057523561910951759e-01
9.057217165149544780e-01
9.056910569105690589e-01
9.056603773584905870e-01
9.056296778392450841e-01
9.055374592833875802e-01
9.055066797002281342e-01
9.054450603195305369e-01
9.053833605220228398e-01
9.053524804177546237e-01
9.052906596995428101e-01
9.052597190460633936e-01
9.052287581699346442e-01
9.055246812683883650e-01
9.058207979071288829e-01
9.061171082760877127e-01
9.060863874345549407e-01
9.060556464811784227e-01
9.060248853962017401e-01
9.059941041598428280e-01
9.059324811537200484e-01
9.058707773040340916e-01
9.058398950131233418e-01
9.058089924515917435e-01
9.057780695994747111e-01
9.057471264367815689e-01
9.057161629434954397e-01
9.060138021689122523e-01
9.063116370808678157e-01
9.061573921633190309e-01
9.061264822134387220e-01
9.060955518945634779e-01
9.060646011865524097e-01
9.060336300692384270e-01
9.063324538258574758e-01
9.066314747608049673e-01
9.069306930693069591e-01
9.068692206076618412e-01
9.068384539147671397e-01
9.068076668869795576e-01
9.067768595041322266e-01
9.067460317460317443e-01
9.067151835924578407e-01
9.066843150231634896e-01
9.069844422376696080e-01
9.072847682119205004e-01
9.072540576349784613e-01
9.072233267064281348e-01
9.078249336870026776e-01
9.081260364842453914e-01
9.080650514437438314e-01
9.080345285524568100e-01
9.083361009631352179e-01
9.083056478405315826e-01
9.082751744765702462e-01
9.088792816760891125e-01
9.097869507323568250e-01
9.097569097569097041e-01
9.100599600266489064e-01
9.100299900033321787e-01
9.103333333333333277e-01
9.106368789596531732e-01
9.109406270847231202e-01
9.115487316421896358e-01
9.115191986644407551e-01
9.121282993651854687e-01
9.120989304812834320e-01
9.120695419592109721e-01
9.132909273518580173e-01
9.132618888144674596e-01
9.132328308207705581e-01
9.138451223600402296e-01
9.138162307176391774e-01
9.137873196913787188e-01
9.137583892617450188e-01
9.140651225243370259e-01
9.140362659503021847e-01
9.140073899899227028e-01
9.139784946236558794e-01
9.137756820478275532e-01
9.140835579514824394e-01
9.140546006066734286e-01
9.140256237356709779e-01
9.139966273187183354e-01
9.143049932523616974e-01
9.146135673304083280e-01
9.152313407632556297e-01
9.152027027027026529e-01
9.151740452855694485e-01
9.154834347532115890e-01
9.154548528914440153e-01
9.154262516914749570e-01
9.153976311336717853e-01
9.157075152335816259e-01
9.156789705384354994e-01
9.159891598915989031e-01
9.159606912910878140e-01
9.159322033898305015e-01
9.162427941675144183e-01
9.162143826322930451e-01
9.161859518154055193e-01
9.164969450101833059e-01
9.168081494057724878e-01
9.167798913043477826e-01
9.167516139993203694e-01
9.167233174711081345e-01
9.166950017001019857e-01
9.166666666666666297e-01
9.166383123511397946e-01
9.166099387338325633e-01
9.165531335149863512e-01
9.168654173764906323e-01
9.168087282645754899e-01
9.171214188267394762e-01
9.177474402730375624e-01
9.177193581427107727e-01
9.183464297915955310e-01
9.183185235816814229e-01
9.186324786324786551e-01
9.189466484268126178e-01
9.189189189189189699e-01
9.192334017796029988e-01
9.195480999657651422e-01
9.195205479452054353e-01
9.198355601233298984e-01
9.198080877313228321e-01
9.197805965032567199e-01
9.200960219478737656e-01
9.204116638078901902e-01
9.207275223061084368e-01
9.210435976656368151e-01
9.210164835164834640e-01
9.213328753005839422e-01
9.213058419243985719e-01
9.216225507047095533e-01
9.215955983493809844e-01
9.215686274509803377e-01
9.215416379903648147e-01
9.218588640275386936e-01
9.221763085399449222e-01
9.221495005167068548e-01
9.224672639558925136e-01
9.224405377456049715e-01
9.224137931034482873e-01
9.223870300103483855e-01
9.223602484472049889e-01
9.223334483948912865e-01
9.223066298342541547e-01
9.222529371112646590e-01
9.225717248530936887e-01
9.228907330567082123e-01
9.228640608785887434e-01
9.231833910034602519e-01
9.235029421945309958e-01
9.234764542936287901e-01
9.234499480429511076e-01
9.234234234234234284e-01
9.233968804159445876e-01
9.233703190013869966e-01
9.233437391605966438e-01
9.233171408743927611e-01
9.239583333333333259e-01
9.239319208058353050e-01
9.239054899235580320e-01
9.238790406673618172e-01
9.238525730180806583e-01
9.241739130434782901e-01
9.241475295755045005e-01
9.241211277410372738e-01
9.244428969359331782e-01
9.247648902821317130e-01
9.247386759581881499e-01
9.247124433600557580e-01
9.246599232647366717e-01
9.249825540823447545e-01
9.256284916201117374e-01
9.259517988124345012e-01
9.259259259259259300e-01
9.262495630898287535e-01
9.265734265734265618e-01
9.272218334499650050e-01
9.271963598179908672e-01
9.275210084033613800e-01
9.278458844133099515e-01
9.278206026629292058e-01
9.281458114265684900e-01
9.281206171107994063e-01
9.280954051210101863e-01
9.280701754385964897e-01
9.280449280449279970e-01
9.280196629213482984e-01
9.283456269757639490e-01
9.283204497540407107e-01
9.282952548330404285e-01
9.282700421940928148e-01
9.282448118185016028e-01
9.285714285714286031e-01
9.288982752551918631e-01
9.288732394366197020e-01
9.288481859809791796e-01
9.291754756871035692e-01
9.291505111032780651e-01
9.291255289139633833e-01
9.291005291005290934e-01
9.294283697953422685e-01
9.300847457627118287e-01
9.310710498409331404e-01
9.314002828854314187e-01
9.320594479830148771e-01
9.323893805309734217e-01
9.327195467422095820e-01
9.330499468650371719e-01
9.330262225372076834e-01
9.330024813895781977e-01
9.329787234042553612e-01
9.339488636363636465e-01
9.339253996447601791e-01
9.342572850035536502e-01
9.345894063277639940e-01
9.345661450924608316e-01
9.345428673070081960e-01
9.348754448398576278e-01
9.348522605909576066e-01
9.361853832442067480e-01
9.365192582025677615e-01
9.364966107741705681e-01
9.364739471805852977e-01
9.371428571428571663e-01
9.371204001429082053e-01
9.370979270907791037e-01
9.377682403433476033e-01
9.381037567084078432e-01
9.384395132426628372e-01
9.384174722520587375e-01
9.383954154727793817e-01
9.383733428878537897e-01
9.397201291711517745e-01
9.400574300071787848e-01
9.400359066427289578e-01
9.400143678160919336e-01
9.399928135106000449e-01
9.399712437095614215e-01
9.403092412801150601e-01
9.402877697841726112e-01
9.402662828355523583e-01
9.406047516198704495e-01
9.409434641699675472e-01
9.409221902017290695e-01
9.409009009009009494e-01
9.408795962509012289e-01
9.408582762351244133e-01
9.415373511367737258e-01
9.415162454873645670e-01
9.421965317919075433e-01
9.421756414889772557e-01
9.425162689804772453e-01
9.424954792043399587e-01
9.424746743849493624e-01
9.424538545059717443e-01
9.424330195510499664e-01
9.427743571169866499e-01
9.434577745559985518e-01
9.444847605224964138e-01
9.448275862068965525e-01
9.451706608569353518e-01
9.451507446422084957e-01
9.451308139534884134e-01
9.454743729552890219e-01
9.454545454545454364e-01
9.457984721716987675e-01
9.461426491994177068e-01
9.471766848816028928e-01
9.475218658892128332e-01
9.482129832239241107e-01
9.481940897482670216e-01
9.485401459854014838e-01
9.488864549105513468e-01
9.488677867056245496e-01
9.488491048593350463e-01
9.491959064327485374e-01
9.491773308957952571e-01
9.491587417702999074e-01
9.495060373216246408e-01
9.498535871156661425e-01
9.498352251922372869e-01
9.512284561789512427e-01
9.515774027879677632e-01
9.522760646108663352e-01
9.522585383767903089e-01
9.522409992652461908e-01
9.522234472620360046e-01
9.522058823529411242e-01
9.521883045237219401e-01
9.521707137601177484e-01
9.521531100478468623e-01
9.525036818851251308e-01
9.524861878453039221e-01
9.528371407516580405e-01
9.531883523774419276e-01
9.531710914454277761e-01
9.535226853559571891e-01
9.535055350553505171e-01
9.542097488921713611e-01
9.545622460288142319e-01
9.545454545454545858e-01
9.548983364140480878e-01
9.548816568047336917e-01
9.552349241583425465e-01
9.552183567727609015e-01
9.552017771195853157e-01
9.551851851851851372e-01
9.551685809559096185e-01
9.551519644180874735e-01
9.551353355580274318e-01
9.554896142433234596e-01
9.554730983302411884e-01
9.558277654046027916e-01
9.561826958782027042e-01
9.561501300631735090e-01
9.561338289962825199e-01
9.561175158051320455e-01
9.561011904761904656e-01
9.560848529959061759e-01
9.564408041697691765e-01
9.567970204841713677e-01
9.567809239940388011e-01
9.567648155050316738e-01
9.567486950037286109e-01
9.567325624766878089e-01
9.567164179104478139e-01
9.570735349010824899e-01
9.570575056011949577e-01
9.570414643257377785e-01
9.570254110612854692e-01
9.570093457943925630e-01
9.569771791994013954e-01
9.569610778443113919e-01
9.569449644327967519e-01
9.569288389513108672e-01
9.569127013862870346e-01
9.572713643178411003e-01
9.572553430821146847e-01
9.576144036009002214e-01
9.575984990619137438e-01
9.575825825825825532e-01
9.579421704844161001e-01
9.583020285499623814e-01
9.582863585118376326e-01
9.586466165413534135e-01
9.586310643098909789e-01
9.586155003762226734e-01
9.585999247271358437e-01
9.585843373493976305e-01
9.585687382297551906e-01
9.585531273549359188e-01
9.585375047116472258e-01
9.585218702865762053e-01
9.584748961872404660e-01
9.588368580060423474e-01
9.588213071401586740e-01
9.591836734693877098e-01
9.591527987897126017e-01
9.598788796366388709e-01
9.598636879969708602e-01
9.598484848484848397e-01
9.598332701780977194e-01
9.598180439727066471e-01
9.601820250284414104e-01
9.601669195751137975e-01
9.601518026565465380e-01
9.601366742596810777e-01
9.601215343714394335e-01
9.601063829787234161e-01
9.600912200684150744e-01
9.600760456273764731e-01
9.600608596424495822e-01
9.600456621004566093e-01
9.600304529881994453e-01
9.600152322924599968e-01
9.599999999999999645e-01
9.599847560975609539e-01
9.603507434235608597e-01
9.603356216628528008e-01
9.603204883632201483e-01
9.603053435114503600e-01
9.606720122184039257e-01
9.606569900687548236e-01
9.610240733664501267e-01
9.613914373088684462e-01
9.617590822179732379e-01
9.617444529456771196e-01
9.617298124760811362e-01
9.617151607963246862e-01
9.615827890895121133e-01
9.615680245964642880e-01
9.615384615384615641e-01
9.615236629472874164e-01
9.618937644341801763e-01
9.618790912591451692e-01
9.618644067796610075e-01
9.622350674373795210e-01
9.622205088666152539e-01
9.622059390667181411e-01
9.621767657275183128e-01
9.625482625482625343e-01
9.625337968327539739e-01
9.625193199381761877e-01
9.625048318515655454e-01
9.624903325599380999e-01
9.624758220502901418e-01
9.624613003095975339e-01
9.628339140534262208e-01
9.628195197521300930e-01
9.628051142967841702e-01
9.627906976744186052e-01
9.627762698720434553e-01
9.627618308766485722e-01
9.631354287931703784e-01
9.631211180124223947e-01
9.631067961165048485e-01
9.630924630924631025e-01
9.630781189273222020e-01
9.630637636080870978e-01
9.630493971217425342e-01
9.637991436356558861e-01
9.637850467289719170e-01
9.637709388391118015e-01
9.645224171539961144e-01
9.648985959438377558e-01
9.648849005072180907e-01
9.652615144418422721e-01
9.652479500195235707e-01
9.656249999999999556e-01
9.660023446658850821e-01
9.659890539483971805e-01
9.659757528353539735e-01
9.667318982387475002e-01
9.667188723570869779e-01
9.667058362710536645e-01
9.674637397099177250e-01
9.673742138364780363e-01
9.685163321526958358e-01
9.688976377952756014e-01
9.696611505122143537e-01
9.700433582972014523e-01
9.700315457413248854e-01
9.700197238658777588e-01
9.700078926598263429e-01
9.699960521121200330e-01
9.699842022116903495e-01
9.703440094899169477e-01
9.703205381875742441e-01
9.702970297029702706e-01
9.714512291831879365e-01
9.718365727885759364e-01
9.718253968253968145e-01
9.722111949186185154e-01
9.741447891805886661e-01
9.749203821656050595e-01
9.764752791068580517e-01
9.772455089820358820e-01
9.772273272073511707e-01
9.780087964814074830e-01
9.787830264211369036e-01
9.787660256410256610e-01
9.787489975942261777e-01
9.787319422150883019e-01
9.787234042553191182e-01
9.798954563731403500e-01
9.802896218825422059e-01
9.802816901408450967e-01
9.810560257960500019e-01
9.810483870967742215e-01
9.814441306978620716e-01
9.814366424535916344e-01
9.814291481631005620e-01
9.814216478190630477e-01
9.814066289409862920e-01
9.817739975698663857e-01
9.817221770917953227e-01
9.821210889882161510e-01
9.829198861325741943e-01
9.829129373474368991e-01
9.845150774246128611e-01
9.845087647778231199e-01
9.844897959183673830e-01
9.844771241830065911e-01
9.844707805476092810e-01
9.844644317252657650e-01
9.844134536505332322e-01
9.844070578580221831e-01
9.843878389482333402e-01
9.843750000000000000e-01
9.843621399176955000e-01
9.843234323432342725e-01
9.843040066088393214e-01
9.842715231788079500e-01
9.842584921292460987e-01
9.842519685039370358e-01
9.842323651452281608e-01
9.842192691029900686e-01
9.842061512884455743e-01
9.841137123745818949e-01
9.840871021775544625e-01
9.840269020596889016e-01
9.840067340067339963e-01
9.839527027027027417e-01
9.838366652488302888e-01
9.835924006908463024e-01
9.833988641328090807e-01
9.831111111111111578e-01
9.861942015646572024e-01
1.000000000000000000e+00
