5.000000000000000000e-01
5.014052838673411783e-01
5.011248593925758943e-01
5.065378055713473104e-01
5.068259385665528916e-01
5.071143995446784070e-01
5.085616438356164171e-01
5.088520845231296885e-01
5.091428571428571193e-01
5.094339622641509413e-01
5.097254004576659003e-01
5.100171722953634745e-01
5.106017191977076930e-01
5.108944954128440408e-01
5.114810562571756591e-01
5.120689655172413479e-01
5.126582278481012223e-01
5.132488479262672376e-01
5.141373341027120070e-01
5.138568129330254308e-01
5.165409170052234211e-01
5.226071638285378906e-01
5.250737463126843307e-01
5.322966507177033790e-01
5.326152004787552130e-01
5.329341317365269282e-01
5.332534451767525496e-01
5.338932213557288087e-01
5.358217940999397966e-01
5.367913148371531440e-01
5.371152685576342511e-01
5.374848851269649064e-01
5.378100423472473857e-01
5.375302663438256134e-01
5.378558449424590826e-01
5.388349514563106624e-01
5.391621129326047424e-01
5.401459854014598605e-01
5.404747413268411460e-01
5.417937766931055776e-01
5.421245421245420859e-01
5.424557116676848034e-01
5.427872860635696295e-01
5.437844458052664143e-01
5.447852760736195954e-01
5.445058317986495311e-01
5.448402948402948365e-01
5.455104551045510952e-01
5.452307692307691855e-01
5.465761875385564128e-01
5.469135802469136109e-01
5.472513897467572441e-01
5.492870427774333431e-01
5.496277915632754585e-01
5.554858934169278895e-01
5.558343789209535535e-01
5.561833019460138416e-01
5.572327044025157106e-01
5.586380832282471509e-01
5.589905362776025344e-01
5.593434343434343647e-01
5.596967782691092408e-01
5.594184576485461413e-01
5.597722960151803040e-01
5.601265822784810000e-01
5.604813172894236306e-01
5.608365019011406494e-01
5.611921369689283345e-01
5.615482233502537834e-01
5.619047619047619069e-01
5.622617534942820905e-01
5.626191989828353002e-01
5.629770992366411875e-01
5.633354551241247510e-01
5.636942675159235527e-01
5.647734524569240078e-01
5.651340996168582320e-01
5.648562300319488472e-01
5.652173913043477826e-01
5.663036515054452602e-01
5.666666666666666519e-01
5.688545688545688650e-01
5.762711864406779849e-01
5.766470971950423685e-01
5.770234986945169675e-01
5.781556572923479687e-01
5.785340314136125928e-01
5.789129011132940761e-01
5.800524934383202158e-01
5.804333552199606450e-01
5.808147174770039722e-01
5.811965811965812412e-01
5.815789473684210842e-01
5.819618169848584932e-01
5.854304635761589104e-01
5.858184227965540503e-01
5.855437665782493584e-01
5.859323158593231495e-01
5.863213811420983079e-01
5.867109634551495034e-01
5.871010638297872175e-01
5.874916833000665140e-01
5.872170439414114984e-01
5.869420386409061052e-01
5.866666666666666696e-01
5.870580386924616478e-01
5.867823765020027116e-01
5.879598662207358162e-01
5.883534136546184623e-01
5.887474882786336572e-01
5.884718498659516905e-01
5.896574882471457002e-01
5.900537634408602461e-01
5.904505716207127941e-01
5.908479138627187321e-01
5.912457912457912412e-01
5.916442048517520647e-01
5.913688469318948426e-01
5.917678812415654299e-01
5.921674544226873671e-01
5.918918918918918415e-01
5.922920892494929479e-01
5.920162381596751899e-01
5.917400135409613959e-01
5.925423728813559165e-01
5.929443690637720143e-01
5.933469110658520229e-01
5.937500000000000000e-01
5.984900480439259152e-01
6.055555555555555136e-01
6.089385474860334879e-01
6.086652690426275214e-01
6.090909090909091272e-01
6.103714085494043040e-01
6.107994389901822974e-01
6.112280701754385648e-01
6.116573033707864981e-01
6.113843991567111669e-01
6.118143459915611482e-01
6.115411681914144637e-01
6.119718309859154548e-01
6.116983791402396120e-01
6.125617501764291095e-01
6.138613861386138515e-01
6.147308781869688099e-01
6.151665485471297101e-01
6.156028368794326244e-01
6.160397444996451588e-01
6.169154228855721067e-01
6.177935943060498536e-01
6.182336182336182206e-01
6.217765042979942480e-01
6.215053763440859802e-01
6.219512195121951192e-01
6.223977027997128486e-01
6.232925952552120785e-01
6.237410071942446343e-01
6.234701223902088252e-01
6.231988472622478348e-01
6.236481614996395306e-01
6.233766233766233622e-01
6.231046931407941969e-01
6.235549132947977302e-01
6.240057845263918823e-01
6.244573082489146554e-01
6.241853729181752186e-01
6.250906453952139730e-01
6.255442670537010308e-01
6.264534883720930258e-01
6.269090909090908603e-01
6.278222869628550251e-01
6.282798833819241979e-01
6.287381473377097185e-01
6.291970802919708561e-01
6.296566837107377967e-01
6.301169590643275198e-01
6.305779078273592297e-01
6.303074670571010563e-01
6.312316715542521939e-01
6.309611151870873069e-01
6.318883174136664671e-01
6.332842415316641826e-01
6.337509211495947481e-01
6.342182890855456723e-01
6.346863468634685868e-01
6.351550960118168554e-01
6.356245380635624498e-01
6.360946745562130467e-01
6.365655070318282371e-01
6.370370370370370683e-01
6.375092661230541413e-01
6.379821958456973752e-01
6.384558277654045488e-01
6.389301634472510649e-01
6.394052044609664920e-01
6.398809523809523281e-01
6.396128071481756994e-01
6.400894187779433420e-01
6.405667412378821535e-01
6.410447761194030258e-01
6.415235250186706040e-01
6.420029895366218264e-01
6.424831712789828009e-01
6.429640718562874557e-01
6.434456928838950818e-01
6.439280359820089839e-01
6.444111027756939114e-01
6.448948948948949322e-01
6.453794139744553071e-01
6.458646616541353636e-01
6.463506395786305925e-01
6.468373493975904109e-01
6.473247927656368139e-01
6.478129713423831371e-01
6.483018867924528195e-01
6.487915407854984995e-01
6.497730711043873120e-01
6.517450682852807820e-01
6.522399392558846376e-01
6.527355623100303816e-01
6.532319391634980876e-01
6.537290715372907624e-01
6.542269611576542188e-01
6.547256097560976151e-01
6.544622425629290641e-01
6.549618320610687272e-01
6.554621848739495826e-01
6.564651874521805208e-01
6.569678407350688643e-01
6.574712643678161106e-01
6.579754601226993627e-01
6.582181259600614620e-01
6.576923076923076872e-01
6.581986143187067428e-01
6.587057010785823952e-01
6.592135697764071045e-01
6.597222222222222099e-01
6.602316602316602445e-01
6.607418856259660300e-01
6.604795050270688694e-01
6.609907120743033770e-01
6.615027110766847906e-01
6.620155038759689692e-01
6.625290923196276438e-01
6.630434782608695121e-01
6.635586635586635529e-01
6.640746500777604533e-01
6.645914396887159237e-01
6.651090342679127909e-01
6.656274356975837581e-01
6.661466458658346079e-01
6.666666666666666297e-01
6.671875000000000444e-01
6.677091477716966539e-01
6.682316118935837101e-01
6.687548942834768972e-01
6.692789968652037569e-01
6.698039215686274472e-01
6.695447409733124022e-01
6.700706991358994502e-01
6.705974842767296051e-01
6.703383162863886247e-01
6.708661417322834275e-01
6.706067769897556818e-01
6.711356466876972071e-01
6.716653512233622392e-01
6.714060031595576739e-01
6.719367588932806390e-01
6.724683544303797778e-01
6.730007917656373184e-01
6.727416798732170911e-01
6.732751784298176556e-01
6.730158730158730673e-01
6.751592356687897700e-01
6.756972111553785076e-01
6.762360446570973016e-01
6.767757382282522105e-01
6.778577138289368920e-01
6.784000000000000030e-01
6.781425140112089522e-01
6.786858974358974672e-01
6.792301523656776308e-01
6.803212851405622263e-01
6.814159292035397719e-01
6.811594202898550998e-01
6.817082997582594173e-01
6.855753646677471558e-01
6.889250814332247286e-01
6.886715566422167978e-01
6.897959183673469941e-01
6.895424836601307117e-01
6.901062959934587404e-01
6.912366912366912919e-01
6.918032786885245367e-01
6.923707957342083441e-01
6.935086277732128712e-01
6.940789473684210176e-01
6.946502057613168635e-01
6.952224052718286584e-01
6.957955482275350878e-01
6.963696369636963590e-01
6.961189099917423073e-01
6.966942148760331133e-01
6.972704714640198809e-01
6.978476821192053370e-01
6.984258492129246099e-01
6.990049751243780918e-01
6.995850622406638575e-01
7.001661129568106379e-01
6.999168744804654674e-01
7.004991680532446363e-01
7.010824313072440139e-01
7.022518765638031679e-01
7.028380634390650750e-01
7.025898078529657642e-01
7.031772575250836432e-01
7.037656903765689975e-01
7.043551088777219027e-01
7.041072925398156324e-01
7.046979865771811902e-01
7.052896725440805925e-01
7.050420168067227378e-01
7.062289562289562062e-01
7.059814658803706955e-01
7.065767284991568697e-01
7.063291139240506222e-01
7.075232459847844435e-01
7.081218274111674704e-01
7.087214225232854048e-01
7.093220338983050599e-01
7.105263157894736725e-01
7.111299915038232777e-01
7.123404255319149003e-01
7.129471890971039727e-01
7.135549872122761705e-01
7.159965782720273397e-01
7.166095890410958402e-01
7.172236503856040946e-01
7.178387650085763516e-01
7.184549356223175476e-01
7.203098106712564341e-01
7.209302325581394832e-01
7.215517241379310054e-01
7.227979274611399108e-01
7.234226447709594110e-01
7.253032928942807489e-01
7.259323503902862518e-01
7.265625000000000000e-01
7.263249348392701865e-01
7.269565217391303902e-01
7.275892080069625845e-01
7.288578901482127836e-01
7.294938917975567483e-01
7.292576419213974148e-01
7.305336832895887866e-01
7.318141980718667616e-01
7.324561403508771384e-01
7.330992098331869933e-01
7.328646748681898471e-01
7.335092348284960595e-01
7.341549295774647543e-01
7.348017621145374045e-01
7.345679012345679437e-01
7.352162400706090395e-01
7.349823321554770361e-01
7.356321839080459668e-01
7.362831858407079544e-01
7.369353410097431167e-01
7.375886524822694579e-01
7.382431233362910517e-01
7.388987566607460034e-01
7.395555555555555216e-01
7.402135231316725461e-01
7.408726625111309305e-01
7.415329768270945143e-01
7.421944692239071939e-01
7.428571428571428825e-01
7.435210008936550263e-01
7.441860465116278966e-01
7.448522829006266610e-01
7.455197132616487865e-01
7.461883408071748880e-01
7.468581687612207975e-01
7.475292003593890788e-01
7.482014388489208745e-01
7.479747974797479326e-01
7.486486486486486625e-01
7.493237150586113948e-01
7.500000000000000000e-01
7.506775067750677266e-01
7.513562386980108254e-01
7.520361990950226172e-01
7.518115942028985588e-01
7.524932003626473298e-01
7.531760435571688284e-01
7.538601271571299112e-01
7.545454545454545192e-01
7.552320291173794109e-01
7.550091074681238856e-01
7.556973564266180610e-01
7.554744525547445466e-01
7.561643835616438380e-01
7.575480329368710075e-01
7.589367552703941699e-01
7.596330275229358220e-01
7.603305785123967153e-01
7.610294117647058432e-01
7.617295308187672642e-01
7.624309392265193885e-01
7.622119815668202403e-01
7.619926199261992661e-01
7.626962142197599714e-01
7.634011090573012970e-01
7.641073080481035618e-01
7.648148148148148362e-01
7.655236329935125594e-01
7.662337662337662669e-01
7.669452181987000960e-01
7.676579925650557357e-01
7.683720930232558199e-01
7.681564245810056368e-01
7.688723205964584917e-01
7.695895522388059851e-01
7.703081232492997588e-01
7.700934579439252525e-01
7.698783910196445035e-01
7.705992509363296383e-01
7.713214620431115831e-01
7.711069418386491403e-01
7.718309859154929287e-01
7.716165413533834228e-01
7.714016933207902271e-01
7.721280602636534374e-01
7.728557964184731288e-01
7.735849056603774088e-01
7.733711048158640189e-01
7.741020793950850187e-01
7.748344370860926755e-01
7.746212121212121549e-01
7.753554502369668366e-01
7.760910815939279228e-01
7.768281101614434858e-01
7.775665399239544140e-01
7.783063748810656879e-01
7.790476190476190999e-01
7.788369876072449571e-01
7.786259541984732468e-01
7.784145176695319579e-01
7.782026768642447134e-01
7.804410354745925371e-01
7.802303262955854191e-01
7.800192122958693464e-01
7.807692307692307709e-01
7.815206929740134978e-01
7.813102119460501038e-01
7.820636451301832270e-01
7.828185328185328640e-01
7.826086956521739468e-01
7.833655705996132035e-01
7.841239109390125694e-01
7.848837209302325091e-01
7.846750727449078866e-01
7.854368932038835460e-01
7.862001943634596701e-01
7.859922178988326680e-01
7.857838364167477607e-01
7.855750487329434817e-01
7.853658536585366168e-01
7.851562500000000000e-01
7.849462365591397539e-01
7.857142857142856984e-01
7.864838393731635735e-01
7.862745098039215508e-01
7.885939036381514056e-01
7.893700787401575214e-01
7.891625615763546708e-01
7.899408284023669014e-01
7.907206317867719880e-01
7.915019762845849627e-01
7.912957467853610760e-01
7.920792079207921166e-01
7.918731417244796456e-01
7.916666666666666297e-01
7.924528301886792914e-01
7.922465208747514476e-01
7.920398009950249119e-01
7.928286852589641054e-01
7.926221335992024164e-01
7.922077922077922496e-01
7.930000000000000382e-01
7.953861584754262637e-01
7.961847389558233123e-01
7.969849246231155426e-01
7.977867203219315417e-01
7.993951612903226200e-01
8.002018163471240619e-01
8.026315789473684736e-01
8.034447821681863777e-01
8.042596348884381019e-01
8.038617886178861527e-01
8.046795523906409286e-01
8.054989816700610650e-01
8.063200815494393492e-01
8.061224489795918435e-01
8.059244126659856899e-01
8.057259713701431236e-01
8.065506653019447469e-01
8.063524590163934080e-01
8.061538461538461098e-01
8.086419753086420137e-01
8.103092783505154717e-01
8.101135190918472562e-01
8.109504132231405427e-01
8.107549120992760816e-01
8.115942028985507761e-01
8.113989637305699665e-01
8.112033195020746934e-01
8.110072689511942379e-01
8.108108108108108558e-01
8.116545265348594773e-01
8.125000000000000000e-01
8.123044838373305598e-01
8.131524008350731192e-01
8.140020898641587843e-01
8.148535564853556235e-01
8.174186778593913738e-01
8.182773109243697274e-01
8.191377497371188365e-01
8.199999999999999512e-01
8.198103266596417082e-01
8.196202531645570000e-01
8.204857444561773905e-01
8.202959830866807245e-01
8.201058201058201158e-01
8.209745762711864181e-01
8.207847295864263426e-01
8.216560509554140523e-01
8.214665249734325325e-01
8.223404255319148870e-01
8.232161874334398277e-01
8.240938166311300161e-01
8.239060832443969584e-01
8.247863247863247427e-01
8.256684491978609763e-01
8.265524625267666181e-01
8.263665594855305052e-01
8.261802575107296542e-01
8.259935553168635813e-01
8.258064516129032251e-01
8.256189451022605263e-01
8.254310344827586743e-01
8.252427184466019083e-01
8.250539956803455421e-01
8.248648648648648773e-01
8.257575757575758013e-01
8.255687973997832829e-01
8.264642082429500825e-01
8.262757871878393390e-01
8.271739130434783149e-01
8.269858541893362336e-01
8.287895310796074000e-01
8.296943231441048505e-01
8.306010928961748974e-01
8.315098468271334697e-01
8.324205914567360809e-01
8.351648351648351953e-01
8.349834983498349850e-01
8.359030837004405301e-01
8.368246968026460397e-01
8.377483443708608757e-01
8.386740331491712164e-01
8.396017699115043698e-01
8.405315614617939746e-01
8.403547671840354560e-01
8.401775804661487657e-01
8.399999999999999689e-01
8.409343715239154804e-01
8.418708240534521492e-01
8.416945373467112912e-01
8.426339285714286031e-01
8.424581005586592175e-01
8.422818791946308226e-01
8.432250839865621517e-01
8.430493273542600807e-01
8.439955106621773728e-01
8.449438202247191443e-01
8.447694038245219250e-01
8.445945945945946276e-01
8.455467869222097477e-01
8.453724604966139644e-01
8.451977401129943113e-01
8.461538461538461453e-01
8.471121177802944935e-01
8.469387755102041337e-01
8.479001135073779283e-01
8.477272727272727737e-01
8.486916951080774041e-01
8.485193621867881397e-01
8.494868871151652900e-01
8.493150684931506378e-01
8.491428571428570882e-01
8.501144164759725230e-01
8.499427262313860032e-01
8.497706422018348471e-01
8.495981630309988875e-01
8.494252873563218342e-01
8.492520138089758586e-01
8.502304147465438167e-01
8.512110726643599135e-01
8.521939953810623303e-01
8.520231213872831999e-01
8.518518518518518601e-01
8.528389339513325895e-01
8.538283062645011245e-01
8.534883720930233064e-01
8.544819557625145112e-01
8.554778554778554867e-01
8.553092182030338497e-01
8.551401869158878899e-01
8.561403508771929793e-01
8.571428571428570953e-01
8.581477139507620588e-01
8.579812206572769995e-01
8.589894242068155661e-01
8.610129564193168550e-01
8.630460448642266469e-01
8.628841607565012062e-01
8.627218934911242698e-01
8.625592417061611616e-01
8.623962040332147083e-01
8.622327790973871586e-01
8.620689655172413257e-01
8.630952380952381375e-01
8.629320619785458835e-01
8.649940262843488492e-01
8.648325358851675082e-01
8.646706586826347074e-01
8.645083932853716568e-01
8.643457382953181334e-01
8.641826923076922906e-01
8.640192539109506908e-01
8.638554216867470048e-01
8.636911942098914885e-01
8.635265700483091278e-01
8.633615477629987822e-01
8.631961259079903304e-01
8.630303030303030365e-01
8.628640776699029180e-01
8.639125151883353393e-01
8.637469586374696418e-01
8.635809987819732525e-01
8.634146341463414531e-01
8.632478632478632896e-01
8.653610771113831035e-01
8.650306748466257689e-01
8.660933660933660683e-01
8.659286592865929055e-01
8.680641183723797338e-01
8.679012345679012475e-01
8.675742574257425677e-01
8.697270471464020325e-01
8.708074534161490687e-01
8.706467661691542625e-01
8.717310087173101296e-01
8.728179551122194901e-01
8.726591760299625689e-01
8.737500000000000266e-01
8.748435544430538391e-01
8.746867167919799568e-01
8.745294855708908299e-01
8.756281407035175768e-01
8.767295597484277003e-01
8.778337531486145595e-01
8.776796973518284917e-01
8.775252525252524860e-01
8.773704171934260110e-01
8.772151898734177333e-01
8.770595690747782225e-01
8.792884371029224821e-01
8.791348600508905875e-01
8.789808917197452498e-01
8.788265306122449161e-01
8.799489144316730016e-01
8.797953964194373810e-01
8.796414852752880709e-01
8.830334190231362568e-01
8.828828828828828579e-01
8.827319587628865705e-01
8.825806451612903114e-01
8.824289405684754284e-01
8.835705045278137160e-01
8.834196891191710144e-01
8.832684824902723442e-01
8.831168831168830780e-01
8.828125000000000000e-01
8.839634941329856943e-01
8.838120104438642599e-01
8.836601307189542176e-01
8.835078534031413078e-01
8.858267716535432879e-01
8.869908015768724896e-01
8.880105401844532453e-01
8.938992042440317976e-01
8.950863213811420804e-01
8.949468085106383475e-01
8.961384820239680637e-01
8.973333333333333162e-01
8.971962616822429792e-01
8.995983935742971616e-01
9.020134228187919323e-01
9.018817204301075030e-01
9.017496635262449711e-01
9.016172506738544534e-01
9.028340080971659631e-01
9.025710419485791780e-01
9.024390243902439268e-01
9.023066485753052923e-01
9.021739130434782705e-01
9.034013605442177131e-01
9.032697547683923300e-01
9.031377899045019975e-01
9.030054644808742648e-01
9.028727770177839007e-01
9.027397260273972712e-01
9.026063100137173834e-01
9.024725274725274859e-01
9.023383768913342262e-01
9.035812672176308791e-01
9.048275862068965170e-01
9.060773480662983603e-01
9.059474412171507618e-01
9.058171745152354681e-01
9.056865464632455343e-01
9.069444444444444420e-01
9.082058414464534435e-01
9.080779944289693040e-01
9.079497907949790614e-01
9.078212290502792881e-01
9.076923076923076872e-01
9.075630252100840289e-01
9.074333800841514197e-01
9.087078651685392972e-01
9.085794655414908272e-01
9.084507042253521236e-01
9.081920903954802116e-01
9.080622347949081075e-01
9.079320113314447438e-01
9.078014184397162900e-01
9.075391180654338585e-01
9.072753209700428201e-01
9.071428571428571397e-01
9.070100143061516906e-01
9.083094555873925113e-01
9.096126255380201364e-01
9.094827586206896131e-01
9.093525179856115637e-01
9.090909090909090606e-01
9.089595375722543391e-01
9.088277858176555535e-01
9.086956521739130155e-01
9.085631349782292698e-01
9.082969432314410563e-01
9.081632653061224580e-01
9.080291970802919499e-01
9.078947368421053099e-01
9.077598828696925581e-01
9.090909090909090606e-01
9.089574155653450394e-01
9.088235294117646967e-01
9.101620029455080862e-01
9.100294985250737545e-01
9.098966026587888001e-01
9.096296296296296768e-01
9.094955489614243715e-01
9.093610698365527378e-01
9.092261904761904656e-01
9.090909090909090606e-01
9.089552238805970186e-01
9.088191330343796670e-01
9.086826347305388962e-01
9.085457271364317799e-01
9.084084084084084187e-01
9.082706766917293395e-01
9.081325301204818956e-01
9.079939668174962231e-01
9.078549848942598643e-01
9.077155824508320592e-01
9.090909090909090606e-01
9.089529590288315530e-01
9.086757990867579959e-01
9.085365853658536883e-01
9.083969465648854547e-01
9.082568807339449490e-01
9.096477794793261795e-01
9.095092024539876974e-01
9.093701996927803233e-01
9.092307692307691758e-01
9.090909090909090606e-01
9.088098918083462596e-01
9.086687306501547434e-01
9.085271317829457516e-01
9.080996884735202945e-01
9.079563182527301546e-01
9.078125000000000222e-01
9.073783359497644696e-01
9.072327044025156884e-01
9.070866141732283339e-01
9.063492063492063489e-01
9.062003179650238716e-01
9.059011164274322070e-01
9.057507987220447809e-01
9.055999999999999606e-01
9.049919484702093619e-01
9.048387096774193061e-01
9.046849757673667280e-01
9.045307443365695477e-01
9.043760129659643709e-01
9.058441558441558961e-01
9.073170731707317360e-01
9.071661237785015874e-01
9.086460032626427763e-01
9.084967320261437829e-01
9.083469721767594152e-01
9.098360655737705027e-01
9.095394736842105088e-01
9.110378912685337394e-01
9.108910891089109230e-01
9.123966942148760140e-01
9.122516556291391243e-01
9.137645107794361010e-01
9.136212624584717501e-01
9.151414309484192655e-01
9.150000000000000355e-01
9.148580968280467518e-01
9.147157190635450963e-01
9.162479061976549488e-01
9.177852348993288389e-01
9.193277310924369283e-01
9.191919191919192267e-01
9.190556492411466882e-01
9.206081081081081141e-01
9.204737732656513849e-01
9.203389830508474923e-01
9.202037351443124180e-01
9.200680272108843205e-01
9.199318568994889755e-01
9.197952218430034410e-01
9.196581196581196105e-01
9.212328767123287854e-01
9.210977701543738849e-01
9.226804123711340733e-01
9.225473321858863596e-01
9.241379310344827180e-01
9.240069084628670382e-01
9.237435008665511038e-01
9.253472222222222099e-01
9.252173913043478803e-01
9.250871080139372316e-01
9.249563699825480434e-01
9.248251748251747895e-01
9.264448336252188998e-01
9.263157894736842035e-01
9.295774647887323772e-01
9.328621908127208151e-01
9.327433628318584358e-01
9.343971631205674200e-01
9.360568383658969260e-01
9.377224199288256568e-01
9.376114081996435035e-01
9.443447037701975244e-01
9.442446043165467762e-01
9.459459459459459429e-01
9.458483754512635455e-01
9.475587703435804920e-01
9.474637681159420177e-01
9.473684210526315264e-01
9.472727272727272663e-01
9.489981785063752451e-01
9.489051094890510463e-01
9.558823529411765163e-01
9.576427255985267006e-01
9.575645756457564772e-01
9.574861367837338433e-01
9.592592592592592560e-01
9.591836734693877098e-01
9.591078066914497935e-01
9.590316573556797453e-01
9.589552238805970630e-01
9.588785046728971473e-01
9.588014981273408344e-01
9.587242026266415973e-01
9.586466165413534135e-01
9.585687382297551906e-01
9.584905660377358583e-01
9.584120982986767956e-01
9.583333333333333703e-01
9.582542694497153679e-01
9.581749049429657550e-01
9.580952380952381109e-01
9.599236641221373656e-01
9.598470363288719165e-01
9.616858237547892818e-01
9.635316698656429812e-01
9.634615384615384803e-01
9.633911368015414256e-01
9.633204633204632827e-01
9.632495164410057598e-01
9.631782945736434565e-01
9.631067961165048485e-01
9.668615984405457553e-01
9.667968750000000000e-01
9.667318982387475002e-01
9.686274509803921573e-01
9.685658153241650803e-01
9.685039370078739607e-01
9.684418145956606994e-01
9.722772277227722526e-01
9.742063492063491870e-01
9.741550695825049733e-01
9.760956175298804993e-01
9.799999999999999822e-01
9.799599198396793387e-01
9.799196787148594101e-01
9.798792756539235205e-01
9.796334012219959364e-01
9.795918367346938549e-01
9.795081967213115082e-01
9.793814432989690344e-01
9.793388429752065694e-01
9.791666666666666297e-01
9.789473684210526772e-01
9.787234042553191182e-01
9.784017278617710422e-01
9.782608695652174058e-01
9.779735682819383769e-01
9.841269841269840724e-01
1.000000000000000000e+00
