5.000000000000000000e-01
5.013495276653171517e-01
5.014629754670267836e-01
5.072859744990892983e-01
5.074015030744705168e-01
5.075170842824601181e-01
5.076327181590339910e-01
5.075205104831358449e-01
5.086797624486066871e-01
5.087959789810372335e-01
5.089122486288848446e-01
5.091449474165523625e-01
5.092613766293162536e-01
5.093778591033851777e-01
5.094943948753145602e-01
5.097276264591439343e-01
5.099610716739180205e-01
5.101947308132874781e-01
5.104286041714416466e-01
5.107798165137614754e-01
5.112488521579430234e-01
5.113662456946038715e-01
5.123073383942948755e-01
5.125431530494821697e-01
5.128972823583601848e-01
5.127850725639253593e-01
5.157553290083410902e-01
5.238879736408567078e-01
5.263655710569874469e-01
5.264900662251655872e-01
5.338129496402878038e-01
5.340690978886756257e-01
5.341972642188624887e-01
5.343254920787325890e-01
5.344537815126050306e-01
5.345821325648415501e-01
5.349675558759913185e-01
5.350961538461538325e-01
5.352248136571291504e-01
5.353535353535353591e-01
5.354823189800337335e-01
5.362563237774030656e-01
5.378110654747523256e-01
5.387221684414327250e-01
5.388525780682643651e-01
5.389830508474576787e-01
5.391135868248970731e-01
5.390397672162948739e-01
5.391705069124423932e-01
5.393013100436681029e-01
5.394321766561513964e-01
5.395631067961165206e-01
5.394513231366836470e-01
5.393394851869839357e-01
5.392275929074569207e-01
5.393586005830903751e-01
5.396208070004860913e-01
5.397520058351568117e-01
5.404089581304770684e-01
5.408038976857491020e-01
5.411994149195514803e-01
5.414634146341463783e-01
5.415955111002683786e-01
5.421245421245420859e-01
5.437178545187362211e-01
5.438510534051935741e-01
5.437392795883362329e-01
5.438725490196077983e-01
5.442727495707627705e-01
5.441609421000981328e-01
5.442944785276073727e-01
5.444280805105546905e-01
5.445617480972256841e-01
5.446954813359528025e-01
5.453651340054094243e-01
5.454992621741269199e-01
5.457677165354331006e-01
5.468441814595660366e-01
5.484668644906033341e-01
5.483551817956963115e-01
5.484908461157842474e-01
5.486265775798069289e-01
5.487623762376238057e-01
5.490341753343239706e-01
5.491701758731731831e-01
5.493062438057482177e-01
5.491945477075588222e-01
5.500124100273020566e-01
5.501489572989076704e-01
5.505590062111801464e-01
5.506958250497018259e-01
5.505841411881680081e-01
5.507210343112879380e-01
5.522313637496883976e-01
5.523690773067331250e-01
5.579345088161209443e-01
5.580750818846056394e-01
5.582157258064516236e-01
5.586380832282471509e-01
5.587790110998991366e-01
5.589200100933635618e-01
5.592022216611967078e-01
5.599089989888776930e-01
5.600505689001263887e-01
5.603339236023273662e-01
5.606175651733737997e-01
5.616125760649087750e-01
5.623254633155623239e-01
5.630401626842908014e-01
5.631833206203915587e-01
5.636132315521628078e-01
5.637566810893357427e-01
5.639002036659878092e-01
5.637891520244461274e-01
5.639327559857361116e-01
5.640764331210190718e-01
5.639653414882772609e-01
5.641091001784348524e-01
5.643968375414435412e-01
5.645408163265306367e-01
5.654062340316811097e-01
5.655507283414260566e-01
5.656952965235173547e-01
5.658399386346203430e-01
5.661294448708109606e-01
5.662743091095189252e-01
5.664192475044791397e-01
5.671450538185546231e-01
5.672904383491412794e-01
5.671794871794871851e-01
5.673249551166965610e-01
5.674704976911236765e-01
5.677618069815194568e-01
5.679075738125802797e-01
5.680534155110426031e-01
5.681993321346006098e-01
5.686375321336760713e-01
5.687837490357418035e-01
5.696626319855782050e-01
5.706914344685242169e-01
5.708387096774193425e-01
5.709860609189467695e-01
5.708752904725019617e-01
5.710227272727272929e-01
5.709119090674243946e-01
5.710594315245478558e-01
5.716502845318158776e-01
5.717981888745148344e-01
5.719461697722567628e-01
5.718353611183017993e-01
5.719834282755049681e-01
5.737662337662338130e-01
5.784236711180937851e-01
5.787267487555671774e-01
5.788784067085953611e-01
5.790301441677588867e-01
5.794858342077650049e-01
5.797900262467191590e-01
5.800945378151260989e-01
5.805519053876477820e-01
5.807045215562566254e-01
5.819283456269758181e-01
5.820816864295125237e-01
5.822351080653663802e-01
5.826958586125032813e-01
5.830034309844286389e-01
5.831573389651530936e-01
5.833113282281489065e-01
5.834653988378235567e-01
5.839280993920169527e-01
5.845461762370998127e-01
5.871876661350345916e-01
5.875000000000000222e-01
5.876562915669061304e-01
5.878126663118680151e-01
5.877029544849614595e-01
5.875931842385516690e-01
5.877496671105193471e-01
5.882196162046908761e-01
5.883764329512130020e-01
5.885333333333333528e-01
5.888473852721451962e-01
5.890045369629036687e-01
5.893190921228304013e-01
5.894764957264957417e-01
5.897915553180117509e-01
5.899492114407912657e-01
5.898395721925133728e-01
5.897298742979406594e-01
5.896201177100053314e-01
5.897778967085898216e-01
5.899357601713062227e-01
5.900937081659973771e-01
5.899839314408141799e-01
5.898740959014198149e-01
5.897642015005358784e-01
5.896542481908335631e-01
5.901287553648069117e-01
5.904455179817498234e-01
5.913978494623656212e-01
5.912879806399570226e-01
5.917653390742734221e-01
5.920840064620355170e-01
5.922434688930783286e-01
5.921336206896551380e-01
5.922931824306116866e-01
5.924528301886792248e-01
5.926125640334322098e-01
5.927723840345199280e-01
5.929322902616671609e-01
5.928224500809498032e-01
5.927125506072874472e-01
5.928725701943844406e-01
5.930326762084796588e-01
5.931928687196109662e-01
5.933531477978924995e-01
5.935135135135135576e-01
5.936739659367397115e-01
5.938345051379123607e-01
5.944775311315646515e-01
5.946385052802599658e-01
5.947995666305525564e-01
5.946897859658628605e-01
5.948509485094850557e-01
5.950121984277582099e-01
5.949023861171366390e-01
5.950637374559262227e-01
5.952251763429191600e-01
5.955483170466884246e-01
5.957100190062448730e-01
5.956002172732210997e-01
5.954903558815539677e-01
5.953804347826087140e-01
5.955422669203588315e-01
5.961904761904761596e-01
5.963527490473597981e-01
5.965151102640893210e-01
5.968400980659220867e-01
5.970027247956403160e-01
5.971654401744344032e-01
5.974911371693482076e-01
5.976541189307146285e-01
5.978171896316507583e-01
6.008796041781198083e-01
6.089136490250696143e-01
6.107851355127130732e-01
6.106763555058691839e-01
6.108470785574503514e-01
6.111888111888111874e-01
6.113598209289311525e-01
6.115309263923873750e-01
6.129032258064516236e-01
6.130751964085296990e-01
6.135916877281661908e-01
6.134831460674157189e-01
6.136555212138241622e-01
6.138279932546374384e-01
6.140005622715771771e-01
6.141732283464567121e-01
6.143459915611814148e-01
6.142374788970174082e-01
6.144103574444131910e-01
6.145833333333333703e-01
6.147564066460151633e-01
6.146478873239437091e-01
6.148210763595378658e-01
6.149943630214205204e-01
6.148858190019734771e-01
6.152327221438645966e-01
6.166242578456319068e-01
6.171477079796264809e-01
6.173223889046136614e-01
6.174971687429218203e-01
6.176720475785896225e-01
6.180221025786342137e-01
6.181972789115646183e-01
6.180890275021264646e-01
6.187908032926483504e-01
6.189664963089154259e-01
6.191422891224084291e-01
6.192100028417163449e-01
6.191017623649801571e-01
6.198064883323847196e-01
6.222857142857143309e-01
6.221777650757359668e-01
6.220697541452258061e-01
6.224256292906178434e-01
6.226037195994277296e-01
6.227819118488837624e-01
6.226739192671056911e-01
6.225658648339060797e-01
6.227441993698080713e-01
6.229226361031519055e-01
6.231011751218114014e-01
6.232798165137615198e-01
6.234585603670776965e-01
6.236374067699368418e-01
6.238163558106168960e-01
6.237083811710677494e-01
6.236003445305771109e-01
6.237794371051119668e-01
6.241379310344827847e-01
6.250359712230215692e-01
6.252158894645941656e-01
6.253959113158652494e-01
6.252880184331797153e-01
6.254681647940074640e-01
6.256484149855907617e-01
6.258287690977226703e-01
6.260092272202998354e-01
6.257934218118869074e-01
6.259740259740259605e-01
6.261547344110854896e-01
6.263355472133987911e-01
6.262276140958983328e-01
6.261196186073388903e-01
6.263005780346820872e-01
6.264816420930905405e-01
6.263736263736263687e-01
6.265548163147237615e-01
6.267361111111111605e-01
6.272806255430061206e-01
6.271726535341830555e-01
6.273543900318747646e-01
6.272463768115942306e-01
6.277922831447635410e-01
6.279744631456761761e-01
6.283391405342624303e-01
6.287042417199302236e-01
6.288869514675966554e-01
6.292526897353881710e-01
6.294357184409540285e-01
6.296188536514402134e-01
6.298020954598370080e-01
6.299854439592430522e-01
6.301688992428654545e-01
6.303524614040197926e-01
6.305361305361305568e-01
6.307199067327309283e-01
6.309037900874635563e-01
6.310877806940798918e-01
6.312718786464410758e-01
6.314560840385176066e-01
6.316403969643900052e-01
6.318248175182481496e-01
6.320093457943924964e-01
6.321939818872334138e-01
6.323787258912916265e-01
6.321637426900584833e-01
6.327187591454491722e-01
6.326112412177985478e-01
6.331673014942865718e-01
6.340962441314553777e-01
6.342823598473730229e-01
6.340675477239353652e-01
6.342538190364277462e-01
6.344401998236849360e-01
6.346266901822457118e-01
6.348132902087620932e-01
6.350000000000000089e-01
6.353737492642731466e-01
6.355607889314101033e-01
6.357479387514722857e-01
6.359351988217967211e-01
6.361225692398350118e-01
6.363100501031535572e-01
6.364976415094339979e-01
6.366853435564729935e-01
6.368731563421828890e-01
6.370610799645912703e-01
6.374372601121937043e-01
6.376255168340224655e-01
6.378138847858197957e-01
6.380023640661938167e-01
6.381909547738693345e-01
6.383796570076877286e-01
6.385684708666075071e-01
6.391355831853167135e-01
6.393248445365709021e-01
6.395142180094787188e-01
6.397037037037036633e-01
6.398933017190278072e-01
6.400830121553513496e-01
6.402728351126927286e-01
6.404627706911895091e-01
6.406528189910979387e-01
6.408429801127930592e-01
6.410332541567695941e-01
6.412236412236411720e-01
6.414141414141414366e-01
6.417954815695600113e-01
6.416889681831697834e-01
6.418798334324806731e-01
6.420708122582564625e-01
6.422619047619048116e-01
6.424531110449538396e-01
6.426444312090530131e-01
6.428358653559725910e-01
6.430274135876042907e-01
6.432190760059612877e-01
6.434108527131783273e-01
6.436027438115120569e-01
6.437947494033412488e-01
6.439868695911667995e-01
6.441791044776119524e-01
6.443714541654225192e-01
6.445639187574671025e-01
6.447564983567374286e-01
6.455279688902183510e-01
6.457211250748055020e-01
6.459143968871595698e-01
6.461077844311376994e-01
6.463012878107218251e-01
6.464949071300180039e-01
6.466886424932574151e-01
6.468824940047961380e-01
6.470764617691154852e-01
6.472705458908217802e-01
6.476590636254502265e-01
6.478534974482137443e-01
6.480480480480480532e-01
6.482427155301891952e-01
6.484375000000000000e-01
6.486324015629696405e-01
6.488274203247144101e-01
6.490225563909773898e-01
6.492178098676293363e-01
6.494131808606680156e-01
6.496086694762190916e-01
6.498042758205360148e-01
6.500000000000000222e-01
6.501958421211208039e-01
6.505878806150136029e-01
6.511768255884128331e-01
6.533454435361791823e-01
6.539393939393939315e-01
6.543359611885991578e-01
6.545344252350622227e-01
6.547330097087378231e-01
6.549317147192715849e-01
6.551305403764420277e-01
6.557277423275600370e-01
6.561264822134387220e-01
6.563260340632602885e-01
6.565257073319136216e-01
6.567255021302494944e-01
6.569254185692542380e-01
6.568209500609013540e-01
6.570210173621687799e-01
6.572212065813528570e-01
6.574215178299298579e-01
6.576219512195121686e-01
6.574130567419158577e-01
6.576136710405858787e-01
6.584173541093797377e-01
6.586185819070904390e-01
6.588199327422806784e-01
6.590214067278287180e-01
6.591187270501835949e-01
6.587009803921568540e-01
6.589028501379099456e-01
6.591048436541998568e-01
6.593069610548911719e-01
6.595092024539876974e-01
6.597115679656336829e-01
6.599140577041129330e-01
6.601166717838501397e-01
6.603194103194103270e-01
6.605222734254991845e-01
6.609283738087918803e-01
6.613349738541987044e-01
6.615384615384615197e-01
6.617420744844567659e-01
6.619458128078817838e-01
6.621496766245765775e-01
6.620455945779420981e-01
6.624537607891491930e-01
6.626580326857847147e-01
6.628624305983960019e-01
6.630669546436285255e-01
6.629629629629629761e-01
6.631676443346712357e-01
6.633724521309449784e-01
6.632684584491813640e-01
6.634734239802224653e-01
6.636785162287480722e-01
6.642945544554454962e-01
6.645001547508511131e-01
6.647058823529411464e-01
6.649117373799937614e-01
6.651177199504336723e-01
6.653238301828323653e-01
6.661495501085944460e-01
6.663563004345127716e-01
6.665631791369139858e-01
6.667701863354037473e-01
6.669773221497359295e-01
6.671845866998135088e-01
6.673919801056885648e-01
6.675995024875621686e-01
6.674961119751166017e-01
6.677037958929682437e-01
6.679116090880796719e-01
6.685358255451713250e-01
6.689526184538653331e-01
6.691612098534456265e-01
6.695787831513260180e-01
6.699968779269435126e-01
6.702061211742660340e-01
6.704154951577632193e-01
6.706250000000000266e-01
6.708346358236949580e-01
6.710444027517198373e-01
6.709415076634345221e-01
6.711514392991239086e-01
6.713615023474178711e-01
6.715716969317470086e-01
6.717820231756967964e-01
6.719924812030074746e-01
6.722030711375743817e-01
6.724137931034482873e-01
6.723110693007212646e-01
6.727329777219955842e-01
6.731554160125589048e-01
6.733668341708543004e-01
6.735783851712221493e-01
6.734758013827780720e-01
6.736875196479095163e-01
6.738993710691824068e-01
6.741113557722554495e-01
6.740088105726872447e-01
6.739062008183821506e-01
6.741183879093198827e-01
6.745431632010081557e-01
6.747557516545855671e-01
6.749684741488020112e-01
6.751813308104699374e-01
6.750788643533123246e-01
6.752918901861786338e-01
6.751893939393939226e-01
6.750868329649510891e-01
6.765822784810127111e-01
6.764798987021208854e-01
6.766941101963267480e-01
6.773375594294770430e-01
6.777672058357120388e-01
6.779822335025380564e-01
6.781973976515391911e-01
6.786281359161638882e-01
6.788437102922489919e-01
6.790594216714330722e-01
6.789574062301334534e-01
6.791732909379968319e-01
6.793893129770992578e-01
6.796054724785236534e-01
6.798217695735200294e-01
6.800382043935052634e-01
6.802547770700636542e-01
6.806883365200764313e-01
6.809053235575390772e-01
6.813397129186602452e-01
6.817746568783913386e-01
6.816730523627075877e-01
6.815713829447460625e-01
6.817891373801916455e-01
6.816874400767017894e-01
6.819053708439897221e-01
6.854113110539845621e-01
6.885087153001936411e-01
6.889534883720930258e-01
6.888529886914378508e-01
6.887524240465416892e-01
6.891979301423026838e-01
6.894208993853121470e-01
6.896440129449837864e-01
6.898672709614761533e-01
6.897668393782383500e-01
6.899902818270164939e-01
6.906614785992217787e-01
6.905611417450535638e-01
6.912337662337662003e-01
6.914582656706722563e-01
6.913580246913579863e-01
6.915827104322391783e-01
6.918075422626788207e-01
6.917073170731706799e-01
6.919323357189329782e-01
6.918320859095347108e-01
6.917317708333333703e-01
6.919570172582221179e-01
6.921824104234527431e-01
6.926336375488917341e-01
6.930854533594259514e-01
6.933115823817291856e-01
6.935378590078329353e-01
6.937642833823048916e-01
6.939908556499020387e-01
6.942175759555700987e-01
6.944444444444444198e-01
6.946714612618503093e-01
6.948986265533028117e-01
6.962647444298820654e-01
6.964929531301212728e-01
6.967213114754098324e-01
6.969498196129878531e-01
6.971784776902887337e-01
6.974072858549392739e-01
6.973079448456992457e-01
6.972085385878489250e-01
6.971090670170827508e-01
6.973381531383503473e-01
6.975673898750821555e-01
6.977967773758632086e-01
6.980263157894737169e-01
6.982560052648897342e-01
6.981566820276497998e-01
6.980572933816265868e-01
6.979578392621871297e-01
6.981878088962109041e-01
6.984179301252472216e-01
6.986482030992416936e-01
6.991092048828769778e-01
6.993399339933993319e-01
6.995708154506438126e-01
6.998018494055482375e-01
7.002643754130866149e-01
7.001652892561983643e-01
7.003968253968253510e-01
7.008603573792190344e-01
7.010923535253227312e-01
7.009933774834437026e-01
7.008943358728055850e-01
7.011265738899933320e-01
7.013589658601259158e-01
7.015915119363395069e-01
7.014925373134328623e-01
7.017252820172528160e-01
7.021912350597609986e-01
7.020923281301892915e-01
7.019933554817275878e-01
7.022266533732136606e-01
7.024601063829787329e-01
7.026937146657799005e-01
7.029274783765802059e-01
7.031613976705490821e-01
7.043333333333333668e-01
7.045681893964654829e-01
7.048032021347565568e-01
7.050383717050383581e-01
7.052736982643524888e-01
7.055091819699499389e-01
7.052139037433154956e-01
7.054496823804747851e-01
7.056856187290969640e-01
7.061579651941097824e-01
7.066309444072337298e-01
7.068676716917923208e-01
7.067694369973190893e-01
7.066711364398257089e-01
7.069081153588195887e-01
7.068097953706810044e-01
7.070469798657718075e-01
7.072843235985230015e-01
7.075218267293486019e-01
7.074235807860261849e-01
7.073252688172042557e-01
7.072268907563025175e-01
7.074646940147948371e-01
7.077026572485705103e-01
7.081790642881184983e-01
7.080808080808080884e-01
7.079824856854159965e-01
7.082210242587601012e-01
7.084597236265588460e-01
7.086985839514498009e-01
7.086003372681282109e-01
7.085020242914980004e-01
7.089804186360567639e-01
7.092198581560283932e-01
7.091216216216216228e-01
7.093612706995606754e-01
7.096010818120351837e-01
7.098410551234358712e-01
7.100811907983761717e-01
7.103214890016920080e-01
7.108025736539113071e-01
7.110433604336043878e-01
7.112843104032531283e-01
7.120081411126186755e-01
7.129755434782608647e-01
7.132178049609242398e-01
7.141884994896223748e-01
7.144315861130020595e-01
7.146748382703438374e-01
7.149182561307901862e-01
7.151618398637138441e-01
7.154055896387184754e-01
7.153085577906580506e-01
7.155525238744884220e-01
7.167748548001366959e-01
7.170198222829802237e-01
7.172649572649573146e-01
7.175102599179206120e-01
7.174136161477933094e-01
7.173169062286105513e-01
7.175624786032180902e-01
7.178082191780822408e-01
7.183002056202878460e-01
7.185464518340760609e-01
7.192862045298559215e-01
7.200274819649604696e-01
7.202749140893470736e-01
7.205225163286352874e-01
7.207702888583218392e-01
7.210182318541451529e-01
7.212663454920853479e-01
7.217630853994490003e-01
7.220117120220461704e-01
7.222605099931082018e-01
7.227586206896551291e-01
7.226629872369783048e-01
7.225672877846790465e-01
7.228167069382119836e-01
7.230662983425414359e-01
7.233160621761658415e-01
7.238161078465260578e-01
7.240663900414937570e-01
7.243168453822206310e-01
7.242214532871972255e-01
7.241259951540325313e-01
7.246276411499826819e-01
7.248787248787248449e-01
7.251299826689774353e-01
7.253814147018030623e-01
7.258848022206800810e-01
7.263888888888888618e-01
7.266411948593261005e-01
7.265462126476719407e-01
7.267987486965589161e-01
7.270514603616133886e-01
7.269565217391303902e-01
7.272094641614474941e-01
7.277158774373259087e-01
7.279693486590038676e-01
7.282229965156794549e-01
7.284768211920529257e-01
7.283821478382147552e-01
7.286362050924310996e-01
7.285415212840194998e-01
7.287958115183246210e-01
7.287011173184357871e-01
7.289556409360810063e-01
7.292103424178896232e-01
7.291156938133519505e-01
7.293706293706293531e-01
7.292759706190975466e-01
7.295311406578026681e-01
7.297864893244662143e-01
7.300420168067226490e-01
7.302977232924693363e-01
7.302032235459005038e-01
7.304591657903960478e-01
7.307152875175315643e-01
7.309715889161697566e-01
7.312280701754385603e-01
7.314847314847314763e-01
7.313904494382021948e-01
7.316473480857041967e-01
7.319044272663387529e-01
7.318101933216168975e-01
7.325826882477128876e-01
7.328405491024286844e-01
7.330985915492957972e-01
7.333568157802042853e-01
7.336152219873149916e-01
7.338738103630595422e-01
7.337799717912553144e-01
7.340388007054673425e-01
7.339449541284404077e-01
7.342040240028238074e-01
7.344632768361581965e-01
7.347227128223242643e-01
7.349823321554770361e-01
7.352421350300459846e-01
7.357622921825256457e-01
7.360226468506723130e-01
7.362831858407079544e-01
7.365439093484419386e-01
7.368048175699610791e-01
7.370659107016300782e-01
7.373271889400921930e-01
7.378503015253635722e-01
7.383741569045083608e-01
7.386363636363636465e-01
7.388987566607460034e-01
7.396870554765291317e-01
7.399501956599074948e-01
7.402135231316725461e-01
7.404770380918476169e-01
7.403846153846154188e-01
7.409123307198859365e-01
7.411764705882353255e-01
7.410841654778886900e-01
7.413485551195148071e-01
7.416131334760884819e-01
7.418779007497322553e-01
7.417857142857142705e-01
7.420507324044302022e-01
7.425813371469431878e-01
7.428469241773962839e-01
7.431127012522361630e-01
7.430207587687902571e-01
7.432867883995704084e-01
7.435530085959884961e-01
7.440860215053763937e-01
7.443528146288992398e-01
7.454219030520646827e-01
7.456896551724138122e-01
7.459575997125403868e-01
7.467625899280575519e-01
7.466714645555955210e-01
7.469402447804175393e-01
7.472092185812027054e-01
7.471181556195964912e-01
7.473873873873874141e-01
7.476568132660418309e-01
7.479264334655607582e-01
7.481962481962481926e-01
7.481053771201732205e-01
7.483754512635378831e-01
7.486457204767064111e-01
7.491868449584387912e-01
7.497287522603978127e-01
7.500000000000000000e-01
7.502714440825190012e-01
7.505430847212165579e-01
7.508149221296631648e-01
7.510869565217391797e-01
7.513591881116346016e-01
7.516316171138506252e-01
7.519042437431990855e-01
7.518142235123367323e-01
7.517241379310344307e-01
7.519970951343500909e-01
7.518168604651163101e-01
7.520901490367138953e-01
7.520000000000000018e-01
7.519097853765005501e-01
7.521834061135370675e-01
7.527312454479242465e-01
7.530054644808743536e-01
7.532798833819241979e-01
7.546549835706461984e-01
7.545653761869978160e-01
7.548410668615271879e-01
7.551169590643275198e-01
7.553930530164534307e-01
7.556693489392830587e-01
7.559458470545188380e-01
7.562225475841873878e-01
7.564994507506408450e-01
7.564102564102563875e-01
7.566874312935141234e-01
7.569648093841642167e-01
7.572423909057572899e-01
7.571533382245048127e-01
7.574311926605504786e-01
7.573421439060205040e-01
7.572530297466030236e-01
7.575312270389419345e-01
7.578096288129364533e-01
7.577205882352940902e-01
7.579992644354541786e-01
7.582781456953642252e-01
7.585572322414427804e-01
7.588365243004417948e-01
7.591160220994475072e-01
7.593957258658806664e-01
7.599557522123894238e-01
7.602360752489856210e-01
7.605166051660516846e-01
7.607973421926910174e-01
7.610782865583456402e-01
7.613594384927964143e-01
7.616407982261640397e-01
7.619223659889093891e-01
7.622041420118342847e-01
7.624861265260821641e-01
7.627683197631384138e-01
7.626804887078859618e-01
7.625925925925925997e-01
7.625046313449426183e-01
7.627872498146774927e-01
7.630700778642937054e-01
7.633531157270029288e-01
7.642034905310063353e-01
7.641158989598810791e-01
7.643998513563731168e-01
7.646840148698884621e-01
7.652529761904761640e-01
7.655377744696687525e-01
7.658227848101265556e-01
7.661080074487895963e-01
7.663934426229508379e-01
7.663063734625419343e-01
7.665920954511558083e-01
7.668780305856023327e-01
7.671641791044776504e-01
7.670772676371780951e-01
7.673637042569081412e-01
7.676503548748598860e-01
7.679372197309417558e-01
7.678504672897196182e-01
7.681376215407629271e-01
7.680508791619902187e-01
7.679640718562874557e-01
7.682515911643579276e-01
7.685393258426965746e-01
7.684526039715249279e-01
7.683658170914542396e-01
7.686539182602174503e-01
7.689422355588897418e-01
7.692307692307692735e-01
7.695195195195194682e-01
7.698084866691701222e-01
7.700976709241171836e-01
7.703870725291244170e-01
7.703007518796992636e-01
7.702143663031214560e-01
7.705041384499623502e-01
7.707941287165976929e-01
7.710843373493976305e-01
7.713747645951035681e-01
7.712886209495102285e-01
7.715793441387108764e-01
7.718702865761689624e-01
7.717842323651452618e-01
7.720754716981131915e-01
7.723669309173273323e-01
7.722809667673715683e-01
7.725727238383075512e-01
7.728647014361299528e-01
7.727788279773156743e-01
7.730711043872919852e-01
7.736563209689628628e-01
7.735706171904581652e-01
7.738636363636363091e-01
7.737779461917393409e-01
7.740712661106898818e-01
7.739855896852484429e-01
7.742792109256448896e-01
7.745730550284629645e-01
7.748671222475322917e-01
7.747816179263198322e-01
7.746960486322188588e-01
7.746104142911440782e-01
7.749049429657794974e-01
7.748193229364777057e-01
7.751141552511415789e-01
7.757044935262756846e-01
7.756190476190476524e-01
7.759146341463414309e-01
7.762104460541364714e-01
7.768027470431133619e-01
7.770992366412213803e-01
7.770141275295914252e-01
7.773109243697479132e-01
7.772258311043178658e-01
7.781178270849272716e-01
7.780329123612705899e-01
7.783307810107197300e-01
7.782458828035235809e-01
7.785440613026819445e-01
7.788424683786892011e-01
7.791411042944785814e-01
7.790563866513233737e-01
7.789716039907904621e-01
7.792706333973128396e-01
7.795698924731182533e-01
7.798693814829043003e-01
7.804690503652441658e-01
7.803001154290111208e-01
7.802155504234026262e-01
7.801309202926454134e-01
7.804314329738059053e-01
7.807321772639691515e-01
7.810331534309945534e-01
7.809487080601619224e-01
7.812500000000000000e-01
7.811655731377846745e-01
7.810810810810810967e-01
7.813827732715333818e-01
7.816846986089645011e-01
7.819868573637417386e-01
7.819025522041763709e-01
7.818181818181818565e-01
7.817337461300309931e-01
7.820363917924894048e-01
7.823392718822618219e-01
7.826423866718326128e-01
7.829457364341084746e-01
7.832493214424195438e-01
7.835531419705197287e-01
7.833850931677018847e-01
7.833009708737863619e-01
7.836052836052835868e-01
7.834370139968895863e-01
7.833527810190586971e-01
7.832684824902723664e-01
7.831841183339820489e-01
7.834890965732087542e-01
7.837943124269575179e-01
7.840997661730320090e-01
7.840155945419102768e-01
7.838470542333203506e-01
7.841530054644808567e-01
7.844591956267082944e-01
7.847656250000000222e-01
7.853792025019546985e-01
7.856863511928040555e-01
7.856025039123630815e-01
7.855185909980429981e-01
7.858261550509005877e-01
7.857422640031335170e-01
7.860501567398119338e-01
7.869752844252647650e-01
7.872841444270015643e-01
7.875932469572045624e-01
7.875098193244304268e-01
7.881289308176100405e-01
7.884388517499016924e-01
7.883556254917387651e-01
7.886658795749704742e-01
7.889763779527558807e-01
7.888932650649862488e-01
7.892040977147359859e-01
7.895151754040204972e-01
7.894321766561513964e-01
7.893491124260354486e-01
7.896606156274664778e-01
7.899723647848401198e-01
7.905966021335441019e-01
7.909090909090908950e-01
7.908264136022142843e-01
7.907436708860760000e-01
7.906608626830233799e-01
7.909738717339667158e-01
7.908910891089109274e-01
7.912044374009509218e-01
7.915180340864050867e-01
7.913526378421261720e-01
7.912698412698412342e-01
7.915839618896387542e-01
7.915011914217633393e-01
7.921303656597774578e-01
7.924453280318091153e-01
7.922801432550735656e-01
7.917830075787793964e-01
7.920989624900239834e-01
7.930483419896124930e-01
7.933653077537969889e-01
7.936825269892042733e-01
7.943177270908363674e-01
7.946357085668535047e-01
7.952724358974359031e-01
7.955911823647294767e-01
7.959101844426623718e-01
7.975090397750100868e-01
7.974276527331189968e-01
7.977482911137917521e-01
7.983903420523138506e-01
7.987117552334943582e-01
7.986306886830446539e-01
7.992744860943168383e-01
7.995967741935483541e-01
7.999193223073820525e-01
7.995959595959596378e-01
7.999191592562651110e-01
8.002426202992316551e-01
8.005663430420711935e-01
8.004048582995951788e-01
8.003240178209801714e-01
8.006482982171798657e-01
8.005674908796108769e-01
8.004866180048662017e-01
8.004056795131845314e-01
8.007305194805194315e-01
8.010556232237109331e-01
8.009748172217708850e-01
8.011386742578283648e-01
8.009768009768010177e-01
8.013029315960912280e-01
8.016293279022402851e-01
8.013866231647635008e-01
8.017135862913096211e-01
8.016326530612244428e-01
8.026154474867184252e-01
8.032719836400817881e-01
8.036006546644844928e-01
8.033592789840229287e-01
8.043478260869565410e-01
8.046778826425933229e-01
8.045977011494253039e-01
8.045174537987679342e-01
8.044371405094494776e-01
8.047677764077271201e-01
8.046875000000000000e-01
8.050185109008638484e-01
8.049382716049382491e-01
8.056013179571663851e-01
8.055212196126905200e-01
8.058532563891178668e-01
8.057731958762887059e-01
8.056930693069307425e-01
8.056128765992570662e-01
8.055326176713459851e-01
8.054522924411400275e-01
8.053719008264462742e-01
8.057048367093840868e-01
8.056244830438379356e-01
8.059577989242863172e-01
8.062913907284767756e-01
8.062111801242235476e-01
8.065451532725765871e-01
8.064649813510152976e-01
8.063847429519070964e-01
8.067192036499377661e-01
8.070539419087137123e-01
8.073889580738895511e-01
8.077242524916943278e-01
8.080598255089322945e-01
8.083956774729842421e-01
8.087318087318087212e-01
8.090682196339433752e-01
8.094049105285060497e-01
8.093255620316402998e-01
8.096626405664306692e-01
8.095833333333333215e-01
8.099208003334722461e-01
8.109348914858096613e-01
8.112734864300625848e-01
8.116123642439432295e-01
8.119515252820727058e-01
8.122909698996655381e-01
8.122124634044333158e-01
8.121338912133890808e-01
8.120552532440351579e-01
8.119765494137353157e-01
8.123167155425219388e-01
8.122380553227158684e-01
8.121593291404611836e-01
8.120805369127517270e-01
8.120016785564414530e-01
8.123425692695214195e-01
8.126837463250734528e-01
8.130252100840336116e-01
8.137089991589571136e-01
8.136306268405553155e-01
8.135521885521885821e-01
8.138947368421052264e-01
8.138163437236731745e-01
8.137378845343447020e-01
8.140809443507588394e-01
8.144242935470266120e-01
8.147679324894514519e-01
8.154560810810810301e-01
8.158005914659907098e-01
8.161453930684700042e-01
8.160676532769556291e-01
8.164128595600677052e-01
8.167583580194668347e-01
8.171041490262489493e-01
8.170266836086403917e-01
8.173728813559322237e-01
8.172954641797371966e-01
8.176420695504664771e-01
8.179889690284259940e-01
8.179117147707979374e-01
8.178343949044586392e-01
8.181818181818182323e-01
8.185295367615809115e-01
8.188775510204081565e-01
8.188005104210973606e-01
8.187234042553191982e-01
8.190719455087270839e-01
8.189948892674616676e-01
8.188405797101449002e-01
8.187633262260127776e-01
8.186860068259386169e-01
8.190354246692275186e-01
8.189581554227156612e-01
8.188808201623237748e-01
8.188034188034187810e-01
8.187259512612227175e-01
8.186484174508126266e-01
8.189987163029525119e-01
8.189212328767123683e-01
8.188436830835117419e-01
8.187660668380463136e-01
8.186883840548649927e-01
8.186106346483704721e-01
8.189618189618189659e-01
8.193133047210300335e-01
8.192357234864748872e-01
8.191580756013745468e-01
8.195100988397078234e-01
8.198624247635425411e-01
8.197849462365591755e-01
8.201376936316695510e-01
8.200602668962548858e-01
8.199827734711455651e-01
8.203360620422232019e-01
8.202586206896551602e-01
8.201811125485123366e-01
8.205349439171699677e-01
8.204574881312041157e-01
8.208117443868738761e-01
8.215211754537596889e-01
8.218763510592304034e-01
8.225876244050194241e-01
8.229437229437229773e-01
8.233001299263750239e-01
8.236568457538995247e-01
8.235804074555700405e-01
8.239375542064180102e-01
8.242950108459869973e-01
8.257279443720121348e-01
8.260869565217391353e-01
8.264462809917355601e-01
8.282476024411508098e-01
8.281726995202791652e-01
8.285340314136125928e-01
8.288956787429070383e-01
8.288209606986899347e-01
8.291830493665356405e-01
8.295454545454545858e-01
8.294709226060340557e-01
8.298337707786526130e-01
8.301969365426695724e-01
8.305604203152364695e-01
8.309242225142356997e-01
8.312883435582821834e-01
8.316527838667251427e-01
8.320175438596491002e-01
8.323826239578762110e-01
8.327480245829674832e-01
8.326745718050065914e-01
8.326010544815465320e-01
8.329670329670330053e-01
8.328935795954265364e-01
8.328200615926089068e-01
8.327464788732393819e-01
8.326728313518273472e-01
8.330396475770924791e-01
8.334067871308946662e-01
8.332598147331274907e-01
8.331862312444836549e-01
8.335540838852096845e-01
8.334805653710247730e-01
8.334069818824568765e-01
8.337754199823165235e-01
8.341441839893852794e-01
8.340707964601770108e-01
8.344400177069499769e-01
8.348095659875996999e-01
8.351794417368187951e-01
8.351063829787234161e-01
8.350332594235033712e-01
8.354037267080745011e-01
8.353306702174877474e-01
8.352575488454706543e-01
8.351843625055530573e-01
8.351111111111111374e-01
8.354824366385059653e-01
8.354092526690390930e-01
8.353360035603025757e-01
8.357079252003561942e-01
8.356347438752783630e-01
8.360071301247772313e-01
8.359340169415960808e-01
8.358608385370205340e-01
8.357875948237394326e-01
8.357142857142857428e-01
8.356409111210362228e-01
8.355674709562108671e-01
8.354939651318730176e-01
8.354203935599284758e-01
8.353467561521252804e-01
8.352730528200537075e-01
8.351992834751454930e-01
8.351254480286738335e-01
8.350515463917526082e-01
8.354260089686098567e-01
8.358008075370121359e-01
8.357271095152603024e-01
8.361023798832509790e-01
8.360287511230907187e-01
8.367805755395683054e-01
8.371569950517319114e-01
8.375337533753375308e-01
8.379108509680324168e-01
8.382882882882882747e-01
8.386660657954033704e-01
8.385933273219116080e-01
8.385205232295895872e-01
8.388989169675090674e-01
8.388261851015801351e-01
8.387533875338752942e-01
8.386805241753275686e-01
8.386075949367088889e-01
8.389868837630031218e-01
8.389140271493212841e-01
8.387681159420289356e-01
8.386950611690077162e-01
8.386219401631912485e-01
8.385487528344671704e-01
8.389292196007259728e-01
8.393100317748525274e-01
8.392370572207084045e-01
8.391640163562017474e-01
8.390909090909091095e-01
8.390177353342428423e-01
8.393994540491356293e-01
8.397815202548930547e-01
8.397085610200364370e-01
8.400911161731207111e-01
8.400182315405652078e-01
8.399452804377565140e-01
8.398722627737226221e-01
8.397991784573254348e-01
8.397260273972603217e-01
8.401096391046140033e-01
8.404936014625228324e-01
8.408779149519890472e-01
8.412625800548947375e-01
8.416475972540046202e-01
8.420329670329670391e-01
8.419606046724690263e-01
8.418881759853346081e-01
8.422741861531407581e-01
8.422018348623853123e-01
8.425883432767324877e-01
8.429752066115702158e-01
8.428308823529411242e-01
8.432183908045977061e-01
8.431462741490340917e-01
8.435342843994477757e-01
8.434622467771638599e-01
8.437788018433179937e-01
8.441678192715537099e-01
8.440959409594095408e-01
8.440239963082603047e-01
8.444136657433056747e-01
8.448036951501154412e-01
8.447319778188540074e-01
8.451225150254276786e-01
8.455134135060129452e-01
8.459046737621471745e-01
8.462962962962963243e-01
8.466882816118573851e-01
8.470806302131603793e-01
8.474733426054705809e-01
8.474025974025973795e-01
8.481894150417826905e-01
8.481189038550859260e-01
8.485130111524163965e-01
8.484425848442584961e-01
8.488372093023255349e-01
8.487668683108422485e-01
8.486964618249533965e-01
8.490917559385188218e-01
8.498834498834498818e-01
8.502798507462686617e-01
8.502099860009332266e-01
8.506069094304388178e-01
8.510042036431574308e-01
8.517999064983636792e-01
8.517305893358279034e-01
8.521291530182498741e-01
8.529274004683841115e-01
8.533270852858482192e-01
8.537271448663853457e-01
8.536585365853658347e-01
8.535898639136555444e-01
8.535211267605633534e-01
8.534523250352278323e-01
8.538533834586465865e-01
8.537846732487071044e-01
8.537158984007525708e-01
8.536470588235294255e-01
8.535781544256120235e-01
8.539802166745171785e-01
8.543826578699340590e-01
8.543140028288542798e-01
8.547169811320755040e-01
8.555240793201133176e-01
8.563327032136105466e-01
8.562647754137115985e-01
8.561967833491012092e-01
8.561287269285375867e-01
8.560606060606060774e-01
8.559924206537186109e-01
8.563981042654028597e-01
8.563300142247510793e-01
8.567362428842504318e-01
8.566682486948267172e-01
8.574821852731591143e-01
8.574144486692014677e-01
8.573466476462197061e-01
8.572787821122740404e-01
8.572108519752499323e-01
8.570747975226298276e-01
8.570066730219256801e-01
8.569384835479255669e-01
8.568702290076335437e-01
8.568019093078759196e-01
8.566650740563783728e-01
8.565965583173996700e-01
8.570062171209947843e-01
8.569377990430622205e-01
8.577586206896551380e-01
8.576904647819837413e-01
8.576222435282837564e-01
8.574171867498799893e-01
8.573487031700288696e-01
8.572801537722248844e-01
8.572115384615384137e-01
8.571428571428570953e-01
8.570741097208854908e-01
8.570052961001444203e-01
8.569364161849710726e-01
8.573493975903614395e-01
8.572806171648987839e-01
8.572117703810901990e-01
8.576254826254826602e-01
8.575567358763882542e-01
8.574879227053140429e-01
8.574190430159497334e-01
8.573500967117988480e-01
8.577648766328012098e-01
8.576960309777347247e-01
8.581113801452784351e-01
8.580426356589146986e-01
8.579738245273873520e-01
8.579049466537342905e-01
8.578360019408054482e-01
8.577669902912621325e-01
8.576979116075764686e-01
8.576287657920310670e-01
8.574902723735408072e-01
8.574209245742092644e-01
8.582562104237700940e-01
8.581871345029239428e-01
8.581179912237932861e-01
8.577712609970674640e-01
8.581907090464547805e-01
8.586105675146771254e-01
8.585413607440038897e-01
8.584720861900098088e-01
8.593137254901960231e-01
8.592447278077488537e-01
8.591065292096219386e-01
8.590373280943025547e-01
8.598820058997049820e-01
8.598130841121495171e-01
8.602362204724409711e-01
8.601674052191038422e-01
8.614398422090729923e-01
8.618648248643314691e-01
8.617966436327739732e-01
8.622222222222222232e-01
8.620860108749381912e-01
8.620178041543026248e-01
8.624443344878772733e-01
8.623762376237623650e-01
8.628033680039624009e-01
8.632309217046580940e-01
8.636588993554784599e-01
8.640873015873016261e-01
8.640198511166252704e-01
8.639523336643495366e-01
8.638847491306507198e-01
8.638170974155069404e-01
8.637493784186971446e-01
8.641791044776119257e-01
8.646092583374813678e-01
8.645418326693227185e-01
8.644743398106626842e-01
8.644067796610169774e-01
8.648379052369077336e-01
8.652694610778443041e-01
8.657014478282576420e-01
8.661338661338661149e-01
8.669999999999999929e-01
8.668668668668668698e-01
8.667334669338677688e-01
8.666666666666666963e-01
8.671013039117352328e-01
8.670346211741093434e-01
8.669678714859437862e-01
8.669010547463585903e-01
8.668341708542713908e-01
8.667672197083962082e-01
8.672032193158953906e-01
8.671363865123301595e-01
8.680100755667505830e-01
8.679435483870967527e-01
8.678769541099344842e-01
8.683148335015136166e-01
8.682483594144371208e-01
8.681818181818181657e-01
8.681152097018696168e-01
8.680485338725986155e-01
8.679817905918058019e-01
8.684210526315789824e-01
8.683544303797468000e-01
8.682877406281661603e-01
8.687278256462239723e-01
8.691683569979715696e-01
8.696093353627599720e-01
8.700507614213197627e-01
8.698525673614642129e-01
8.697863682604272118e-01
8.711156393275598653e-01
8.710499490316003790e-01
8.709841917389087307e-01
8.709183673469387266e-01
8.708524757529351179e-01
8.707865168539326017e-01
8.712314767501277979e-01
8.716768916155419600e-01
8.716112531969310018e-01
8.715455475946776165e-01
8.714797747055811339e-01
8.714139344262294973e-01
8.713480266529984863e-01
8.712820512820512731e-01
8.717290918419702273e-01
8.721765913757699717e-01
8.720452209660842779e-01
8.724935732647814968e-01
8.733916623777663313e-01
8.733264675592172788e-01
8.737764039155074824e-01
8.742268041237113430e-01
8.746776689014955641e-01
8.746130030959752277e-01
8.745482705214249197e-01
8.744834710743801809e-01
8.744186046511628341e-01
8.743536711478800960e-01
8.752587991718426830e-01
8.761658031088083165e-01
8.761016070502851694e-01
8.765560165975103679e-01
8.769470404984424095e-01
8.800834202294056663e-01
8.805425143453312620e-01
8.804801670146137349e-01
8.804177545691905804e-01
8.803552769070009942e-01
8.802927339257710093e-01
8.802301255230126076e-01
8.801674515960230538e-01
8.801047120418847847e-01
8.800419067574646315e-01
8.799790356394130431e-01
8.799160985841636418e-01
8.798530954879328903e-01
8.797900262467192034e-01
8.811777076761303507e-01
8.816412414518673968e-01
8.821052631578947256e-01
8.820431806213796522e-01
8.819188191881919270e-01
8.818565400843881852e-01
8.817941952506596071e-01
8.827258320126782909e-01
8.836594394500264515e-01
8.835978835978836043e-01
8.835362625727898322e-01
8.834745762711864181e-01
8.834128245892951536e-01
8.838812301166489860e-01
8.837579617834394607e-01
8.836962294211364588e-01
8.836344314558979285e-01
8.841041998936736146e-01
8.839808408728047073e-01
8.838572189664357648e-01
8.837953091684435103e-01
8.837333333333333707e-01
8.836712913553895765e-01
8.841430859583555568e-01
8.846153846153845812e-01
8.850881881346873703e-01
8.855614973262032619e-01
8.855002675227394704e-01
8.859743040685225113e-01
8.859132297803963274e-01
8.873390557939914158e-01
8.872785829307568983e-01
8.877551020408163129e-01
8.882321332616872622e-01
8.881720430107526987e-01
8.886498117267348507e-01
8.885898815931109196e-01
8.890683898761443382e-01
8.890086206896551380e-01
8.889487870619946497e-01
8.888888888888888395e-01
8.888289260658391866e-01
8.887688984881209064e-01
8.892490545650999501e-01
8.891891891891892108e-01
8.891292590589507938e-01
8.890692640692641202e-01
8.890092041147806823e-01
8.889490790899241546e-01
8.888888888888888395e-01
8.893709327548806609e-01
8.893109061313076991e-01
8.892508143322475078e-01
8.897338403041824550e-01
8.896739130434783149e-01
8.896139206090266649e-01
8.895538628944504866e-01
8.894937397931409473e-01
8.894335511982570663e-01
8.904034896401308297e-01
8.903436988543371733e-01
8.908296943231440723e-01
8.913162206444565916e-01
8.911973756150901593e-01
8.916849015317286353e-01
8.916256157635468194e-01
8.915662650602409478e-01
8.920547945205479223e-01
8.919956140350877583e-01
8.924849149753154576e-01
8.929747530186608051e-01
8.934651290499725507e-01
8.934065934065934522e-01
8.933479934029686653e-01
8.938393839383937944e-01
8.937809576224545749e-01
8.937224669603524019e-01
8.936639118457300190e-01
8.936052921719955799e-01
8.934878587196467548e-01
8.933112216694306662e-01
8.932522123893805732e-01
8.931931377974543507e-01
8.931339977851605605e-01
8.930747922437672903e-01
8.930155210643015984e-01
8.929561841375485143e-01
8.928373126041088126e-01
8.933333333333333126e-01
8.938299055030572982e-01
8.937708565072302047e-01
8.937117417918754025e-01
8.942093541202672524e-01
8.940914158305462989e-01
8.940323480200780271e-01
8.945312500000000000e-01
8.944723618090452133e-01
8.944134078212290229e-01
8.940582959641255600e-01
8.945597307908019769e-01
8.945005611672278700e-01
8.944413250982593544e-01
8.943820224719101208e-01
8.943226531759415066e-01
8.942632170978627171e-01
8.941441441441441151e-01
8.940845070422535068e-01
8.945885005636978748e-01
8.945290468133108019e-01
8.944695259593679060e-01
8.944099378881987805e-01
8.941709111488398420e-01
8.941109852774632438e-01
8.946175637393767310e-01
8.945578231292516946e-01
8.944980147475893872e-01
8.944381384790011102e-01
8.949460533787620964e-01
8.948863636363636465e-01
8.948266060261512722e-01
8.947667804323093943e-01
8.952760387023335209e-01
8.952164009111617249e-01
8.951566951566951591e-01
8.950969213226910304e-01
8.956075299486594421e-01
8.953687821612349440e-01
8.953089244851258899e-01
8.952489982827704917e-01
8.951890034364261561e-01
8.951289398280802834e-01
8.956422018348624281e-01
8.955823293172691102e-01
8.955223880597015240e-01
8.954022988505747627e-01
8.953421506612996295e-01
8.952819332566167576e-01
8.950403690888120156e-01
8.949798038084246787e-01
8.949191685912240013e-01
8.948584633160022728e-01
8.947976878612716733e-01
8.947368421052631637e-01
8.946149392009264956e-01
8.945538818076477217e-01
8.944315545243619603e-01
8.943702843876958353e-01
8.943089430894308745e-01
8.942475305055200829e-01
8.941860465116279189e-01
8.941244909831297383e-01
8.946449359720605177e-01
8.945835760046593199e-01
8.951048951048951041e-01
8.950437317784256663e-01
8.949824970828471615e-01
8.949211908931699044e-01
8.948598130841121101e-01
8.947983635300993388e-01
8.947368421052631637e-01
8.952603861907548755e-01
8.951990632318501673e-01
8.951376684241358905e-01
8.956623681125439607e-01
8.956011730205278853e-01
8.961267605633802535e-01
8.960047003525264397e-01
8.959435626102292272e-01
8.958823529411764630e-01
8.958210712183637403e-01
8.957597173144876690e-01
8.956367924528302327e-01
8.955752212389380684e-01
8.955135773317591807e-01
8.960425280567040351e-01
8.959810874704491335e-01
8.958579881656805188e-01
8.957963291888692003e-01
8.957345971563981379e-01
8.956727919383521419e-01
8.956109134045077136e-01
8.961424332344213317e-01
8.960807600950119189e-01
8.966131907308377835e-01
8.965517241379310498e-01
8.964901844140392706e-01
8.964285714285714635e-01
8.963668850506253394e-01
8.963051251489868587e-01
8.962432915921287879e-01
8.961813842482100334e-01
8.967164179104477606e-01
8.966547192353644391e-01
8.965929468021518467e-01
8.971291866028707762e-01
8.970676241771394777e-01
8.976047904191616356e-01
8.975434391851407900e-01
8.974820143884891799e-01
8.974205158968205920e-01
8.973589435774309564e-01
8.972972972972973471e-01
8.972355769230768718e-01
8.971737823211064500e-01
8.971119133574007032e-01
8.970499698976520664e-01
8.969879518072289004e-01
8.975286317058468466e-01
8.974668275030156517e-01
8.973429951690821138e-01
8.970944309927361138e-01
8.970321017565111577e-01
8.969696969696969724e-01
8.969072164948453940e-01
8.968446601941747476e-01
8.967193195625758895e-01
8.966565349544073360e-01
8.965936739659366994e-01
8.971393791844187726e-01
8.970140158439975364e-01
8.969512195121951414e-01
8.968253968253968589e-01
8.967623701893707722e-01
8.973105134474327338e-01
8.972477064220183429e-01
8.971848225214198447e-01
8.971218616044090988e-01
8.970588235294117974e-01
8.969325153374233528e-01
8.968058968058968405e-01
8.967424708051628945e-01
8.966789667896678528e-01
8.972307692307692761e-01
8.971674876847290925e-01
8.966584158415841221e-01
8.965944272445820484e-01
8.965303593556381845e-01
8.970861748295102522e-01
8.970223325062034458e-01
8.968303293971411350e-01
8.967661691542289093e-01
8.967019290603609472e-01
8.966376089663761206e-01
8.971962616822429792e-01
8.968105065666041043e-01
8.973717146433041192e-01
8.973074514715090322e-01
8.972431077694235091e-01
8.969849246231156314e-01
8.969201759899434467e-01
8.968553459119497084e-01
8.967904342353681946e-01
8.967254408060453263e-01
8.972904851921864600e-01
8.972257250945775420e-01
8.969658659924146793e-01
8.975332068311195899e-01
8.974683544303797555e-01
8.972733037412808921e-01
8.972081218274111647e-01
8.971428571428571308e-01
8.970775095298602064e-01
8.970120788302606840e-01
8.969465648854961781e-01
8.975175047740292511e-01
8.980891719745223156e-01
8.980242192479286345e-01
8.979591836734693855e-01
8.985322271857051346e-01
8.991060025542784162e-01
8.990415335463258772e-01
8.989769820971866832e-01
8.988476312419974024e-01
8.987828315182575523e-01
8.993589743589743835e-01
8.992944194996792540e-01
8.992297817715019237e-01
8.998073217726396678e-01
8.997429305912596487e-01
8.996784565916399190e-01
8.996138996138995925e-01
9.001931745009659203e-01
9.001288659793814650e-01
9.007092198581559961e-01
9.012903225806451202e-01
9.011627906976744651e-01
9.010989010989011172e-01
9.016817593790427132e-01
9.022653721682848404e-01
9.040207522697795151e-01
9.039584685269305142e-01
9.038961038961038641e-01
9.038336582196231372e-01
9.036458333333333703e-01
9.035830618892508603e-01
9.034572733202870243e-01
9.033942558746735907e-01
9.039843239712606060e-01
9.045751633986928164e-01
9.045127534336167008e-01
9.043876882776685777e-01
9.043250327653997722e-01
9.042622950819672045e-01
9.048556430446194065e-01
9.047931713722915381e-01
9.047306176084100038e-01
9.046679815910585454e-01
9.052631578947368807e-01
9.052007899934166879e-01
9.051383399209486091e-01
9.050758075148318538e-01
9.062706270627062244e-01
9.068692206076618412e-01
9.068076668869795576e-01
9.067460317460317443e-01
9.073461283917935161e-01
9.072847682119205004e-01
9.072233267064281348e-01
9.084273390842734219e-01
9.102393617021277139e-01
9.108449767132401620e-01
9.114513981358188799e-01
9.120586275816122690e-01
9.126666666666666261e-01
9.138851802403203939e-01
9.138276553106212674e-01
9.144385026737967825e-01
9.143812709030100239e-01
9.149933065595716730e-01
9.162198391420911525e-01
9.161636485580147982e-01
9.161073825503355250e-01
9.160510409670920007e-01
9.159946236559139976e-01
9.158249158249158750e-01
9.164420485175202025e-01
9.163857046527309480e-01
9.163292847503373695e-01
9.175675675675675214e-01
9.175118323191345793e-01
9.174560216508795829e-01
9.174001354096140703e-01
9.180216802168021939e-01
9.186440677966101198e-01
9.192672998643147686e-01
9.192124915139171515e-01
9.198369565217391353e-01
9.197824609109449545e-01
9.197278911564625847e-01
9.196732471068754800e-01
9.196185286103542023e-01
9.195637355146557557e-01
9.194539249146758131e-01
9.193989071038251026e-01
9.193438140806562409e-01
9.192886456908344606e-01
9.199178644763860158e-01
9.198630136986301054e-01
9.204934886908842095e-01
9.204389574759944681e-01
9.203843514070007004e-01
9.210164835164834640e-01
9.216494845360824195e-01
9.215955983493809844e-01
9.215416379903648147e-01
9.221763085399449222e-01
9.228118538938663296e-01
9.234482758620690124e-01
9.233954451345756098e-01
9.233425414364641037e-01
9.232895646164478443e-01
9.232365145228216274e-01
9.231301939058171868e-01
9.237699237699237287e-01
9.244105409153953179e-01
9.250520471894517760e-01
9.250000000000000444e-01
9.249478804725503878e-01
9.248956884561891911e-01
9.248434237995825091e-01
9.247910863509749557e-01
9.247386759581881499e-01
9.246861924686192724e-01
9.246336357292394004e-01
9.245810055865921750e-01
9.258741258741258751e-01
9.258222533240028085e-01
9.264705882352941568e-01
9.264190609670637233e-01
9.270687237026647987e-01
9.277192982456140546e-01
9.276685393258427004e-01
9.276177090653549007e-01
9.275668073136427161e-01
9.275158339197747681e-01
9.281690140845070269e-01
9.281183932346722676e-01
9.280677009873060657e-01
9.287226534932957467e-01
9.293785310734463678e-01
9.293286219081272614e-01
9.306440198159943167e-01
9.326241134751772632e-01
9.339488636363636465e-01
9.339019189765458417e-01
9.338549075391180398e-01
9.345195729537366658e-01
9.344729344729344467e-01
9.351389878831076752e-01
9.364739471805852977e-01
9.371428571428571663e-01
9.370979270907791037e-01
9.370529327610872539e-01
9.397417503586800169e-01
9.396984924623115187e-01
9.396551724137931494e-01
9.403306973400431534e-01
9.402877697841726112e-01
9.402447804175666501e-01
9.409221902017290695e-01
9.408795962509012289e-01
9.408369408369408049e-01
9.415162454873645670e-01
9.428778018799710559e-01
9.435600578871201627e-01
9.435191889934829712e-01
9.434782608695652106e-01
9.434372733865119542e-01
9.441219158200290229e-01
9.461818181818182349e-01
9.475600873998543117e-01
9.475218658892128332e-01
9.474835886214442171e-01
9.474452554744525745e-01
9.502196193265007862e-01
9.509157509157508681e-01
9.508797653958944718e-01
9.508437270726338708e-01
9.515418502202642737e-01
9.515062454077883869e-01
9.522058823529411242e-01
9.521707137601177484e-01
9.528718703976435389e-01
9.528371407516580405e-01
9.542435424354243079e-01
9.549483013293943445e-01
9.556541019955654415e-01
9.556213017751479244e-01
9.555884529977793918e-01
9.555555555555556024e-01
9.555226093402520160e-01
9.554896142433234596e-01
9.554565701559020185e-01
9.554234769687964812e-01
9.561338289962825199e-01
9.561011904761904656e-01
9.560685033507073660e-01
9.560357675111773590e-01
9.560029828486203973e-01
9.559701492537313605e-01
9.559372666168782784e-01
9.559043348281016650e-01
9.558713537771129642e-01
9.558383233532934398e-01
9.558052434456928426e-01
9.557721139430285229e-01
9.557389347336834318e-01
9.557057057057056770e-01
9.556724267468068579e-01
9.556390977443609547e-01
9.556057185854025526e-01
9.563253012048192891e-01
9.562923888470233891e-01
9.562594268476621862e-01
9.562264150943395880e-01
9.561933534743202179e-01
9.561602418745276388e-01
9.561270801815431319e-01
9.560938682816048084e-01
9.560606060606060552e-01
9.560272934040939807e-01
9.567526555386950404e-01
9.567198177676538018e-01
9.574468085106383475e-01
9.574144486692015565e-01
9.573820395738203981e-01
9.573170731707316694e-01
9.572845156369184094e-01
9.580152671755725047e-01
9.579831932773109626e-01
9.579510703363914859e-01
9.586840091813313425e-01
9.586523736600306433e-01
9.593869731800765965e-01
9.593558282208588528e-01
9.600920951650038226e-01
9.600614439324116622e-01
9.600307455803228640e-01
9.599999999999999645e-01
9.599692070823711010e-01
9.599383667180276802e-01
9.606784888203546702e-01
9.606481481481481399e-01
9.606177606177606076e-01
9.605873261205564173e-01
9.620743034055727616e-01
9.620449264136328171e-01
9.635376260667183335e-01
9.635093167701863637e-01
9.634809634809634593e-01
9.642301710730948328e-01
9.642023346303502107e-01
9.641744548286604877e-01
9.641465315666406521e-01
9.648985959438377558e-01
9.648711943793910617e-01
9.648437500000000000e-01
9.648162627052384588e-01
9.647887323943662441e-01
9.647611589663273035e-01
9.647335423197491711e-01
9.646781789638932958e-01
9.654359780047132578e-01
9.677165354330709013e-01
9.692429022082018619e-01
9.715415019762846383e-01
9.730799683293744895e-01
9.746233148295003756e-01
9.746031746031745824e-01
9.745627980922098033e-01
9.768924302788845049e-01
9.784345047923322936e-01
9.792166266986410683e-01
9.791999999999999593e-01
9.791833466773418593e-01
9.791499599037690738e-01
9.799357945425360983e-01
9.807228915662650204e-01
9.823008849557521849e-01
9.854721549636803468e-01
9.854604200323101582e-01
9.854251012145749389e-01
9.854132901134521338e-01
9.854014598540146164e-01
9.853181076672103966e-01
9.853061224489796377e-01
9.852941176470588758e-01
9.852700490998362870e-01
9.852337981952420387e-01
9.851729818780889936e-01
9.851607584501236303e-01
9.851485148514851353e-01
9.851116625310173402e-01
9.850869925434962981e-01
9.850622406639004680e-01
9.850124895920067125e-01
9.849372384937238323e-01
9.847715736040608681e-01
9.844559585492227427e-01
9.842381786339754468e-01
9.840425531914893664e-01
9.871677360219981434e-01
1.000000000000000000e+00
