5.000000000000000000e-01
5.011867582760775042e-01
5.011873515810523205e-01
5.070814365199797225e-01
5.071455672189199015e-01
5.072097141411585630e-01
5.075949367088608000e-01
5.076591973667552438e-01
5.077234742972904780e-01
5.079164027865737951e-01
5.078540663795287902e-01
5.090793650793651315e-01
5.091440182880365706e-01
5.092086879207418093e-01
5.092733739837398410e-01
5.093380764832931007e-01
5.095322826639552272e-01
5.096618357487923134e-01
5.097266369993642687e-01
5.097914547304170929e-01
5.098562889482385341e-01
5.099860068693550241e-01
5.100508905852417785e-01
5.101807075591753282e-01
5.102456408298332580e-01
5.103105906313645246e-01
5.105055392843499407e-01
5.105705552725420260e-01
5.106355878232072820e-01
5.108307849133537637e-01
5.111564452377916901e-01
5.113520408163265696e-01
5.117436813888179836e-01
5.118090131494956729e-01
5.118743615934626678e-01
5.119397267271101892e-01
5.127254124568358939e-01
5.128565946015095633e-01
5.133162612035852002e-01
5.132539377641183176e-01
5.162952466829834330e-01
5.246760047126587390e-01
5.274378207658902973e-01
5.275072387470386426e-01
5.338305807139052117e-01
5.339728217426059631e-01
5.340439706862092351e-01
5.341151385927505046e-01
5.343287561658445206e-01
5.343999999999999861e-01
5.344712628350446471e-01
5.345425446785809775e-01
5.347565043362241255e-01
5.348278622898318124e-01
5.350420504605526428e-01
5.351849379089330672e-01
5.352564102564102422e-01
5.353279016962735337e-01
5.353994122361741548e-01
5.361155698234350009e-01
5.381310418904403647e-01
5.392895586652314277e-01
5.393621316108195840e-01
5.393727284964329183e-01
5.395286195286195241e-01
5.396012931034482873e-01
5.396739862589249315e-01
5.397466990029641254e-01
5.398194313434847569e-01
5.398921832884097105e-01
5.399649548456665338e-01
5.398839249561344644e-01
5.398218142548596443e-01
5.398946942081814804e-01
5.399675938428301070e-01
5.401134521880064376e-01
5.401864109144941528e-01
5.404054054054053813e-01
5.404784430328423150e-01
5.405515004055150285e-01
5.404272579772849694e-01
5.403651115618661738e-01
5.403029483364890639e-01
5.403760313810360705e-01
5.403138528138528018e-01
5.403869571099986224e-01
5.405332250642846947e-01
5.407527755212564458e-01
5.408259986459038604e-01
5.408992416034669182e-01
5.410457870495800625e-01
5.411190895542609125e-01
5.411924119241192654e-01
5.418532085198751735e-01
5.420738327904451870e-01
5.422946367956551494e-01
5.425893221029751690e-01
5.426630434782608869e-01
5.435492651061513136e-01
5.456284153005463988e-01
5.457029648859134108e-01
5.456408854878381787e-01
5.455787891212245944e-01
5.456533624931656501e-01
5.458025704129068068e-01
5.458772049774374135e-01
5.459518599562362962e-01
5.464002189980837754e-01
5.468493150684931026e-01
5.467872311275516761e-01
5.469370974373030103e-01
5.470120614035087758e-01
5.472370766488413585e-01
5.473121228743829114e-01
5.473871896859141550e-01
5.474622770919067571e-01
5.479132344865458304e-01
5.479884662913634408e-01
5.481389918967174424e-01
5.490438849910579400e-01
5.501792114695340796e-01
5.502550668688818147e-01
5.503309431880860636e-01
5.502689284236657041e-01
5.504207476893364648e-01
5.504966887417218624e-01
5.505106265525807618e-01
5.507386442082010669e-01
5.508146920740126795e-01
5.508907609446208609e-01
5.509668508287293154e-01
5.511190936722851763e-01
5.511952466491639724e-01
5.514238319048935244e-01
5.515000691276095157e-01
5.515763274336282773e-01
5.517289073305671199e-01
5.518052289389957510e-01
5.517432208079690037e-01
5.518959313589814064e-01
5.531206657420250083e-01
5.531973921487030044e-01
5.532741398446170411e-01
5.537350735906693133e-01
5.539658285873038102e-01
5.539038621839399434e-01
5.539808253438932573e-01
5.553698286669452866e-01
5.554471997770966674e-01
5.603654251581166035e-01
5.604441945459657237e-01
5.605229860818220500e-01
5.606017997750281090e-01
5.606806356349317566e-01
5.606188466947961135e-01
5.609344216155361940e-01
5.610133708655876683e-01
5.610923423423422873e-01
5.611713360551879859e-01
5.612503520135173618e-01
5.614875334554162434e-01
5.620417371686406982e-01
5.622002820874471007e-01
5.623589164785552930e-01
5.625970359915314356e-01
5.633922261484098915e-01
5.640299985849723807e-01
5.649893692416725344e-01
5.650694641338247504e-01
5.651495817382674591e-01
5.654702794722655801e-01
5.654086265607264350e-01
5.654888605080176101e-01
5.655691172296338776e-01
5.657296990346394328e-01
5.656680391878461389e-01
5.657483669412098903e-01
5.658287175117170387e-01
5.657670454545454808e-01
5.657053558744139510e-01
5.657857345836885266e-01
5.658661361375586507e-01
5.659465605457646431e-01
5.658848614072494732e-01
5.659653113448962491e-01
5.660457841603867557e-01
5.659840728100113960e-01
5.661450924608819602e-01
5.662256366481718262e-01
5.663062037564029483e-01
5.676793610041364069e-01
5.677603423680456229e-01
5.678413468397773833e-01
5.679223744292237752e-01
5.680034251462823258e-01
5.680844990008564466e-01
5.681655960028551000e-01
5.683278594887904989e-01
5.684090259925735911e-01
5.684902156834737985e-01
5.685714285714286165e-01
5.688965122927387430e-01
5.689778413152251080e-01
5.690591935945096269e-01
5.695477962220950596e-01
5.696293115786460470e-01
5.697108502719725465e-01
5.697924123120973183e-01
5.697308132875142928e-01
5.698124015466131675e-01
5.698940131767401551e-01
5.700573065902578840e-01
5.701389883937526548e-01
5.702206936084838196e-01
5.701590941665471979e-01
5.702408256880734383e-01
5.701792114695340974e-01
5.701175795813019365e-01
5.701993403126344173e-01
5.706903975886321589e-01
5.707723227103072006e-01
5.708542713567839044e-01
5.709362435381963863e-01
5.718394937437077941e-01
5.731584258324924352e-01
5.732410611303344616e-01
5.733237202595530269e-01
5.734891100533680008e-01
5.734275822273514622e-01
5.733660366469485181e-01
5.734487734487734301e-01
5.733872131620724177e-01
5.734699769053117624e-01
5.740499927756104181e-01
5.742159271571036783e-01
5.742989303266839984e-01
5.744650086755349605e-01
5.745480838756327202e-01
5.744865490309516431e-01
5.746527777777777901e-01
5.747359282303573513e-01
5.748191027496382111e-01
5.762367619323951473e-01
5.808715998830067395e-01
5.809565598946906384e-01
5.811265544989027143e-01
5.812115891132572099e-01
5.812966486170056957e-01
5.818075289292514718e-01
5.819780219780219532e-01
5.820633059788979935e-01
5.820020518833357581e-01
5.821727019498607048e-01
5.824288647697272170e-01
5.825143024790964130e-01
5.833700602321140183e-01
5.834557743167793076e-01
5.835415135929463704e-01
5.838847228348772456e-01
5.840564788939549556e-01
5.841423948220064721e-01
5.842283360306017581e-01
5.843143025309005534e-01
5.844863114512804936e-01
5.845723538937140917e-01
5.849167771394903070e-01
5.856068426485768752e-01
5.879478827361563908e-01
5.880349474307715596e-01
5.881220379146919752e-01
5.882962962962963172e-01
5.884706579727326803e-01
5.889070146818923268e-01
5.889943636902995605e-01
5.890817386144489021e-01
5.891691394658753467e-01
5.892565662561211060e-01
5.891956070050460292e-01
5.891346296571173813e-01
5.892220902612826938e-01
5.893095768374164711e-01
5.897473997028231940e-01
5.898350423539902021e-01
5.900981266726137431e-01
5.901858736059479860e-01
5.902736466389053582e-01
5.905371224520160611e-01
5.906249999999999556e-01
5.908008335814229905e-01
5.909767718880285514e-01
5.910647803425167490e-01
5.911528150134047754e-01
5.912408759124088142e-01
5.914170764416629700e-01
5.915052160953799820e-01
5.914443285139364681e-01
5.916206947964812723e-01
5.917089173874142682e-01
5.917971662938106281e-01
5.917362768496420289e-01
5.916753692376547358e-01
5.917636526410027242e-01
5.918519623936725482e-01
5.917910447761194348e-01
5.918793849828332121e-01
5.920561445423323521e-01
5.921445639187574717e-01
5.920836445108289547e-01
5.921720944129070796e-01
5.922605707455550483e-01
5.921996413628213274e-01
5.922881482588552293e-01
5.922272047832586317e-01
5.921662430856630133e-01
5.921052631578946901e-01
5.920442649917750932e-01
5.921328148369727762e-01
5.920718025430067311e-01
5.920107719928187073e-01
5.919497231782133717e-01
5.922155688622754433e-01
5.921545141488246955e-01
5.923318855773550551e-01
5.928646379853095283e-01
5.928035982008995619e-01
5.930703464826758697e-01
5.930093009300929641e-01
5.931872749099640352e-01
5.932763019660813875e-01
5.932152506754728716e-01
5.933043086623630558e-01
5.934825048806127157e-01
5.935716431360769096e-01
5.936608081718491858e-01
5.935997596153845812e-01
5.939567047504510366e-01
5.940460081190798158e-01
5.939849624060150601e-01
5.939238983305760167e-01
5.940132370637786208e-01
5.941026026778998270e-01
5.942814145974416595e-01
5.943708609271523002e-01
5.944603341863615720e-01
5.945498343872327451e-01
5.946393615419364176e-01
5.947289156626506257e-01
5.948184967615605112e-01
5.949081048508586544e-01
5.949977399427451852e-01
5.950874020494273386e-01
5.950263752825922792e-01
5.957446808510638014e-01
5.958345910051312533e-01
5.961945031712473364e-01
5.962845491617579929e-01
5.963746223564955207e-01
5.964647227677897234e-01
5.964037473556965674e-01
5.964938794015415269e-01
5.965840386940749474e-01
5.966742252456538331e-01
5.967644390686422939e-01
5.967034628761530568e-01
5.966424682395644608e-01
5.967327181969445116e-01
5.968229954614220345e-01
5.969133000453926696e-01
5.970036319612590514e-01
5.971843778383287837e-01
5.973652331920048519e-01
5.974557019536573810e-01
5.973947288700394154e-01
5.973337373125283678e-01
5.972727272727272885e-01
5.973632368540687798e-01
5.974537738708699530e-01
5.975443383356070504e-01
5.981790591805766777e-01
5.982698436788587149e-01
5.983606557377049162e-01
5.985423625873064202e-01
5.986332574031890674e-01
5.985722964763061649e-01
5.986632234543520781e-01
5.989361702127659060e-01
5.991182730313164839e-01
5.992093659723277677e-01
5.993004866180048351e-01
6.028803431898268617e-01
6.111197390899207882e-01
6.124863770823603115e-01
6.124260355029585989e-01
6.127122604767097913e-01
6.128077282642567791e-01
6.129032258064516236e-01
6.129987531172069737e-01
6.129384255650818236e-01
6.132252027448533704e-01
6.134165366614664494e-01
6.135122484006865218e-01
6.152401815052417344e-01
6.153364632237872112e-01
6.154327750821725340e-01
6.155291170945522694e-01
6.156254892750899765e-01
6.157218916379579854e-01
6.158183241973375077e-01
6.161078031964901669e-01
6.160476414355117170e-01
6.161442006269592930e-01
6.162407900924909976e-01
6.163374098463467732e-01
6.164340599027755552e-01
6.165307402760351607e-01
6.166274509803921777e-01
6.167241920301224090e-01
6.166640514671269946e-01
6.167608286252354022e-01
6.168576361638675731e-01
6.167974882260596203e-01
6.168943319202386810e-01
6.169912060301507850e-01
6.170881105701272462e-01
6.170279610430411399e-01
6.171249018067557213e-01
6.172218730358265404e-01
6.173188747446173297e-01
6.172587236718013459e-01
6.175499292341563029e-01
6.187175043327556301e-01
6.188150015757958311e-01
6.187549251379038662e-01
6.190476190476190688e-01
6.191452452294591291e-01
6.192429022082018841e-01
6.193405899984224527e-01
6.195360580716426924e-01
6.196338383838383423e-01
6.195737963693764838e-01
6.195137353962740789e-01
6.194536554555503116e-01
6.203352308665401882e-01
6.205314773805757911e-01
6.206296472077202919e-01
6.206077872744539814e-01
6.207060313439923815e-01
6.206459784673844515e-01
6.207442596991290529e-01
6.214331008243499932e-01
6.233105422165685638e-01
6.232506361323155719e-01
6.231907109909337050e-01
6.233890214797136453e-01
6.234882240611075988e-01
6.234282985834792568e-01
6.235275390003183205e-01
6.236268110173539547e-01
6.237261146496815289e-01
6.238254499124064045e-01
6.237055918432372614e-01
6.238049713193116741e-01
6.239043824701194785e-01
6.238444373605355198e-01
6.237844731388489938e-01
6.238839285714286031e-01
6.239834157231701761e-01
6.239234449760765466e-01
6.240229701706810905e-01
6.239629865985960588e-01
6.239029838838359154e-01
6.238429620172358803e-01
6.239425379090183243e-01
6.240421455938697237e-01
6.241417850870190076e-01
6.242414564037048752e-01
6.243411595591757957e-01
6.244408945686901191e-01
6.246404602109300042e-01
6.247402908742208938e-01
6.248401534526853984e-01
6.249400479616307180e-01
6.251399328322405635e-01
6.252399232245681171e-01
6.251799712046072210e-01
6.253800608097295211e-01
6.253201024327784685e-01
6.254202016968144484e-01
6.253602305475504108e-01
6.253002401921536890e-01
6.255005606279032682e-01
6.257010094536131772e-01
6.258012820512820484e-01
6.263031275060144676e-01
6.264035931985884043e-01
6.265040911278677571e-01
6.266046213093710016e-01
6.267051837586262719e-01
6.268057784911716945e-01
6.267458661101300565e-01
6.266859344894026851e-01
6.267865745945078171e-01
6.268872470285897780e-01
6.269879518072288827e-01
6.270886889460154379e-01
6.270287642616101387e-01
6.267888728091333128e-01
6.268896751366999087e-01
6.270913770913770779e-01
6.271922767497988271e-01
6.271322819439973939e-01
6.272332206663447929e-01
6.273341918866709443e-01
6.274351956206729586e-01
6.272551546391752497e-01
6.271951023038504491e-01
6.272961650016113389e-01
6.273972602739725790e-01
6.273372018052869592e-01
6.274383362888924509e-01
6.275395033860045046e-01
6.276407031124012770e-01
6.277419354838709165e-01
6.278432005162123408e-01
6.279444982252339047e-01
6.286544984655144663e-01
6.285945072697899372e-01
6.286960736791080695e-01
6.287976729153199607e-01
6.288993049943429892e-01
6.287793047696038640e-01
6.290844386929795862e-01
6.291862158226824153e-01
6.293898689108270439e-01
6.294917449012625843e-01
6.296955958549222965e-01
6.300016199578810649e-01
6.301036941023979709e-01
6.303079416531605084e-01
6.304101150915869534e-01
6.305123216601815628e-01
6.306145613750607781e-01
6.307168342523515880e-01
6.308191403081914173e-01
6.309214795587281266e-01
6.310238520201201240e-01
6.311262577085361425e-01
6.312286966401557953e-01
6.313311688311687986e-01
6.315362130561871234e-01
6.316387851226246131e-01
6.317413905133203444e-01
6.318440292445166584e-01
6.319467013324666649e-01
6.320494067934341320e-01
6.321521456436931530e-01
6.322549178995284791e-01
6.324605626931207869e-01
6.325634352635003399e-01
6.326663413047014517e-01
6.327692808330621643e-01
6.328722538649308449e-01
6.329752604166666297e-01
6.330783005046394241e-01
6.330021176087310408e-01
6.333116036505866964e-01
6.332518337408312714e-01
6.331920443430062440e-01
6.332952877873797570e-01
6.339154561775747210e-01
6.348479895390650718e-01
6.349517737452999855e-01
6.350555918901242825e-01
6.351594439901880884e-01
6.349803664921466195e-01
6.350842742595319557e-01
6.351882160392798848e-01
6.352921918480929353e-01
6.352324819908317100e-01
6.353364990993941586e-01
6.354405502784147286e-01
6.355446355446355833e-01
6.356487549148099880e-01
6.357529084057020885e-01
6.359613178167513592e-01
6.360655737704917767e-01
6.361698639121167176e-01
6.362741882584453945e-01
6.363785468263080114e-01
6.363188976377952555e-01
6.364232977850696749e-01
6.366322008862629334e-01
6.367367038739329965e-01
6.366770645214250290e-01
6.367816091954022761e-01
6.368861882082443859e-01
6.369908015768724896e-01
6.370954493182191536e-01
6.372001314492277135e-01
6.373048479868529403e-01
6.375143843498274343e-01
6.376192042091417544e-01
6.377240585430028474e-01
6.379338707024181376e-01
6.380388285620269828e-01
6.381438209642915638e-01
6.382488479262672376e-01
6.383539094650205747e-01
6.382943694435297965e-01
6.385046113306982463e-01
6.386097842200625374e-01
6.387149917627676921e-01
6.388202339759433412e-01
6.389255108767304403e-01
6.390308224822811578e-01
6.391361688097593197e-01
6.392415498763396320e-01
6.393469656992084582e-01
6.394524162955632640e-01
6.395579016826129504e-01
6.396634218775779646e-01
6.399801914823374238e-01
6.400858510813933755e-01
6.401915455746367556e-01
6.402972749793559570e-01
6.402378592666005952e-01
6.403436312572278188e-01
6.404494382022472010e-01
6.405552801189885459e-01
6.406611570247934262e-01
6.407670689370144057e-01
6.409789978501736485e-01
6.410850148858749931e-01
6.412971542025148741e-01
6.414032765182856588e-01
6.415094339622641195e-01
6.416156265518954127e-01
6.417218543046357970e-01
6.418281172379532995e-01
6.421471172962226470e-01
6.422535211267605959e-01
6.424664346096469192e-01
6.424071618037134890e-01
6.423478693417343788e-01
6.424543946932006477e-01
6.426675514266755318e-01
6.427741828438692240e-01
6.430942895086321220e-01
6.432010625933920478e-01
6.433078711391564397e-01
6.435215946843854118e-01
6.436285097192224747e-01
6.437354602858091912e-01
6.436762506232341918e-01
6.436170212765957022e-01
6.437240232751454405e-01
6.438310608579980165e-01
6.437718277066356576e-01
6.438789088489687007e-01
6.440931780366057069e-01
6.442003661174904305e-01
6.444148493424338708e-01
6.445221445221445133e-01
6.446294754371356683e-01
6.445702864756829298e-01
6.446776611694152725e-01
6.447850716427857565e-01
6.448925179136810737e-01
6.454302868579052666e-01
6.456456456456456383e-01
6.457533789420991654e-01
6.458611481975967683e-01
6.460767946577629095e-01
6.460176991150442527e-01
6.461255845023380351e-01
6.462335059295138961e-01
6.463414634146341653e-01
6.465574866310160873e-01
6.468817923424176053e-01
6.468227424749163346e-01
6.469309249038300846e-01
6.470391435262630164e-01
6.471473983603814872e-01
6.475807801774652317e-01
6.476892163429336380e-01
6.477976888293418556e-01
6.479061976549413959e-01
6.480147428379963159e-01
6.482319423495893629e-01
6.483405967147167770e-01
6.484492875104778120e-01
6.485580147551978092e-01
6.486667784672145443e-01
6.486078497148607402e-01
6.487166582788123081e-01
6.488255033557046580e-01
6.489343849639200856e-01
6.491522578479099748e-01
6.493702770780855893e-01
6.494793416190796087e-01
6.494204602721317388e-01
6.495295698924731242e-01
6.494706771971097137e-01
6.495798319327731329e-01
6.496890233652714564e-01
6.497982515131136561e-01
6.499075163948209166e-01
6.500168180289269682e-01
6.501261564339780863e-01
6.503449436311626863e-01
6.510021896580764356e-01
6.528716216216216006e-01
6.529819226220645589e-01
6.529232848935451194e-01
6.530336319080615182e-01
6.535859269282814354e-01
6.536964980544747172e-01
6.539177525808089753e-01
6.538591740013540710e-01
6.539698662603690149e-01
6.540805960040636524e-01
6.541913632514817500e-01
6.544130103337285620e-01
6.545238902067095355e-01
6.546348076597187093e-01
6.547457627118643542e-01
6.550788536544005503e-01
6.554122836783169426e-01
6.555235024605463590e-01
6.556347589952478128e-01
6.557460533016465920e-01
6.556876061120543442e-01
6.557989471896756850e-01
6.559103260869565410e-01
6.560217428231697179e-01
6.561331974176011217e-01
6.560747663551401709e-01
6.560163154316791534e-01
6.561278259391466472e-01
6.562393743624617137e-01
6.563509607209657704e-01
6.562925170068026892e-01
6.562340534104439405e-01
6.563456958149029852e-01
6.564573762123532275e-01
6.565690946221919289e-01
6.566808510638297847e-01
6.565639366592882498e-01
6.566757493188011274e-01
6.566172713336739797e-01
6.567291311754684946e-01
6.568410291361390652e-01
6.567240497698993984e-01
6.568360040913739928e-01
6.570600272851295776e-01
6.571720961964864216e-01
6.576207543949479373e-01
6.577330146807783828e-01
6.578453133003243636e-01
6.580700256191289732e-01
6.581824393577041521e-01
6.582948915086280772e-01
6.584073820915926634e-01
6.584615384615384315e-01
6.585741152333732806e-01
6.583404619332763330e-01
6.584531143052703150e-01
6.585658052370357840e-01
6.587913028590994813e-01
6.589041095890411093e-01
6.590169549580408015e-01
6.591298389859541196e-01
6.592427616926502809e-01
6.593557230980123807e-01
6.594687232219366146e-01
6.595817620843331675e-01
6.596948397051259905e-01
6.599211113016635322e-01
6.602608098833219197e-01
6.603741204736570669e-01
6.604874699622382828e-01
6.606008583690987646e-01
6.607142857142856984e-01
6.608277520178602593e-01
6.609412572998969448e-01
6.610548015804844635e-01
6.609965635738831446e-01
6.612237882433825709e-01
6.613374591713941930e-01
6.614511691884457090e-01
6.615649183147033208e-01
6.616787065703474413e-01
6.617925339755720282e-01
6.617343427391603194e-01
6.618482188951987366e-01
6.619621342512909123e-01
6.620760888276812084e-01
6.620179063360881466e-01
6.621319097640778750e-01
6.622459524629693561e-01
6.623600344530576889e-01
6.624741557546519610e-01
6.628167557317703462e-01
6.629310344827585855e-01
6.630453526470081460e-01
6.631597102449120484e-01
6.632741072968777463e-01
6.633885438233264598e-01
6.635030198446937311e-01
6.636175353814290911e-01
6.635594683238391633e-01
6.635013812154696433e-01
6.636159557934726561e-01
6.643042350907519822e-01
6.646489104116223290e-01
6.645909012281612238e-01
6.647058823529411464e-01
6.646478629520677917e-01
6.647628937348563083e-01
6.648779643413536000e-01
6.649930747922437879e-01
6.651082251082250929e-01
6.652234153100103908e-01
6.653386454183266574e-01
6.652806652806653176e-01
6.652226650493848759e-01
6.653379549393414472e-01
6.654532847980585419e-01
6.653952843273231998e-01
6.655106641234610487e-01
6.658570437196391634e-01
6.663194444444444642e-01
6.664351449904497571e-01
6.666666666666666297e-01
6.668983492615117026e-01
6.670142509558567578e-01
6.671301929428123945e-01
6.672461752433935800e-01
6.673621978786298259e-01
6.673043478260869410e-01
6.674204209427726520e-01
6.675365344467640849e-01
6.676526883591439310e-01
6.677688827010094252e-01
6.678851174934725687e-01
6.678272980501392952e-01
6.679435834929479121e-01
6.680599094392197790e-01
6.684091305105419600e-01
6.685256186824677371e-01
6.686421474638312157e-01
6.687587168758717393e-01
6.689919776770143489e-01
6.693421741406386793e-01
6.692844677137871345e-01
6.696350619870787835e-01
6.701030927835051054e-01
6.708063669756865188e-01
6.709237228831350652e-01
6.711585579278963598e-01
6.711009977244880575e-01
6.712184873949579300e-01
6.711609175275783379e-01
6.712784588441330635e-01
6.713960413382378256e-01
6.715136650315346456e-01
6.714561065358332081e-01
6.713985278654048816e-01
6.715162138475021525e-01
6.716339410939691223e-01
6.717517096265123167e-01
6.719873706367304189e-01
6.721052631578947612e-01
6.722231970521144184e-01
6.721656721656721345e-01
6.722836580656486039e-01
6.724016853932583970e-01
6.725197541703248350e-01
6.726378644186863376e-01
6.725803618478833901e-01
6.726985242445537860e-01
6.726410121244069673e-01
6.728774828616628234e-01
6.728199718706048271e-01
6.729382802883769887e-01
6.730566303200844480e-01
6.742424242424241987e-01
6.743612334801761810e-01
6.743038420867113469e-01
6.742464304600740421e-01
6.743653032440056760e-01
6.750794211083657181e-01
6.750220653133274240e-01
6.751412429378531588e-01
6.750838778032844933e-01
6.752031084422465135e-01
6.753223812047342012e-01
6.755610531896094617e-01
6.756804524566984993e-01
6.757998939367155788e-01
6.759193776520509012e-01
6.761584718783162362e-01
6.762780824341058095e-01
6.763977353149327465e-01
6.767569481324128278e-01
6.771165426850868085e-01
6.772364924712134249e-01
6.773564847625797025e-01
6.772993088782562898e-01
6.774193548387096309e-01
6.775394433611061640e-01
6.776595744680851130e-01
6.777797481823018000e-01
6.778999645264277563e-01
6.780202235231506114e-01
6.781405251951738711e-01
6.782608695652173614e-01
6.785016864903248290e-01
6.786221590909090606e-01
6.788632326820603913e-01
6.789838337182447781e-01
6.794666666666666632e-01
6.795874822190611786e-01
6.798292422625400455e-01
6.797722825120084966e-01
6.797153024911032348e-01
6.798362697988965531e-01
6.797792808828764244e-01
6.799003026526615479e-01
6.800213675213675479e-01
6.802636266476665972e-01
6.830620640314791769e-01
6.860068259385665446e-01
6.878602305475504108e-01
6.879841470005404469e-01
6.879279279279278958e-01
6.878716885925392210e-01
6.881197043446908301e-01
6.882437793003967075e-01
6.883678990081154581e-01
6.884920634920634885e-01
6.884358650550244096e-01
6.885600866113316121e-01
6.886843530048727402e-01
6.890574214517876106e-01
6.891818674372404141e-01
6.893063583815028927e-01
6.892502258355917011e-01
6.894993674317729804e-01
6.898734177215190000e-01
6.899981913546753276e-01
6.899421128798842728e-01
6.900669440926361364e-01
6.900108577633007334e-01
6.901357466063348101e-01
6.902606806661839567e-01
6.903856599674089711e-01
6.905106845345889699e-01
6.904546277848215841e-01
6.905797101449275832e-01
6.907048378329407878e-01
6.908300108735049294e-01
6.907739713612470744e-01
6.907179115300943195e-01
6.906618313689936173e-01
6.907870874138556383e-01
6.909123888989661122e-01
6.912885662431942357e-01
6.915395787944808026e-01
6.916651534410750424e-01
6.917907737014166170e-01
6.919164396003633088e-01
6.918604651162790775e-01
6.922377749500090438e-01
6.924895435533733323e-01
6.926154965441978506e-01
6.927414953611060744e-01
6.928675400291121056e-01
6.937511386409181968e-01
6.938775510204081565e-01
6.942570647219690194e-01
6.943836615609044749e-01
6.945103045777858419e-01
6.946369937978840170e-01
6.947637292464878822e-01
6.947080291970803012e-01
6.948348238729694648e-01
6.947791164658634333e-01
6.947233887164505628e-01
6.948502556610665071e-01
6.949771689497716842e-01
6.951041286079648884e-01
6.952311346610634546e-01
6.953581871345029253e-01
6.954852860537379389e-01
6.954296160877513344e-01
6.955567745474492414e-01
6.956839795171909646e-01
6.958112310224986441e-01
6.957555799487742387e-01
6.956999085086916779e-01
6.958272327964860615e-01
6.959546036976020922e-01
6.960820212376418459e-01
6.963369963369963056e-01
6.965921582997435246e-01
6.967198094190947266e-01
6.969752520623281322e-01
6.971030436376971506e-01
6.970474967907573927e-01
6.971753484959647418e-01
6.973032471106218599e-01
6.974311926605504253e-01
6.975591851715911007e-01
6.978153111804663578e-01
6.977598237238340495e-01
6.978879706152433249e-01
6.980161645848640406e-01
6.981444056586441071e-01
6.982726938625505309e-01
6.985294117647058432e-01
6.986578415149843346e-01
6.987863184994482779e-01
6.990434142752023350e-01
6.989326463010673285e-01
6.990612921038100724e-01
6.990058910162002537e-01
6.991345976799853146e-01
6.992633517495395745e-01
6.993921532510590788e-01
6.995210022107590797e-01
6.994656347890179093e-01
6.995945447843715526e-01
6.994837758112094628e-01
6.997417926964220047e-01
6.998708725327430491e-01
6.998154981549815634e-01
6.997601033400996373e-01
6.998892580287928711e-01
7.000184604024367596e-01
7.005357472750785019e-01
7.006651884700665356e-01
7.007946775087784408e-01
7.007393715341959650e-01
7.008689221667591118e-01
7.009985207100591920e-01
7.011281671906787194e-01
7.012578616352200811e-01
7.012025901942645634e-01
7.013323464100665872e-01
7.019818484904611910e-01
7.023721275018531829e-01
7.025023169601483097e-01
7.024471635150166815e-01
7.027077151335311411e-01
7.028380634390650750e-01
7.029684601113173059e-01
7.030989051772128517e-01
7.029335313776456928e-01
7.028783658310120419e-01
7.030089153046061856e-01
7.031395132825561944e-01
7.032701597918988856e-01
7.034008548596915045e-01
7.035315985130111693e-01
7.039241212572066031e-01
7.040550595238095344e-01
7.044481667597245478e-01
7.045793000744601242e-01
7.045242971513684394e-01
7.046554934823091587e-01
7.046004842615012365e-01
7.047317436661698631e-01
7.046767281535308847e-01
7.048080506895266772e-01
7.049394221808015226e-01
7.050708426547352969e-01
7.050158493380570546e-01
7.049608355091383505e-01
7.049058011565006998e-01
7.050373134328358216e-01
7.051688747900727305e-01
7.054321448571961861e-01
7.053771471247199942e-01
7.055088702147526147e-01
7.054538662682107164e-01
7.055856529049131520e-01
7.055306427503736932e-01
7.056624929919641520e-01
7.056074766355140415e-01
7.057393905402878920e-01
7.058713537771129642e-01
7.058163456143632386e-01
7.059483726150392879e-01
7.060804490177736703e-01
7.060254491017964318e-01
7.059704285981658334e-01
7.062347874929788549e-01
7.063670411985019104e-01
7.064993444465255124e-01
7.064443611839640313e-01
7.065767284991568697e-01
7.067091454272863560e-01
7.066541705716963273e-01
7.067866516685413769e-01
7.069191824489030607e-01
7.070517629407351290e-01
7.071843931720127596e-01
7.074498029649090025e-01
7.075825825825825532e-01
7.077154120518115432e-01
7.078482914006759552e-01
7.081141998497370027e-01
7.082472290061995190e-01
7.085134373238113348e-01
7.087798458356834308e-01
7.095802747976660552e-01
7.095256024096385783e-01
7.096591978911692689e-01
7.097928436911488115e-01
7.103279306445533514e-01
7.102733270499528295e-01
7.104072398190045545e-01
7.106752168992832575e-01
7.116147308781869407e-01
7.117491499811107181e-01
7.118836198753070166e-01
7.120181405895691373e-01
7.121527121527121418e-01
7.122873345935727407e-01
7.124220079410096274e-01
7.125567322239031443e-01
7.126915074711556164e-01
7.126371547483919544e-01
7.127719962157048617e-01
7.127176381529144455e-01
7.128525459019496857e-01
7.129875047330556104e-01
7.129331565991289255e-01
7.128787878787878896e-01
7.130138283765864449e-01
7.140959969645228611e-01
7.142314990512333983e-01
7.143670525716454556e-01
7.145026575550493808e-01
7.144484526295804550e-01
7.143942271173566727e-01
7.143399810066476396e-01
7.144756838905774732e-01
7.146114383431503292e-01
7.147472443937665787e-01
7.148831020718494633e-01
7.159718256234532952e-01
7.161081492764661549e-01
7.162445248524090813e-01
7.166539634146341653e-01
7.165999618829806961e-01
7.165459397636294581e-01
7.169559412550067234e-01
7.170927127050743533e-01
7.172295363480252206e-01
7.173664122137404231e-01
7.175033403321244840e-01
7.174494081710576232e-01
7.175864044300171996e-01
7.177234530175706784e-01
7.178605539637058497e-01
7.179977072984333741e-01
7.179438180775845613e-01
7.180810397553516466e-01
7.182183138979162385e-01
7.183556405353728191e-01
7.184930196978389638e-01
7.187679357183852646e-01
7.187141216991963510e-01
7.188516746411482972e-01
7.189892802450229548e-01
7.192646495595557132e-01
7.192108791419268288e-01
7.191570881226053702e-01
7.192948840774094910e-01
7.194327328478343775e-01
7.195706344642515129e-01
7.199846566935174108e-01
7.201227699980816688e-01
7.202609363008442012e-01
7.202072538860103679e-01
7.203454894433781730e-01
7.202918026492608483e-01
7.202380952380952328e-01
7.205147906262004964e-01
7.206532180595580650e-01
7.207916986933128323e-01
7.209302325581394832e-01
7.210688196847366838e-01
7.212074601038261923e-01
7.216237014236244196e-01
7.219014626635873455e-01
7.220404234841193425e-01
7.221794378128609804e-01
7.223185056807240878e-01
7.222650231124807529e-01
7.224041610479676745e-01
7.225433526011560970e-01
7.224898824436307709e-01
7.227684596105649062e-01
7.230472516875602329e-01
7.231867283950617065e-01
7.233262589234034090e-01
7.234658433037437497e-01
7.234124686353985423e-01
7.235521235521235051e-01
7.236918324000772840e-01
7.236384704519119859e-01
7.237782499517094736e-01
7.237248840803709449e-01
7.238647342995169209e-01
7.238113645148821496e-01
7.240912606341840529e-01
7.242312898859021297e-01
7.241779497098645990e-01
7.243180499129425742e-01
7.242647058823529216e-01
7.244048771047029156e-01
7.245451025938830503e-01
7.248257164988380907e-01
7.249661049777261779e-01
7.251065478496706573e-01
7.250532842472389161e-01
7.249999999999999778e-01
7.251405311106803309e-01
7.252811167119038727e-01
7.254217568353693579e-01
7.255624515128006324e-01
7.257032007759456338e-01
7.258440046565773907e-01
7.259848631864933566e-01
7.261257763975155211e-01
7.262667443214909646e-01
7.264077669902913037e-01
7.265488444358128017e-01
7.266899766899767021e-01
7.268311637847290063e-01
7.271137026239067325e-01
7.270606531881803614e-01
7.270075831226909813e-01
7.271489692726565979e-01
7.272904104259871882e-01
7.272373540856030827e-01
7.278037383177570208e-01
7.279454722492697538e-01
7.280872613946240968e-01
7.282291057860900141e-01
7.281761496492595853e-01
7.286020666796646506e-01
7.287441497659906675e-01
7.288862882777452645e-01
7.290284822473663828e-01
7.291707317073170547e-01
7.293130366900858474e-01
7.294553972281866416e-01
7.295978133541585198e-01
7.295450107400898165e-01
7.296875000000000444e-01
7.299726455646736722e-01
7.302580140734948877e-01
7.302052785923753842e-01
7.303480641376612903e-01
7.306338028169013787e-01
7.307767560164351028e-01
7.309197651663404960e-01
7.310628302994715000e-01
7.312059514487079248e-01
7.313491286469551156e-01
7.316356513222330715e-01
7.317789968652037569e-01
7.319223985890652706e-01
7.320658565268521878e-01
7.322093707116251737e-01
7.323529411764705399e-01
7.324965679545009101e-01
7.326402510788544431e-01
7.327839905826957212e-01
7.329277864992150837e-01
7.330716388616290713e-01
7.332155477031802038e-01
7.331107619795758090e-01
7.332547633077980409e-01
7.333988212180746480e-01
7.338313347749164661e-01
7.339756193472276591e-01
7.339233038348083049e-01
7.338709677419354982e-01
7.340153452685421742e-01
7.341597796143251031e-01
7.344488188976378007e-01
7.345934239023429457e-01
7.347380858605749854e-01
7.348828048059877771e-01
7.350275807722616017e-01
7.351724137931034964e-01
7.353173039022466995e-01
7.354622511334516499e-01
7.370604504148557945e-01
7.372060857538036416e-01
7.373517786561264442e-01
7.374975291559596746e-01
7.376433372874654504e-01
7.375914573858018963e-01
7.377373417721518889e-01
7.381753413813576525e-01
7.383214568487728169e-01
7.382696495743417131e-01
7.384158415841584056e-01
7.385620915032680145e-01
7.387083993660855663e-01
7.388547652070537319e-01
7.390011890606420497e-01
7.389494549058474027e-01
7.390959555908009904e-01
7.392425143763632356e-01
7.393891312971043739e-01
7.396825396825397192e-01
7.398293312165111768e-01
7.399761810242159177e-01
7.399245582688107614e-01
7.400714853057982490e-01
7.403655145013905425e-01
7.405126167295847939e-01
7.406597774244833010e-01
7.409542743538767295e-01
7.411016106581825857e-01
7.412490055688146784e-01
7.419868604419669333e-01
7.421346077260055907e-01
7.424302788844621137e-01
7.425782028292488013e-01
7.428742276260713595e-01
7.436153232242618261e-01
7.435129740518962027e-01
7.436614094629666605e-01
7.438099041533546840e-01
7.437587377671259770e-01
7.442046362909672252e-01
7.443533879672196152e-01
7.445021991203518708e-01
7.446510697860427852e-01
7.448000000000000176e-01
7.449489897979595376e-01
7.450980392156862919e-01
7.452471482889734267e-01
7.458441818545964441e-01
7.459935897435897578e-01
7.459426968543377834e-01
7.458917835671342589e-01
7.460412908398477150e-01
7.461908580593423768e-01
7.464901724829522411e-01
7.470895222802087510e-01
7.472395101385264082e-01
7.473895582329317389e-01
7.475396665997188217e-01
7.474889513860988322e-01
7.476391400442032875e-01
7.475884244372990040e-01
7.477386934673366792e-01
7.478890229191796912e-01
7.481898632341110744e-01
7.484909456740442835e-01
7.486415777822499340e-01
7.485909822866344543e-01
7.485403664183611916e-01
7.486910994764397476e-01
7.488418932527693972e-01
7.487912973408541450e-01
7.489421720733426824e-01
7.490931076178960479e-01
7.488906817265026383e-01
7.490417591285051246e-01
7.491928974979822353e-01
7.491422805247225369e-01
7.490916431166734224e-01
7.492428831011508361e-01
7.493941841680129556e-01
7.495455463542718411e-01
7.496969696969697505e-01
7.501516070345664033e-01
7.503032753740396243e-01
7.504550050556116902e-01
7.506067961165048263e-01
7.521280907985407049e-01
7.522805594972633569e-01
7.522303325223033132e-01
7.521800851754207873e-01
7.523326572008113278e-01
7.524852911341042283e-01
7.526379870129870087e-01
7.527907448751776087e-01
7.529435647584247215e-01
7.530964467005075713e-01
7.532493907392363575e-01
7.534023969124518105e-01
7.535554652580251922e-01
7.535053850843324019e-01
7.536585365853658569e-01
7.538117503557634214e-01
7.539650264335095997e-01
7.541183648566198716e-01
7.540683482506101987e-01
7.540183112919633945e-01
7.541717541717541939e-01
7.541217178913087738e-01
7.540716612377850181e-01
7.542252087151293249e-01
7.543788187372708620e-01
7.543287838663679246e-01
7.544824775876121103e-01
7.546362339514978146e-01
7.545862209539339061e-01
7.547400611620794786e-01
7.550479298388741434e-01
7.549979600163199134e-01
7.551520097939196097e-01
7.553061224489795444e-01
7.554602980200040285e-01
7.556145365455287921e-01
7.555646314069838221e-01
7.557189542483659928e-01
7.561823012466789562e-01
7.563368765331153210e-01
7.564915150276017020e-01
7.568009817958682994e-01
7.569558101472995126e-01
7.571107018620830686e-01
7.572656569791240688e-01
7.574206755373592559e-01
7.575757575757575690e-01
7.577309031333196998e-01
7.576812781646865558e-01
7.578365089121081866e-01
7.579918032786885362e-01
7.581471613035457580e-01
7.583025830258303124e-01
7.584580684847241905e-01
7.584085315832649332e-01
7.583589743589743692e-01
7.583093967993435047e-01
7.584650112866817562e-01
7.586206896551723755e-01
7.587764319441593353e-01
7.589322381930184713e-01
7.594000410930757949e-01
7.593505959720510123e-01
7.595066803699896951e-01
7.596628289473684736e-01
7.601316601522321026e-01
7.602880658436214079e-01
7.604445359127391946e-01
7.606010703993413280e-01
7.607576693432159809e-01
7.609143327841845217e-01
7.610710607621009594e-01
7.612278533168520545e-01
7.613847104883577632e-01
7.615416323165704604e-01
7.614924757781900144e-01
7.614432989690721465e-01
7.616003299649412028e-01
7.617574257425742124e-01
7.619145863420672127e-01
7.618654560462236880e-01
7.621800165152766704e-01
7.621309105926078464e-01
7.622883106154482169e-01
7.624457756661846553e-01
7.626033057851239194e-01
7.625542467451953410e-01
7.627118644067796271e-01
7.628695472400247590e-01
7.630272952853598412e-01
7.629782833505687201e-01
7.631361191559784540e-01
7.632940202772604543e-01
7.634519867549668382e-01
7.636100186296832515e-01
7.637681159420289800e-01
7.636702568351284581e-01
7.638284648850217629e-01
7.637795275590550936e-01
7.637305699481865551e-01
7.638888888888888395e-01
7.640472734812358002e-01
7.642057237660722091e-01
7.643642397842771441e-01
7.645228215767634339e-01
7.644739572525419691e-01
7.644250726442507471e-01
7.645837658293543893e-01
7.647425249169435002e-01
7.649013499480789013e-01
7.650602409638553869e-01
7.652191980054020570e-01
7.653782211138819846e-01
7.655373103304926596e-01
7.656964656964656557e-01
7.658556872530671855e-01
7.660149750415973235e-01
7.661743291033908942e-01
7.663337494798169169e-01
7.664932362122788279e-01
7.666527893422148132e-01
7.666042057047678382e-01
7.665556018325697663e-01
7.665069777129764894e-01
7.666666666666667185e-01
7.666180454261304344e-01
7.669376693766937203e-01
7.670975813177648428e-01
7.670490093847758262e-01
7.672090112640801429e-01
7.673690799081994696e-01
7.673205342237061632e-01
7.672719682738468050e-01
7.675923992482772684e-01
7.677527151211361867e-01
7.679130979736786822e-01
7.678646050982030902e-01
7.680250783699059669e-01
7.681856187290969640e-01
7.683462262178548663e-01
7.685069008782936528e-01
7.684584814892282401e-01
7.686192468619247320e-01
7.687800795145427468e-01
7.689409794893260486e-01
7.688926104249529381e-01
7.690536013400335325e-01
7.693757855048177774e-01
7.693274670018855899e-01
7.692791282481139525e-01
7.692307692307692735e-01
7.693920335429769164e-01
7.695533654854267436e-01
7.695050335570470246e-01
7.696664568911264492e-01
7.696181284095677810e-01
7.697796432318992910e-01
7.699412258606213033e-01
7.701028763384422104e-01
7.704263810123923584e-01
7.705882352941176849e-01
7.707501575961336338e-01
7.709121479613283423e-01
7.710742064326255862e-01
7.712363330529856675e-01
7.713985278654048594e-01
7.713504417332772700e-01
7.713023353671365490e-01
7.712542087542088032e-01
7.714165438854977408e-01
7.713684210526315921e-01
7.713202779532533082e-01
7.714827295703453602e-01
7.716452496313460641e-01
7.718078381795195897e-01
7.721332209106239741e-01
7.720851781572843908e-01
7.722479966258962714e-01
7.724108837797932781e-01
7.723628691983122074e-01
7.725258493353027722e-01
7.728520160439096287e-01
7.728040540540540571e-01
7.729672650475184481e-01
7.729193071398394732e-01
7.730826114515106928e-01
7.732459847844462830e-01
7.734094271824139000e-01
7.735729386892177262e-01
7.735250581518291479e-01
7.740160812526449829e-01
7.739682539682539719e-01
7.741320914479254967e-01
7.740842684734279278e-01
7.742481999152901473e-01
7.744122008049142414e-01
7.745762711864406791e-01
7.747404111040474550e-01
7.749046206019499783e-01
7.748569005723977554e-01
7.748091603053435250e-01
7.749734888653234677e-01
7.751378871446754637e-01
7.753023551877784580e-01
7.754668930390492543e-01
7.756315007429420705e-01
7.757961783439490944e-01
7.762906309751433920e-01
7.761003614714012677e-01
7.760527435133985907e-01
7.760051052967453789e-01
7.759574468085106425e-01
7.761225792721855310e-01
7.764530551415796955e-01
7.766183986371379966e-01
7.767838125665601501e-01
7.767362590541115885e-01
7.769017685915192706e-01
7.768542199488490674e-01
7.768066510338946795e-01
7.769722814498933872e-01
7.771379825122627372e-01
7.774695967569874577e-01
7.776355100298761869e-01
7.778014941302027196e-01
7.777540563620837233e-01
7.779201366645313032e-01
7.780862879111490882e-01
7.780388805810724007e-01
7.779914529914530030e-01
7.779440051293011749e-01
7.778965369816160935e-01
7.778490485353859452e-01
7.778015397775877027e-01
7.777540106951871257e-01
7.779204107830551829e-01
7.780868820885940007e-01
7.782534246575342207e-01
7.784200385356454532e-01
7.785867237687366105e-01
7.787534804026557955e-01
7.787060839760068243e-01
7.788729376473109145e-01
7.788255465066438177e-01
7.787307032590051747e-01
7.786832511258846568e-01
7.786357786357785971e-01
7.788028320102982072e-01
7.787078772268727356e-01
7.786603692571919533e-01
7.786128408846897386e-01
7.785652920962199408e-01
7.785177228786250847e-01
7.788523533204384508e-01
7.788048151332760405e-01
7.789722640292410238e-01
7.791397849462365910e-01
7.793073779307377880e-01
7.794750430292598509e-01
7.794275876909834144e-01
7.793801119242359521e-01
7.795479009687836802e-01
7.794054286945282239e-01
7.795733678086619323e-01
7.797413793103448176e-01
7.800776196636480808e-01
7.802458486090144696e-01
7.807509710832973848e-01
7.812567480025912614e-01
7.812095032397408101e-01
7.811622380643767904e-01
7.813310285220397278e-01
7.812837691808947049e-01
7.814526588845654986e-01
7.814054054054053733e-01
7.815743944636678320e-01
7.820818004760874409e-01
7.822510822510821971e-01
7.822039402468066172e-01
7.823733217843221732e-01
7.825427766948235275e-01
7.824956672443673655e-01
7.826652221018418620e-01
7.830045523520485773e-01
7.831743278404162956e-01
7.831273042723920774e-01
7.832971800433840004e-01
7.836371527777777901e-01
7.838072498372042896e-01
7.839774207555362251e-01
7.841476655808903296e-01
7.841007819287576508e-01
7.842711275255268566e-01
7.844415471534115225e-01
7.846120408606824803e-01
7.845652173913043592e-01
7.847358121330724190e-01
7.849064810787298452e-01
7.850772242767022346e-01
7.852480417754569286e-01
7.854189336235037899e-01
7.855898998693948698e-01
7.855432179403439852e-01
7.857142857142856984e-01
7.858854280113265478e-01
7.860566448801742379e-01
7.860100239703639025e-01
7.861813426329555821e-01
7.863527359930237992e-01
7.866957470010904618e-01
7.868673647469458521e-01
7.868208596988871539e-01
7.869925796595372836e-01
7.869460816415629889e-01
7.868995633187773064e-01
7.868530246778772108e-01
7.870249017038007944e-01
7.871968538343893096e-01
7.873688811188811476e-01
7.873224043715847387e-01
7.874945343244424967e-01
7.874480647277498635e-01
7.874015748031496509e-01
7.875738350470357085e-01
7.877461706783369655e-01
7.876997154738454299e-01
7.876532399299475129e-01
7.875602277704774057e-01
7.875136911281489516e-01
7.876862401402279223e-01
7.878588647819416702e-01
7.880315651030249668e-01
7.879850909888181931e-01
7.881578947368420573e-01
7.881114279447247739e-01
7.880649407634927606e-01
7.884108867427568335e-01
7.883644346871570008e-01
7.885375494071146241e-01
7.884446397188049627e-01
7.887912087912087866e-01
7.889646076060672364e-01
7.891380826737027787e-01
7.893116340444249479e-01
7.894852617685877982e-01
7.889280988089987234e-01
7.891021398632251937e-01
7.896247240618101682e-01
7.895782733495252392e-01
7.897526501766783946e-01
7.899271040424121759e-01
7.901016349977905140e-01
7.900552486187845114e-01
7.900088417329796942e-01
7.899624143267742760e-01
7.903118779031187424e-01
7.902654867256637683e-01
7.909654561558902008e-01
7.909191583610187815e-01
7.910943730615861424e-01
7.917960088691795573e-01
7.917498336660013791e-01
7.919254658385093126e-01
7.922769640479361275e-01
7.926287744227353826e-01
7.931570762052877477e-01
7.942157953281423488e-01
7.941700044503783307e-01
7.941241931894057471e-01
7.940783615316117094e-01
7.942551770207081363e-01
7.946090443305858786e-01
7.947860962566845044e-01
7.949632271005125927e-01
7.951404369148461493e-01
7.953177257525083643e-01
7.952720785013380755e-01
7.958045079223388107e-01
7.959821428571428603e-01
7.961598571109622657e-01
7.963376507369361867e-01
7.960187877432342018e-01
7.961968680089485106e-01
7.963750279704632229e-01
7.965532676812892010e-01
7.965077233042310301e-01
7.966860725481414995e-01
7.968645016797312186e-01
7.970430107526881303e-01
7.969520394441954592e-01
7.969065232010760225e-01
7.968609865470851483e-01
7.970396949988787227e-01
7.972184836249439632e-01
7.973973524792461465e-01
7.973518850987432183e-01
7.973063973063972965e-01
7.972608890884598232e-01
7.974399281383337534e-01
7.973944294699011337e-01
7.975735789710177714e-01
7.977528089887639950e-01
7.979321195774331521e-01
7.981115107913668849e-01
7.980661119856082841e-01
7.982456140350877583e-01
7.983344586990771541e-01
7.981981981981981500e-01
7.983780130660058649e-01
7.983325822442541853e-01
7.985125084516565552e-01
7.983761840324763437e-01
7.983307015565079823e-01
7.982851985559566987e-01
7.984653577070638386e-01
7.984198645598193922e-01
7.983743508692706659e-01
7.990960451977401346e-01
7.992766726943941746e-01
7.992312909789734965e-01
7.995928522958606344e-01
7.997737556561086425e-01
7.997284453496266154e-01
7.994561522773623308e-01
8.001814470401451551e-01
8.003629764065335328e-01
8.003176764238710827e-01
8.002723558783476632e-01
8.002270147559591429e-01
8.004087193460490690e-01
8.003633885986827234e-01
8.005452067242162517e-01
8.007271074755737406e-01
8.009090909090909038e-01
8.010911570811548588e-01
8.010459299681673695e-01
8.010006822833750650e-01
8.011828935395813867e-01
8.011376564277588042e-01
8.013199817933546187e-01
8.012747552925107986e-01
8.016397176041903938e-01
8.018223234624145546e-01
8.017771701982228105e-01
8.017319963536918559e-01
8.016868019147481705e-01
8.018695850433196215e-01
8.018244013683010207e-01
8.017791970802919943e-01
8.017339721651837170e-01
8.016887266088543740e-01
8.016434603971696049e-01
8.015981735159817267e-01
8.015528659511303999e-01
8.015075376884421843e-01
8.014621887137308720e-01
8.016453382084095525e-01
8.015999999999999792e-01
8.017832647462277418e-01
8.019666133089412563e-01
8.019213174748398565e-01
8.021047815145275761e-01
8.024719615472648560e-01
8.026556776556776907e-01
8.028394779024502492e-01
8.027943197434722622e-01
8.029782359679267234e-01
8.029330889092575196e-01
8.028879211551684936e-01
8.028427326914259199e-01
8.027975235037835278e-01
8.029816513761467434e-01
8.029364533149805361e-01
8.028912345112436677e-01
8.028459949506541182e-01
8.028007346189164339e-01
8.029850746268656358e-01
8.031694993109783631e-01
8.033540087296117127e-01
8.035386029411765163e-01
8.037232820041370074e-01
8.039080459770114873e-01
8.040928949183719920e-01
8.042778288868445147e-01
8.044628479411087829e-01
8.046479521398987034e-01
8.048331415420022505e-01
8.050184162062614668e-01
8.052037761915726843e-01
8.051589129433440739e-01
8.053443906933885899e-01
8.052995391705068950e-01
8.054851348236921060e-01
8.060424354243542755e-01
8.062283737024221741e-01
8.064143977849561606e-01
8.066005077313639360e-01
8.065558633425669033e-01
8.065111983375663485e-01
8.064665127020784752e-01
8.066528066528066976e-01
8.068391866913123822e-01
8.067945458747399767e-01
8.069810448451225637e-01
8.071676300578034535e-01
8.073543015726178940e-01
8.075410594494564220e-01
8.074519787086322786e-01
8.074074074074074625e-01
8.075943505441074421e-01
8.075497915701713714e-01
8.075052119527449390e-01
8.074606116774791786e-01
8.074159907300115790e-01
8.073713490959666395e-01
8.075585439369348251e-01
8.077458256029684813e-01
8.079331941544884987e-01
8.078886310904872525e-01
8.078440473427709323e-01
8.080315691736305039e-01
8.082191780821917915e-01
8.084068741291221549e-01
8.083623693379791142e-01
8.085501858736059422e-01
8.087380897048570549e-01
8.091141594977911966e-01
8.093023255813953654e-01
8.092579669690626032e-01
8.092135877152163426e-01
8.091247672253258916e-01
8.090803259604191222e-01
8.090358639962739185e-01
8.089913813184252955e-01
8.091798695246971151e-01
8.093684455837799607e-01
8.095571095571095777e-01
8.095127069246910168e-01
8.097014925373133831e-01
8.096571028691392780e-01
8.098460102659822413e-01
8.102240896358543498e-01
8.101797805276674813e-01
8.101354507239607594e-01
8.103246904928754768e-01
8.105140186915887890e-01
8.104697359196073592e-01
8.104254324450678171e-01
8.106149169978956737e-01
8.105706267539757315e-01
8.107602339181286810e-01
8.109499298081422891e-01
8.109056868710508015e-01
8.110955056179774969e-01
8.112854132521657435e-01
8.114754098360655865e-01
8.118556701030927858e-01
8.120459339114132202e-01
8.120018752930144856e-01
8.119577960140680339e-01
8.121482176360225180e-01
8.121041520056297980e-01
8.120600656968559594e-01
8.119718309859155214e-01
8.121624794552712023e-01
8.123532174729920508e-01
8.125440451021845867e-01
8.127349624060150601e-01
8.126909518213866201e-01
8.128819934179595252e-01
8.130731248530449484e-01
8.132643461900281867e-01
8.132204187250058336e-01
8.131764705882352784e-01
8.131325017651211962e-01
8.133239171374764265e-01
8.135154226512832931e-01
8.134715025906735786e-01
8.134275618374557926e-01
8.136192271442035384e-01
8.135753004949328737e-01
8.137670909948138132e-01
8.137231784956378000e-01
8.139150943396226134e-01
8.141071007313045449e-01
8.142991977347805443e-01
8.144913854142081799e-01
8.144475920679886682e-01
8.144037780401416349e-01
8.143599433160132461e-01
8.145523269548783363e-01
8.147448015122873421e-01
8.147010163082013534e-01
8.148936170212766061e-01
8.148498462993615243e-01
8.148060548722800833e-01
8.147622427253371491e-01
8.147184098438239319e-01
8.146745562130177643e-01
8.145867866445655192e-01
8.144549763033175349e-01
8.144109978667930516e-01
8.143669985775249254e-01
8.143229784206782451e-01
8.145161290322581182e-01
8.144721233689204976e-01
8.144280968201234039e-01
8.146214099216709803e-01
8.148148148148147696e-01
8.147708382806934102e-01
8.149643705463183174e-01
8.149204086481349751e-01
8.148764258555133422e-01
8.148324221535535594e-01
8.147883975273418899e-01
8.147443519619500529e-01
8.147002854424357787e-01
8.146561979538424758e-01
8.146120894811994528e-01
8.153882801333968144e-01
8.153442935430068594e-01
8.155386081982840540e-01
8.154946364719904972e-01
8.154506437768240801e-01
8.154066300977820259e-01
8.153625954198473469e-01
8.152744630071598886e-01
8.152303652423013025e-01
8.154250238777459581e-01
8.156197754955815116e-01
8.158146201624462135e-01
8.157706093189963648e-01
8.159655831739961451e-01
8.161606502510160288e-01
8.161166905786705339e-01
8.163118871083472339e-01
8.162679425837320313e-01
8.162239770279970941e-01
8.161799904260411687e-01
8.163753890351926890e-01
8.163314176245211051e-01
8.162874251497006517e-01
8.164829899377096245e-01
8.164390127006949660e-01
8.163950143815915661e-01
8.163509949652361097e-01
8.165467625899280879e-01
8.167426241304869272e-01
8.166986564299424378e-01
8.166546676265898919e-01
8.166106577052328896e-01
8.165666266506602655e-01
8.167627281460134725e-01
8.167187124669709197e-01
8.169149447381066631e-01
8.173076923076922906e-01
8.175042077422457476e-01
8.178975222516238208e-01
8.180943214629451399e-01
8.182912154031287688e-01
8.182474723158401630e-01
8.184444979532867759e-01
8.186416184971098131e-01
8.185979282100698251e-01
8.187951807228915913e-01
8.189925283200770734e-01
8.191899710703953730e-01
8.207729468599034295e-01
8.209712490939840013e-01
8.211696471725471458e-01
8.211264201111916350e-01
8.213249516441005760e-01
8.215235792019347505e-01
8.235151515151515333e-01
8.234723569350145267e-01
8.236720834343924658e-01
8.238719068413391522e-01
8.238291676777481642e-01
8.240291262135922556e-01
8.239864044671036947e-01
8.239436619718309984e-01
8.241437940247753335e-01
8.243440233236151160e-01
8.245443499392466347e-01
8.245017015070490451e-01
8.247021638706539814e-01
8.246595330739299179e-01
8.248601313549014380e-01
8.250608272506082530e-01
8.254625121713728975e-01
8.256635013391769862e-01
8.258645884072089993e-01
8.260657734470158164e-01
8.262670565302143721e-01
8.264684377284913230e-01
8.264261335933691388e-01
8.263838088271153737e-01
8.263414634146341031e-01
8.262990973408148587e-01
8.267024652184524758e-01
8.269042968750000000e-01
8.268620268620268110e-01
8.270639960918416689e-01
8.272660640117273090e-01
8.274682306940371879e-01
8.274260571987289703e-01
8.276283618581906643e-01
8.275862068965517127e-01
8.277886497064579352e-01
8.277465133349645177e-01
8.279490944689182896e-01
8.281517747858017087e-01
8.285574332598579783e-01
8.285154336109750162e-01
8.287184513599608060e-01
8.286764705882353477e-01
8.286344692326550465e-01
8.288376655223148592e-01
8.290409614912925829e-01
8.289990186457311117e-01
8.289570552147239590e-01
8.291605301914580783e-01
8.293641050822490035e-01
8.293222003929272557e-01
8.292802751166788999e-01
8.291963627426885974e-01
8.291543756145526300e-01
8.291123678387017915e-01
8.293162813575996051e-01
8.295202952029520072e-01
8.294783464566929387e-01
8.294363770612848130e-01
8.293943870014770514e-01
8.295986210293031515e-01
8.298029556650245997e-01
8.297610248829760948e-01
8.299655002464267906e-01
8.299235888587626064e-01
8.301282051282051766e-01
8.303329223181257213e-01
8.302910705476073128e-01
8.304959289415247969e-01
8.304540967423494902e-01
8.304122438903974723e-01
8.308224252901951212e-01
8.310276679841896996e-01
8.312330121077341483e-01
8.311913000494315362e-01
8.311495673671198681e-01
8.311078140454994934e-01
8.310660400692555516e-01
8.310242454230578613e-01
8.309824300915614748e-01
8.309405940594059015e-01
8.311463233473631584e-01
8.311045071817732000e-01
8.310626702997274684e-01
8.312685827552032114e-01
8.312267657992564729e-01
8.314328210213187687e-01
8.313910240515745009e-01
8.315972222222222099e-01
8.315554452989332157e-01
8.317617866004962668e-01
8.319682303301066950e-01
8.319265143992055078e-01
8.318430203676104862e-01
8.318012422360248070e-01
8.320079522862823262e-01
8.319661943823017936e-01
8.319244157135753381e-01
8.318826162646107969e-01
8.318407960199004636e-01
8.317989549639214220e-01
8.320059731209556997e-01
8.322130943490166910e-01
8.328350772296960747e-01
8.327934213805133767e-01
8.327517447657029059e-01
8.327100473697331973e-01
8.326683291770573536e-01
8.326265901721127127e-01
8.325848303393214023e-01
8.330004992511232942e-01
8.329588014981272881e-01
8.329170829170828849e-01
8.328753434923806820e-01
8.328335832083958445e-01
8.327918020494876616e-01
8.334167083541771381e-01
8.336252189141856173e-01
8.335835835835835317e-01
8.335419274092615849e-01
8.337506259389083629e-01
8.339594290007512623e-01
8.341683366733466665e-01
8.341267852668504679e-01
8.343358395989974863e-01
8.342527582748244797e-01
8.344620015048909156e-01
8.344204716507777064e-01
8.348393574297188202e-01
8.347978910369068251e-01
8.350075339025615495e-01
8.349660889223813331e-01
8.351758793969848993e-01
8.353857753204322334e-01
8.355957767722473895e-01
8.358058838320342465e-01
8.357645875251509260e-01
8.359748427672956117e-01
8.359335681932561490e-01
8.361439718097155582e-01
8.361027190332326331e-01
8.360614454797280493e-01
8.360201511335012547e-01
8.359788359788359324e-01
8.359375000000000000e-01
8.361482228384169435e-01
8.363590519415027291e-01
8.363177805800756648e-01
8.365287588294652021e-01
8.367398435528640155e-01
8.366986370519939875e-01
8.364922921405104628e-01
8.364509605662284741e-01
8.364096080910240483e-01
8.363682346990389815e-01
8.363268403743991941e-01
8.365384615384615641e-01
8.364970893444697575e-01
8.367088607594936889e-01
8.366675107622182361e-01
8.366261398176292330e-01
8.365847479098048600e-01
8.365433350228078657e-01
8.365019011406844562e-01
8.367139959432048357e-01
8.366725843266548113e-01
8.366311516996448594e-01
8.368434407510784157e-01
8.370558375634518100e-01
8.372683422188372804e-01
8.372270187912645989e-01
8.374396748793497824e-01
8.373983739837398410e-01
8.373570520965692987e-01
8.373157092018301828e-01
8.372743452834986444e-01
8.372329603255340702e-01
8.374459425082676489e-01
8.376590330788804550e-01
8.380855397148676555e-01
8.382989559460147788e-01
8.385124808965868093e-01
8.387261146496814979e-01
8.391537088962528479e-01
8.393676695563487833e-01
8.395817393522060357e-01
8.397959183673469052e-01
8.397550395509058019e-01
8.397141398672792745e-01
8.396732193004851075e-01
8.396322778345249871e-01
8.395913154533843903e-01
8.398058252427184067e-01
8.397648862765141331e-01
8.399795501022494504e-01
8.401943237023778988e-01
8.404092071611253267e-01
8.403275332650972373e-01
8.405426158177630169e-01
8.405017921146953341e-01
8.404609475032009946e-01
8.406762295081967595e-01
8.406354086600050790e-01
8.408100487054601668e-01
8.410256410256410353e-01
8.412413439343421340e-01
8.412006157003592000e-01
8.411598665640236394e-01
8.413757700205338752e-01
8.415917843388960318e-01
8.415511042629686411e-01
8.421999485993317824e-01
8.426330676266392539e-01
8.428497942386831143e-01
8.430666323642912463e-01
8.430262480699948213e-01
8.432432432432432901e-01
8.434603501544799542e-01
8.436775688900334247e-01
8.443298969072164928e-01
8.445475638051044287e-01
8.445074780814852966e-01
8.447253030693835374e-01
8.446852425180598756e-01
8.451213216313887555e-01
8.450813323005421651e-01
8.452995867768594573e-01
8.452596228364763764e-01
8.454780361757106011e-01
8.456965624192297470e-01
8.456566701137538944e-01
8.456167571761055157e-01
8.455768235902741958e-01
8.457956015523933058e-01
8.460144927536231707e-01
8.464526152252719315e-01
8.464128464128464202e-01
8.463730569948186844e-01
8.465923814459704877e-01
8.468118195956454430e-01
8.470313715322789205e-01
8.469917012448132665e-01
8.469520103761348784e-01
8.471717695900363720e-01
8.473916428756812502e-01
8.478317320176577132e-01
8.477922077922077637e-01
8.477526630293582555e-01
8.477130977130976630e-01
8.479334546399791561e-01
8.483745123537060895e-01
8.483350676378772492e-01
8.487766788131181350e-01
8.489976568601926843e-01
8.492187500000000222e-01
8.491794738213076510e-01
8.491401771756122985e-01
8.493614803231691601e-01
8.495828988529718906e-01
8.495436766623207792e-01
8.495044340114762393e-01
8.497260631359249139e-01
8.496868475991649072e-01
8.496476115896632875e-01
8.496083550913837712e-01
8.495690780882737547e-01
8.495297805642633149e-01
8.494904625032663192e-01
8.494511238891793159e-01
8.494117647058823106e-01
8.496338912133891696e-01
8.495945592466649376e-01
8.495552066980638362e-01
8.497775451452499462e-01
8.497382198952879717e-01
8.499607227022780709e-01
8.499214248297537466e-01
8.498821063662562736e-01
8.503276539973787518e-01
8.507736690270129021e-01
8.509968520461700381e-01
8.509577538703751998e-01
8.514045681281176003e-01
8.518518518518518601e-01
8.522996057818659210e-01
8.522607781282860451e-01
8.522219300552195120e-01
8.521830615465544323e-01
8.521441725861614858e-01
8.521052631578946990e-01
8.520663332455908900e-01
8.520273828330700017e-01
8.522517777192520905e-01
8.522128556375131447e-01
8.521739130434782261e-01
8.521349499209277534e-01
8.520959662536250478e-01
8.523206751054852592e-01
8.525455025059350822e-01
8.532206969376979755e-01
8.531819382096645921e-01
8.534072900158478081e-01
8.536327608982826609e-01
8.538583509513741898e-01
8.538197197991012066e-01
8.542713567839196331e-01
8.544973544973545332e-01
8.544588515480285862e-01
8.546850185283219048e-01
8.549113052687318248e-01
8.548728813559322015e-01
8.548344370860927466e-01
8.547959724430312933e-01
8.547574874105486886e-01
8.549840933191941161e-01
8.549456377618668279e-01
8.549071618037135112e-01
8.548686654284955999e-01
8.547530536378119548e-01
8.547144754316069459e-01
8.546758767268862744e-01
8.546372575073080124e-01
8.545986177565124686e-01
8.545599574581228541e-01
8.545212765957447276e-01
8.547486033519553494e-01
8.546712802768166028e-01
8.546325878594249748e-01
8.545938748335553115e-01
8.545551411827384536e-01
8.547828403943511510e-01
8.550106609808102442e-01
8.549720074646760537e-01
8.554281141637769537e-01
8.553895410885805628e-01
8.556178275954096080e-01
8.555792845702082650e-01
8.554635319262623439e-01
8.554249064671298752e-01
8.553862603581929847e-01
8.553475935828876997e-01
8.553089061246322844e-01
8.552701979668271282e-01
8.552314690928551899e-01
8.554603854389721818e-01
8.553829673272630441e-01
8.553442271631395144e-01
8.552666845349772284e-01
8.552278820375335266e-01
8.554572271386430282e-01
8.554184549356222966e-01
8.556479742420176615e-01
8.556092324208266486e-01
8.558389261744966392e-01
8.558002148227712436e-01
8.557614826752618642e-01
8.559914024717893977e-01
8.559527008868583753e-01
8.561827956989247479e-01
8.564130142511428012e-01
8.563743948359332503e-01
8.563357546408394416e-01
8.562970936490850171e-01
8.562584118438761882e-01
8.562197092084006256e-01
8.561809857258281253e-01
8.561422413793103869e-01
8.561034761519805691e-01
8.563342318059299352e-01
8.562954974386627338e-01
8.565264293419633246e-01
8.564877259239277452e-01
8.564490016189961752e-01
8.564102564102563653e-01
8.563714902807775253e-01
8.563327032136105466e-01
8.565640194489465564e-01
8.565252634423128342e-01
8.567567567567567766e-01
8.567180319005136546e-01
8.566792861005949611e-01
8.566017316017315864e-01
8.565629228687415830e-01
8.564852423503925838e-01
8.564463705308775765e-01
8.569105691056910779e-01
8.568717809704526900e-01
8.568329718004338291e-01
8.567941415785190751e-01
8.565607171964140232e-01
8.565217391304348338e-01
8.564827398749660370e-01
8.567156063077759898e-01
8.566766385640467441e-01
8.569096844396082435e-01
8.568707482993197511e-01
8.568317909635274621e-01
8.570650694255377289e-01
8.575320076273494907e-01
8.574931880108991322e-01
8.574543472335786065e-01
8.576881134133041984e-01
8.576104746317512184e-01
8.575716234652114300e-01
8.578056768558951495e-01
8.577668577668577932e-01
8.580010922992900024e-01
8.584699453551912773e-01
8.587045640885487829e-01
8.586659376708584146e-01
8.589007383100902837e-01
8.590971272229822597e-01
8.595674787845606346e-01
8.595290251916758439e-01
8.604714912280702066e-01
8.607074307650123268e-01
8.606692265496433958e-01
8.606310013717420881e-01
8.605927552140505421e-01
8.605544880592918000e-01
8.605161998901702525e-01
8.607525405108487071e-01
8.606377130291369415e-01
8.605993951058564795e-01
8.608360836083608358e-01
8.610729023383768554e-01
8.610346725371491594e-01
8.609964216900632961e-01
8.612334801762114855e-01
8.614706692371247865e-01
8.617079889807162107e-01
8.616698815100578557e-01
8.616317530319735907e-01
8.618693134822167368e-01
8.621070049641478272e-01
8.620689655172413257e-01
8.620309050772626547e-01
8.619928236268286081e-01
8.622308117062396082e-01
8.624689312344656633e-01
8.627071823204419676e-01
8.629455650732246186e-01
8.629076838032061492e-01
8.628697815869504906e-01
8.628318584070796549e-01
8.627939142461964472e-01
8.635105204872646212e-01
8.634727222376072930e-01
8.634349030470913622e-01
8.636741479634247876e-01
8.636363636363636465e-01
8.638757970612697124e-01
8.641153632834165377e-01
8.643550624133148341e-01
8.643174250832408312e-01
8.642797668609492057e-01
8.645197112715158339e-01
8.647597889475145960e-01
8.649999999999999911e-01
8.654808226792662929e-01
8.654434250764525549e-01
8.656840934371523577e-01
8.659248956884562087e-01
8.661658319421258190e-01
8.666481069042316632e-01
8.665738161559888297e-01
8.668152688771245673e-01
8.667410091998885013e-01
8.667038482989403159e-01
8.669456066945606665e-01
8.669084821428570953e-01
8.668713368685458942e-01
8.668341708542713908e-01
8.670762356883552346e-01
8.670391061452513704e-01
8.670019558535904114e-01
8.669275929549902227e-01
8.668903803131990937e-01
8.668531468531468498e-01
8.670956911024062519e-01
8.675811870100783585e-01
8.678241388966676517e-01
8.680672268907563272e-01
8.680302605771924584e-01
8.685169610316793021e-01
8.684800897363993410e-01
8.684431977559606830e-01
8.684062850729517002e-01
8.683693516699411141e-01
8.683323975294777730e-01
8.682954226340915405e-01
8.685393258426966634e-01
8.690275435637998536e-01
8.689907225189766882e-01
8.689538807649044294e-01
8.689170182841069456e-01
8.691615081598199621e-01
8.691246833661694371e-01
8.690878378378378288e-01
8.690509715573078164e-01
8.690140845070422060e-01
8.689771766694843746e-01
8.692220969560315869e-01
8.691852269523541175e-01
8.699209932279909907e-01
8.698842788597234144e-01
8.698475437605872607e-01
8.705849109918055717e-01
8.708309779536461681e-01
8.710771840542832489e-01
8.710407239819004666e-01
8.712871287128712838e-01
8.715336728919071962e-01
8.714245256301330622e-01
8.713881019830028718e-01
8.713516576933975077e-01
8.720930232558139483e-01
8.720567375886524308e-01
8.720204313280363051e-01
8.719841044564291543e-01
8.719477569562747998e-01
8.719113888099971899e-01
8.718749999999999556e-01
8.718385905086671883e-01
8.718021603183626622e-01
8.717657094114301675e-01
8.717292377701933992e-01
8.716927453769559575e-01
8.719408081957882306e-01
8.721890122402504719e-01
8.721526195899772516e-01
8.724010253489034028e-01
8.723646723646724110e-01
8.723282986605870315e-01
8.725769669327252398e-01
8.725406330196748828e-01
8.725042783799201729e-01
8.727532097004279121e-01
8.727168949771689777e-01
8.726805595204111254e-01
8.726078263353327369e-01
8.724621103803259503e-01
8.724256292906178434e-01
8.723891273247496025e-01
8.723526044647967881e-01
8.726023475522473039e-01
8.728522336769759526e-01
8.731022629619020758e-01
8.733524355300860131e-01
8.733161364287761463e-01
8.732798165137615198e-01
8.732071141709696338e-01
8.734576757532280800e-01
8.739592305483778745e-01
8.738868141338695938e-01
8.738505747126437129e-01
8.738143144581775879e-01
8.740655549166187477e-01
8.740293356341674036e-01
8.742807825086306162e-01
8.745323741007193785e-01
8.747841105354058344e-01
8.750359919378059015e-01
8.750000000000000000e-01
8.749639873235378618e-01
8.749279538904899400e-01
8.748918996829057049e-01
8.748558246828143092e-01
8.753606462781303721e-01
8.758660508083140339e-01
8.758302050245452275e-01
8.757943385326401042e-01
8.760473851488008723e-01
8.762648164209309032e-01
8.765182186234817818e-01
8.794655823409817108e-01
8.797210923881464417e-01
8.804885141029369366e-01
8.807446189645142809e-01
8.807099214431189926e-01
8.806752037252619791e-01
8.806404657933042390e-01
8.806057076295864539e-01
8.808622196329740639e-01
8.808275058275057967e-01
8.807927717866511630e-01
8.807580174927113204e-01
8.810148731408573575e-01
8.809801633605600646e-01
8.809454333236066415e-01
8.809106830122591658e-01
8.808759124087591763e-01
8.808411214953271173e-01
8.808063102541630052e-01
8.810637054354178987e-01
8.813212510961707657e-01
8.812865497076023402e-01
8.812518280198888831e-01
8.812170860152135354e-01
8.811475409836065920e-01
8.826979472140762395e-01
8.834751981215145378e-01
8.834409864944215984e-01
8.834067547723934988e-01
8.836662749706227782e-01
8.839259476932118664e-01
8.841857730746619515e-01
8.841517200823286737e-01
8.840835539864666526e-01
8.840494408475574328e-01
8.843096850161907829e-01
8.842756183745582588e-01
8.845360824742267702e-01
8.845020624631703132e-01
8.850235849056603543e-01
8.855457227138643361e-01
8.855119504278547993e-01
8.854781582054309652e-01
8.854443460289341816e-01
8.854105138806851460e-01
8.853766617429837948e-01
8.853427895981087481e-01
8.856044930535028614e-01
8.854690736904409221e-01
8.854351687388987147e-01
8.854012437074326725e-01
8.853672985781990690e-01
8.853333333333333055e-01
8.852993479549495781e-01
8.855618144085384280e-01
8.855278766310794580e-01
8.854939187184811544e-01
8.854599406528189665e-01
8.854259424161472491e-01
8.853578853578853991e-01
8.856209150326797008e-01
8.855529131985730995e-01
8.854848304580607010e-01
8.854507587027670157e-01
8.854166666666666297e-01
8.853825543316463653e-01
8.853484216795711736e-01
8.853142686922848004e-01
8.855780691299165452e-01
8.858420268256333996e-01
8.861061419200954026e-01
8.863704145541306811e-01
8.863365155131265327e-01
8.863025962399283531e-01
8.865671641791045277e-01
8.865332935204538467e-01
8.873281530185296306e-01
8.875934230194320040e-01
8.875598086124402153e-01
8.878253066108285907e-01
8.877917414721723244e-01
8.877581562406464677e-01
8.880239520958084221e-01
8.879568603954464123e-01
8.884892086330935523e-01
8.887556221889055807e-01
8.887222555488901721e-01
8.886888688868886943e-01
8.889555822328931711e-01
8.889222455719003602e-01
8.888555121658155977e-01
8.888221153846154188e-01
8.887886985272016593e-01
8.890559230306674943e-01
8.890225563909774920e-01
8.889891696750902295e-01
8.889557628648810939e-01
8.889223359422034898e-01
8.888888888888888395e-01
8.891566265060241170e-01
8.907664453832226936e-01
8.907334741925747590e-01
8.907004830917873983e-01
8.906674720628209307e-01
8.906344410876132489e-01
8.906013901480810402e-01
8.905683192261184544e-01
8.905352283035984362e-01
8.905021173623713926e-01
8.904689863842663033e-01
8.904358353510896107e-01
8.904026642446261075e-01
8.903694730466383822e-01
8.906392002423507703e-01
8.906060606060606233e-01
8.905729008790542744e-01
8.905397210430563426e-01
8.905065210797694641e-01
8.907766990291262621e-01
8.907435508345978858e-01
8.907103825136611919e-01
8.909808685089584124e-01
8.912515188335358163e-01
8.912184746277727054e-01
8.911854103343465061e-01
8.914563697172392942e-01
8.914233576642335288e-01
8.913903255247946911e-01
8.913572732805843390e-01
8.913242009132420485e-01
8.915956151035322463e-01
8.921389396709323849e-01
8.924108503505029377e-01
8.926829268292683084e-01
8.926501982311680905e-01
8.929225137278828939e-01
8.931949954226426902e-01
8.937404580152671363e-01
8.940134392180818512e-01
8.942865872288420226e-01
8.942219504738612157e-01
8.944954128440366636e-01
8.944631385744875596e-01
8.947368421052631637e-01
8.947046219773492348e-01
8.946723821187997361e-01
8.946401225114855027e-01
8.946078431372549433e-01
8.945755439779343732e-01
8.948497854077253066e-01
8.948175406317080416e-01
8.950920245398773512e-01
8.953666768947530219e-01
8.953345610804174237e-01
8.956094565551120379e-01
8.958845208845208630e-01
8.958525345622120328e-01
8.958205285802089968e-01
8.960959114663387126e-01
8.963714637146371622e-01
8.963395878191325883e-01
8.963076923076923608e-01
8.965835641735918626e-01
8.971358176778564397e-01
8.976887519260400294e-01
8.976572133168927436e-01
8.976256552574776171e-01
8.975940777297963802e-01
8.975624807158284479e-01
8.975308641975308088e-01
8.974992281568385799e-01
8.974042027194066851e-01
8.973090009279307555e-01
8.972772277227722970e-01
8.971817900278724611e-01
8.974597273853779367e-01
8.974279516578865801e-01
8.973961562306261852e-01
8.973643410852712998e-01
8.973325062034739341e-01
8.973006515668631167e-01
8.972687771570453386e-01
8.972368829556038872e-01
8.972049689440994014e-01
8.971730351040695384e-01
8.971410814170291959e-01
8.971091078644699568e-01
8.970451010886469900e-01
8.973242065961418712e-01
8.976034858387799131e-01
8.975716064757160995e-01
8.975397072563064960e-01
8.975077881619937248e-01
8.974758491741975375e-01
8.974438902743142599e-01
8.974119114437169031e-01
8.976918278228321890e-01
8.976279650436953528e-01
8.975960037464876251e-01
8.975640224859462446e-01
8.978444236176195137e-01
8.978125000000000133e-01
8.977805564238824365e-01
8.977485928705440932e-01
8.972989949748744198e-01
8.972667295004712606e-01
8.972344437460716415e-01
8.975165042439484653e-01
8.974842767295597712e-01
8.974520289399182671e-01
8.973874724582939777e-01
8.973551637279596482e-01
8.973228346456693094e-01
8.972581153482508398e-01
8.972257250945775420e-01
8.971933144118574566e-01
8.974763406940062804e-01
8.974439886399495636e-01
8.974116161616161325e-01
8.973792232396590185e-01
8.973468098547062732e-01
8.973143759873617453e-01
8.971844353052831345e-01
8.971518987341772222e-01
8.974358974358974672e-01
8.974034198860038058e-01
8.973709217611656186e-01
8.973058637083993760e-01
8.972733037412808921e-01
8.972407231208372469e-01
8.972081218274111647e-01
8.974928594097112411e-01
8.974603174603175137e-01
8.974277548428072349e-01
8.973951715374841598e-01
8.973625675246266198e-01
8.976478067387158033e-01
8.976152623211446357e-01
8.975826972010177984e-01
8.975501113585746538e-01
8.975175047740292511e-01
8.974848774275708818e-01
8.977707006369426423e-01
8.975095785440613261e-01
8.974440894568690430e-01
8.974113135186960744e-01
8.973785166240408895e-01
8.973456987527982376e-01
8.973128598848368886e-01
8.972799999999999665e-01
8.972471190781049488e-01
8.975344220300992548e-01
8.978219090326713392e-01
8.977891701377763711e-01
8.977564102564102866e-01
8.976908274534958210e-01
8.976580044914982404e-01
8.975922953451043185e-01
8.975594091201027913e-01
8.975265017667845013e-01
8.974935732647815190e-01
8.973616473616473632e-01
8.976504666881235384e-01
8.976175144880875756e-01
8.975845410628019438e-01
8.978737113402062153e-01
8.978407992265549087e-01
8.978078658929722344e-01
8.977749113189293917e-01
8.977419354838709342e-01
8.977089383672152145e-01
8.976759199483538287e-01
8.976098191214469946e-01
8.975767366720517337e-01
8.974773609314359302e-01
8.974110032362460077e-01
8.973113054745708306e-01
8.972780298120544007e-01
8.972447325769854487e-01
8.972114137483787610e-01
8.971113274910743618e-01
8.970779220779220298e-01
8.973692757388762598e-01
8.973359324236517276e-01
8.976275593110172313e-01
8.975942782834850364e-01
8.975609756097561176e-01
8.974609375000000000e-01
8.974275480299577223e-01
8.977198697068403677e-01
8.976865428478332243e-01
8.979791395045632063e-01
8.979458754483208294e-01
8.982387475538160526e-01
8.985318107667210619e-01
8.984986945169712858e-01
8.984655566438132235e-01
8.984323971260613773e-01
8.987259065664815472e-01
8.986928104575163667e-01
8.986596927100359844e-01
8.985933922145894481e-01
8.985602094240837667e-01
8.988543371522095260e-01
8.988212180746562030e-01
8.987880773010153979e-01
8.990825688073394995e-01
8.990494919698459597e-01
8.990163934426229631e-01
8.989832732043292474e-01
8.989501312335957950e-01
8.992451591729569982e-01
8.992120814182534838e-01
8.995073891625615659e-01
8.994743758212877527e-01
8.993421052631579427e-01
8.993089832181638821e-01
8.992758393680052587e-01
8.992426736911425245e-01
8.992094861660079319e-01
8.991430454845088516e-01
8.991097922848664270e-01
8.990765171503958264e-01
8.993731441768393342e-01
8.993399339933992875e-01
8.996368438428524739e-01
8.996036988110964749e-01
8.995705318797488914e-01
8.994708994708994210e-01
8.994376447237842909e-01
8.994043679682329762e-01
8.993710691823899595e-01
8.993377483443708575e-01
8.993044054322623104e-01
8.992710404241219813e-01
8.995691083858137205e-01
8.995358090185676669e-01
8.998341625207296746e-01
8.998009289980093417e-01
9.000995685363425425e-01
9.000664010624169764e-01
9.000332115576220593e-01
9.000000000000000222e-01
8.999667663675640084e-01
8.999335106382978511e-01
9.002327901563019763e-01
9.001663893510815084e-01
9.001331557922769289e-01
9.000999000999001520e-01
8.999666555518506250e-01
8.999332888592395108e-01
8.998998998998999355e-01
8.998664886515354011e-01
8.998330550918196558e-01
8.997995991983968045e-01
8.997661209488807543e-01
9.000668449197860577e-01
9.006688963210702781e-01
9.006356641017062570e-01
9.006024096385542022e-01
9.009039169735520991e-01
9.008707300736771284e-01
9.011725293132328840e-01
9.011394101876675222e-01
9.011062688568555190e-01
9.010399194901039799e-01
9.010067114093959217e-01
9.009734810339039557e-01
9.009402283411686030e-01
9.009069533087000758e-01
9.008736559139784994e-01
9.008403361344538007e-01
9.007736293306424225e-01
9.007402422611036075e-01
9.007068327162571775e-01
9.006734006734006259e-01
9.006399461098012482e-01
9.006064690026953645e-01
9.005729693292888749e-01
9.005394470667565932e-01
9.005059021922428020e-01
9.008097165991902910e-01
9.007762402969963222e-01
9.007427413909520064e-01
9.007092198581559961e-01
9.006756756756756355e-01
9.006085192697769193e-01
9.004739336492890711e-01
9.004402302742973152e-01
9.007452574525744993e-01
9.007116231785835536e-01
9.006779661016949268e-01
9.006442861987113968e-01
9.006105834464043225e-01
9.005768578215134212e-01
9.004755434782608647e-01
9.004417261297995578e-01
9.004078857919782797e-01
9.003740224413464555e-01
9.006802721088434938e-01
9.006464783940115737e-01
9.005788219271365636e-01
9.005449591280654253e-01
9.004092769440654731e-01
9.003752985329238623e-01
9.003412969283276501e-01
9.003072721065209505e-01
9.002732240437157918e-01
9.005807994533652217e-01
9.008885850991114053e-01
9.008547008547008739e-01
9.008207934336525113e-01
9.007868628121792343e-01
9.007529089664613187e-01
9.006509078451524486e-01
9.006168608636052619e-01
9.005827905382242093e-01
9.005145797598628210e-01
9.004804392587508755e-01
9.007554945054945250e-01
9.007214015802129659e-01
9.006872852233677174e-01
9.006189821182943867e-01
9.009287925696594090e-01
9.008947006194081286e-01
9.004837595024187680e-01
9.004493605254061395e-01
9.004149377593361203e-01
9.007263922518159438e-01
9.006920415224913823e-01
9.006576670128072504e-01
9.006232686980609747e-01
9.005199306759098521e-01
9.004854368932039277e-01
9.004509191814082936e-01
9.004163775156142080e-01
9.003818118708781792e-01
9.003472222222221877e-01
9.003126085446335747e-01
9.002779708130645986e-01
9.002433090024331008e-01
9.005563282336578323e-01
9.002441576560864522e-01
9.005582693649686332e-01
9.004888268156424624e-01
9.004540691582256784e-01
9.003496503496503101e-01
9.003147953830010763e-01
9.000701262272089442e-01
9.000350754121361208e-01
9.000000000000000222e-01
8.999648999648999226e-01
8.999297752808989026e-01
8.998946259220231836e-01
8.998594518622627936e-01
8.998242530755711233e-01
8.997890295358649260e-01
8.997185080928923329e-01
9.000351988736360331e-01
9.003521126760563043e-01
9.003170130327580178e-01
9.002818886539817322e-01
9.000706214689265794e-01
9.003885552808195136e-01
9.003533568904593665e-01
9.006716154118062923e-01
9.009900990099010132e-01
9.009550760523523660e-01
9.008498583569405360e-01
9.007795889440113335e-01
9.007444168734490830e-01
9.007092198581559961e-01
9.006739978715856410e-01
9.006387508871540604e-01
9.006034788782392164e-01
9.009232954545454142e-01
9.008880994671403242e-01
9.012082444918265711e-01
9.011731247778173026e-01
9.011379800853485111e-01
9.010676156583630192e-01
9.010323958704165026e-01
9.009971509971509418e-01
9.009618810117563381e-01
9.009265858873841681e-01
9.008912655971479388e-01
9.012125534950071737e-01
9.015340706386014702e-01
9.014989293361884704e-01
9.014637629418065234e-01
9.013933547695605064e-01
9.013581129378127610e-01
9.016803718269574830e-01
9.016452074391988480e-01
9.016100178890876782e-01
9.019327129563350365e-01
9.018976011457214836e-01
9.018273020422787889e-01
9.017921146953404854e-01
9.017569021154535625e-01
9.017216642754662947e-01
9.020452099031216475e-01
9.020100502512562457e-01
9.029823931009701710e-01
9.029475197699496913e-01
9.032722042430780807e-01
9.035971223021582732e-01
9.039222741993523380e-01
9.038530788620814382e-01
9.037837837837837673e-01
9.037143887486476235e-01
9.040404040404040886e-01
9.043666546373150261e-01
9.053468208092485536e-01
9.053126129382002008e-01
9.052783803326103218e-01
9.052441229656419397e-01
9.052098408104196636e-01
9.051755338400289119e-01
9.050724637681158979e-01
9.050380572671257173e-01
9.049691693870148823e-01
9.049001814882032813e-01
9.048656499636892336e-01
9.048310933527061728e-01
9.051598837209302584e-01
9.054889131225009047e-01
9.054545454545454009e-01
9.054201527828301677e-01
9.053512923188933303e-01
9.052823315118396774e-01
9.052478134110787389e-01
9.052132701421801153e-01
9.051787016776076111e-01
9.051441079897847297e-01
9.051094890510948954e-01
9.054399415845199028e-01
9.057706355003651844e-01
9.056327724945135715e-01
9.055982436882547004e-01
9.055636896046852513e-01
9.055291102160381023e-01
9.054945054945054972e-01
9.058263100036643145e-01
9.061583577712609694e-01
9.060895084372707631e-01
9.060550458715596056e-01
9.060205580029369044e-01
9.059860448035255143e-01
9.059515062454077672e-01
9.059169423006248056e-01
9.062500000000000000e-01
9.062155204119161089e-01
9.061810154525385963e-01
9.068483063328424132e-01
9.071823204419889874e-01
9.071138960560265474e-01
9.070796460176990816e-01
9.074142382884544666e-01
9.073800738007380406e-01
9.073458840900701095e-01
9.080162541558921552e-01
9.090236686390532617e-01
9.093599704032556685e-01
9.093264248704663322e-01
9.096630877452794861e-01
9.100000000000000311e-01
9.103371619118192370e-01
9.110122358175750668e-01
9.109792284866469192e-01
9.116555308092056942e-01
9.116227255848495803e-01
9.115898959881129082e-01
9.129464285714286031e-01
9.129140305173055747e-01
9.128816083395383529e-01
9.135618479880774911e-01
9.135296310100633477e-01
9.134973900074571107e-01
9.134651249533756179e-01
9.134328358208955168e-01
9.132385938668661218e-01
9.135802469135801962e-01
9.135479041916167997e-01
9.135155372519655481e-01
9.138576779026217345e-01
9.142000749344323385e-01
9.148856392950881489e-01
9.148537134283570849e-01
9.148217636022514254e-01
9.147897897897897534e-01
9.147577919639504618e-01
9.147257700976709760e-01
9.150695227358136563e-01
9.150375939849624274e-01
9.153817224520496287e-01
9.153498871331828823e-01
9.153180278509597256e-01
9.156626506024095891e-01
9.156308851224105316e-01
9.155990957045968548e-01
9.159442140972483548e-01
9.162895927601809598e-01
9.162580158430780886e-01
9.162264150943396634e-01
9.161947904869761627e-01
9.161631419939576526e-01
9.161314695882131209e-01
9.160997732426303664e-01
9.160680529300566644e-01
9.160045402951191296e-01
9.163512490537472077e-01
9.162878787878787623e-01
9.166350890488821346e-01
9.166034874905231167e-01
9.165718619643534737e-01
9.169195751138088379e-01
9.168880455407969476e-01
9.172361427486712682e-01
9.175845043676414958e-01
9.175531914893616525e-01
9.179019384264538450e-01
9.178707224334601289e-01
9.178394826930391659e-01
9.181887366818873852e-01
9.185382565664256260e-01
9.188880426504189014e-01
9.192380952380951875e-01
9.192073170731707155e-01
9.195577582920320125e-01
9.195270785659801493e-01
9.194963754292254654e-01
9.194656488549618478e-01
9.198167239404352324e-01
9.201680672268907069e-01
9.201375620940007716e-01
9.204892966360855855e-01
9.204588910133842949e-01
9.204284621270084621e-01
9.203980099502487855e-01
9.203675344563553296e-01
9.203370356185369694e-01
9.203065134099617239e-01
9.202453987730061513e-01
9.205983889528193131e-01
9.205679201841903136e-01
9.209213051823416096e-01
9.212749615975422968e-01
9.212447176334997989e-01
9.212144504227517405e-01
9.211841599384852364e-01
9.211538461538461009e-01
9.211235090419391813e-01
9.210931485758275805e-01
9.218027734976887988e-01
9.217726396917148568e-01
9.217424826522744308e-01
9.217123023524874670e-01
9.216820987654320563e-01
9.220378232342725244e-01
9.220077220077219637e-01
9.219775975280031233e-01
9.223338485316846524e-01
9.226903749516814912e-01
9.226604795050270535e-01
9.226305609284333187e-01
9.226006191950464341e-01
9.229578010065815352e-01
9.236729949631925507e-01
9.240310077519380272e-01
9.240015509887553602e-01
9.243599689681923914e-01
9.247186651144742031e-01
9.254368932038834483e-01
9.254079254079253802e-01
9.257675864749319583e-01
9.257387247278382469e-01
9.260987942434850684e-01
9.260700389105058772e-01
9.260412611911249536e-01
9.260124610591899952e-01
9.259836384885079541e-01
9.259547934528449264e-01
9.263157894736842035e-01
9.262870514820592538e-01
9.262582910651580015e-01
9.262295081967213406e-01
9.265911753221397484e-01
9.269531250000000444e-01
9.273153575615474820e-01
9.272869429241594741e-01
9.272585060617911656e-01
9.272300469483567564e-01
9.275929549902152127e-01
9.283196239717979026e-01
9.294117647058823817e-01
9.301412872841444690e-01
9.305064782096583720e-01
9.308719560094265155e-01
9.312377210216109535e-01
9.312106918238993725e-01
9.311836413684624336e-01
9.311565696302124273e-01
9.322301024428684135e-01
9.322033898305084332e-01
9.325709779179810477e-01
9.329388560157790833e-01
9.329123914759274161e-01
9.328859060402684422e-01
9.332543443917851178e-01
9.332279731331489803e-01
9.347051840126632261e-01
9.346793349168646126e-01
9.354199683042788704e-01
9.353943717796274759e-01
9.353687549563838299e-01
9.357397857992859613e-01
9.361111111111111160e-01
9.360857483128225409e-01
9.360603653693407855e-01
9.360349622566547234e-01
9.375248706725030079e-01
9.378980891719744806e-01
9.378733572281959807e-01
9.378486055776892316e-01
9.378238341968911929e-01
9.381977671451355860e-01
9.381731152772238014e-01
9.385474860335195624e-01
9.389221556886228059e-01
9.388977635782748132e-01
9.388733519776268910e-01
9.388489208633093996e-01
9.388244702119152851e-01
9.395758303321328775e-01
9.395516413130504674e-01
9.403044871794872250e-01
9.402805611222444515e-01
9.406575781876503894e-01
9.406337745687926022e-01
9.406099518459068998e-01
9.405861099959855753e-01
9.405622489959839516e-01
9.409401366010445855e-01
9.416968234821069261e-01
9.428341384863123675e-01
9.432138542086185851e-01
9.435938759065269910e-01
9.435711406690850955e-01
9.435483870967742437e-01
9.439290036304961440e-01
9.439063761097659100e-01
9.442874444893015751e-01
9.446688206785137654e-01
9.458147998382531174e-01
9.461974110032362884e-01
9.469635627530363919e-01
9.469420818144997920e-01
9.473257698541328597e-01
9.473044183218484182e-01
9.472830494728304851e-01
9.476673427991886278e-01
9.476461038961039307e-01
9.476248477466504561e-01
9.480097481722177255e-01
9.479886225111743281e-01
9.495319495319495262e-01
9.499185667752443329e-01
9.506927465362673413e-01
9.506726457399102825e-01
9.506525285481239873e-01
9.506323949408405083e-01
9.506122448979591466e-01
9.505920783993466738e-01
9.509803921568626972e-01
9.509603596240294721e-01
9.513491414554374748e-01
9.513292433537832160e-01
9.517184942716857554e-01
9.516987310683585610e-01
9.524784924211389114e-01
9.528688524590164244e-01
9.528495284952849254e-01
9.532403609515996967e-01
9.532211735740664382e-01
9.536124794745484134e-01
9.535934291581108502e-01
9.535743631881675730e-01
9.535552815454171327e-01
9.535361842105263275e-01
9.535170711641299812e-01
9.534979423868312765e-01
9.538904899135446369e-01
9.538714991762767825e-01
9.542645241038318904e-01
9.546578730420445247e-01
9.546391752577320089e-01
9.546204620462046542e-01
9.546017333883615175e-01
9.545829892650702364e-01
9.545642296571664742e-01
9.549586776859504411e-01
9.553534518396031849e-01
9.553349875930521318e-01
9.553165080678527321e-01
9.552980132450331618e-01
9.552795031055900665e-01
9.552609776304887834e-01
9.556568586821384548e-01
9.556384742951906652e-01
9.556200746578182859e-01
9.556016597510373911e-01
9.555832295558323031e-01
9.555647840531561465e-01
9.555463232239301830e-01
9.555278470490440323e-01
9.555093555093555624e-01
9.554908485856905553e-01
9.558884727424052929e-01
9.558701082431306784e-01
9.562682215743439906e-01
9.562500000000000444e-01
9.562317632346810647e-01
9.566305254378648648e-01
9.570296203587818074e-01
9.570116861435725708e-01
9.569937369519833092e-01
9.569757727652464796e-01
9.569577935645633415e-01
9.569397993311036243e-01
9.569217900460058601e-01
9.569037656903766065e-01
9.568857262452908907e-01
9.568676716917923208e-01
9.572685379136992578e-01
9.572506286672254339e-01
9.572147651006711611e-01
9.580184718723762094e-01
9.580008399832002919e-01
9.579831932773109626e-01
9.583858764186633517e-01
9.583683767872162029e-01
9.583508624316364743e-01
9.583333333333333703e-01
9.583157894736842319e-01
9.582982308340354249e-01
9.582806573957016738e-01
9.582630691399662837e-01
9.582454660480810293e-01
9.582278481012658222e-01
9.582102152807091544e-01
9.581925675675675436e-01
9.585973806506126182e-01
9.585798816568047442e-01
9.585623678646933987e-01
9.585448392554991592e-01
9.589504866694879004e-01
9.589331075359864842e-01
9.593392630241422969e-01
9.597457627118644030e-01
9.601526070368799903e-01
9.601357082273113130e-01
9.601187950784896286e-01
9.600849256900212403e-01
9.600679694137638220e-01
9.604759881002974398e-01
9.604591836734693855e-01
9.604423649510845928e-01
9.608510638297872442e-01
9.608343976160068634e-01
9.608177172061328486e-01
9.607843137254902244e-01
9.611940298507463121e-01
9.611774744027303807e-01
9.611609048228766383e-01
9.611443210930827874e-01
9.611277231952156663e-01
9.611111111111111382e-01
9.610944848225737580e-01
9.615055603079555313e-01
9.614890885750962957e-01
9.614726027397260122e-01
9.614561027837259521e-01
9.614395886889459675e-01
9.614230604372052680e-01
9.618353344768438840e-01
9.618189618189618706e-01
9.618025751072961649e-01
9.617861743237441363e-01
9.617697594501718461e-01
9.617533304684142692e-01
9.617368873602751833e-01
9.625645438898451367e-01
9.625484287559190610e-01
9.625322997416020376e-01
9.633620689655172376e-01
9.637774902975420055e-01
9.637618636755823642e-01
9.637462235649546516e-01
9.641623488773747308e-01
9.645788336933045493e-01
9.645635263612791777e-01
9.645482057933419950e-01
9.653829511034184296e-01
9.653679653679653194e-01
9.653529666522303598e-01
9.661898569570871453e-01
9.660869565217391486e-01
9.673487157161515526e-01
9.677700348432055621e-01
9.686137750653879275e-01
9.690361971216746584e-01
9.690226876090750618e-01
9.690091663029244407e-01
9.689956331877729312e-01
9.689820882481432474e-01
9.689685314685314577e-01
9.693788276465441500e-01
9.693654266958424692e-01
9.693385895751204240e-01
9.706140350877192624e-01
9.710399297937691854e-01
9.710272168568919726e-01
9.714536671058410233e-01
9.735915492957746276e-01
9.744493392070484594e-01
9.757388619320688239e-01
9.765901060070670825e-01
9.765797613787008391e-01
9.774436090225563367e-01
9.782993799822852221e-01
9.782801418439716068e-01
9.782608695652174058e-01
9.782415630550621577e-01
9.782318969346956994e-01
9.795373665480426872e-01
9.799732977303070580e-01
9.799643811219946876e-01
9.808206958073149018e-01
9.808121374386434832e-01
9.812499999999999556e-01
9.812416257257704499e-01
9.812332439678284057e-01
9.812248547161377399e-01
9.812080536912751727e-01
9.816390506045677977e-01
9.815895823978446622e-01
9.820305480682839372e-01
9.829136690647481966e-01
9.829059829059828557e-01
9.846777827850382581e-01
9.846708746618575425e-01
9.846501128668171399e-01
9.846362403976502975e-01
9.846292947558770159e-01
9.846223428312980142e-01
9.845665002269632371e-01
9.845594913714804663e-01
9.845454545454545014e-01
9.845313921747043118e-01
9.845173041894352828e-01
9.844748858447488482e-01
9.844535893918610059e-01
9.844179651695692534e-01
9.844108207244383069e-01
9.844036697247706691e-01
9.843821773082223059e-01
9.843678160919540066e-01
9.843534284399447776e-01
9.842519685039370358e-01
9.842227378190254727e-01
9.841565703634669315e-01
9.841343910405973006e-01
9.840749414519905924e-01
9.839471199244570476e-01
9.837008628954937439e-01
9.834871296745992808e-01
9.831849653808111267e-01
9.866803278688525136e-01
1.000000000000000000e+00
