5.000000000000000000e-01
5.008025682182986049e-01
5.008030838419530451e-01
5.065800162469537016e-01
5.066623334416640034e-01
5.067446773931415516e-01
5.072393037253944970e-01
5.073218353400585912e-01
5.074043938161106881e-01
5.074869791666666297e-01
5.074068044929187504e-01
5.088148873653280946e-01
5.088979591836734206e-01
5.089810581319399452e-01
5.090641842234199244e-01
5.093137254901960453e-01
5.094802222948675574e-01
5.095635115252574732e-01
5.096468279921517741e-01
5.098135426889106592e-01
5.099803664921466195e-01
5.100638193421698219e-01
5.101472995090016171e-01
5.103143418467583903e-01
5.103979040445391080e-01
5.104814936128397873e-01
5.107324266754055264e-01
5.109836065573770680e-01
5.112350336230933046e-01
5.115706548498276662e-01
5.116546290216678061e-01
5.117386307667050049e-01
5.126644736842105310e-01
5.128331688055280946e-01
5.134244770219074105e-01
5.133443163097198836e-01
5.160649221596554925e-01
5.240497813656239678e-01
5.267072346179850761e-01
5.267962806424344446e-01
5.340188517566409887e-01
5.342019543973941520e-01
5.342935528120713595e-01
5.343851826444863118e-01
5.346602608098832699e-01
5.347520164750300120e-01
5.348438036388603045e-01
5.349356223175966152e-01
5.352112676056337559e-01
5.353032125064421942e-01
5.355792368511516077e-01
5.356713082344851662e-01
5.357634112792296621e-01
5.358555460017196959e-01
5.359477124183006369e-01
5.367786391042205230e-01
5.387275242047026014e-01
5.398475398475398590e-01
5.399410847340149200e-01
5.400485436893204261e-01
5.401421883128142420e-01
5.402358654179674202e-01
5.402917679749913438e-01
5.403856175091192870e-01
5.404794996525364992e-01
5.406673618352449973e-01
5.407613419085693929e-01
5.409494001043296807e-01
5.410434782608695148e-01
5.409636458514524016e-01
5.408837856645789532e-01
5.408038976857491020e-01
5.408980160111381830e-01
5.408181026979982375e-01
5.409122562674094636e-01
5.410064426258053283e-01
5.411949137780874830e-01
5.412891986062717820e-01
5.413835162920369592e-01
5.414778668525618288e-01
5.422338568935427539e-01
5.425178976776672268e-01
5.428022361984625732e-01
5.429919608528486208e-01
5.430868729243139015e-01
5.440378217475048128e-01
5.458538299367533542e-01
5.459497452117377803e-01
5.458699472759226401e-01
5.457901212866935747e-01
5.458860759493671111e-01
5.460780865283151320e-01
5.464625131995776153e-01
5.467511885895404156e-01
5.466713631560408126e-01
5.468639887244538533e-01
5.469603524229075253e-01
5.470567500881212686e-01
5.471531817380574925e-01
5.472496473906911518e-01
5.473461470640098581e-01
5.479258605472198118e-01
5.480225988700564432e-01
5.482161780289650510e-01
5.493805309734512976e-01
5.507452093683463668e-01
5.508429458740017326e-01
5.507632232871849665e-01
5.509588068181817677e-01
5.510566506837151213e-01
5.511545293072823704e-01
5.513503909026297167e-01
5.514483739114981464e-01
5.516444444444444928e-01
5.517425320056899007e-01
5.518406544549172565e-01
5.517609391675559749e-01
5.528426305471395574e-01
5.529411764705882693e-01
5.530397575325369797e-01
5.534344335414808080e-01
5.535331905781584183e-01
5.534535070497947906e-01
5.535523027490182324e-01
5.548398640186079644e-01
5.549391553328560933e-01
5.603541741958799616e-01
5.604554491234411406e-01
5.605567606652205326e-01
5.606581088410775848e-01
5.607594936708860667e-01
5.611653999276149385e-01
5.612669683257918152e-01
5.613685734974656061e-01
5.615718942412168957e-01
5.620808410367953423e-01
5.621827411167512611e-01
5.623866521581428746e-01
5.626927962257303184e-01
5.636132315521628078e-01
5.642285298398835858e-01
5.651540003644979215e-01
5.652570178636528997e-01
5.653600729261623048e-01
5.657726692209450459e-01
5.658759124087591186e-01
5.659791932834459249e-01
5.660825118656443999e-01
5.660032864706956435e-01
5.661066471877282957e-01
5.660273972602739567e-01
5.661308001461453632e-01
5.662342408185638831e-01
5.663377192982456121e-01
5.662584536647778943e-01
5.663619744058501215e-01
5.662826842201499344e-01
5.664898481799890417e-01
5.665934870106110743e-01
5.666971637694419028e-01
5.679442508710801363e-01
5.680484225972119994e-01
5.681526325444872239e-01
5.682568807339449801e-01
5.683611671866397597e-01
5.684654919236417081e-01
5.685698549660364032e-01
5.688831741366642269e-01
5.689876906117949940e-01
5.690922454979786549e-01
5.697203826342899236e-01
5.698252069917203455e-01
5.699300699300698936e-01
5.698509110988404514e-01
5.699558173784977644e-01
5.700607622905542460e-01
5.702707680972555204e-01
5.703758290346352400e-01
5.704809286898838705e-01
5.704017692591227817e-01
5.705069124423962634e-01
5.706120943952802671e-01
5.712440014765596263e-01
5.713494554181280938e-01
5.714549483013293685e-01
5.715604801477377483e-01
5.725120236773955096e-01
5.736793327154773303e-01
5.737856878012607131e-01
5.738920823289449524e-01
5.738130563798219397e-01
5.737340011129660189e-01
5.738404452690166746e-01
5.737613657450362226e-01
5.738678544914624924e-01
5.745076179858789045e-01
5.746143839435049472e-01
5.747211895910780965e-01
5.748280349507343123e-01
5.747489773149869752e-01
5.748558675841547450e-01
5.749627976190476719e-01
5.750697674418604466e-01
5.766791044776119479e-01
5.814522197140706838e-01
5.815616180620883924e-01
5.817805383022773835e-01
5.818900602409639022e-01
5.819996234230842003e-01
5.825480588013569605e-01
5.827677224736048656e-01
5.829875518672199552e-01
5.833176070956784809e-01
5.834277085692713971e-01
5.843100189035916880e-01
5.844204953677444303e-01
5.845310136157337855e-01
5.849735049205148085e-01
5.851950018932222664e-01
5.853058132929369606e-01
5.854166666666666963e-01
5.855275620382648372e-01
5.856384994316028436e-01
5.859715639810426646e-01
5.867501898253606463e-01
5.894355453852021531e-01
5.895479687201983232e-01
5.897729440946384294e-01
5.901107292859870679e-01
5.902234103494367057e-01
5.903361344537815247e-01
5.904489016236866838e-01
5.903706534199465450e-01
5.902923753105293603e-01
5.904051987767584553e-01
5.908569242540168132e-01
5.910830463069268736e-01
5.911961722488038307e-01
5.915358100344695336e-01
5.916491093660218858e-01
5.918758382831960096e-01
5.921027410389112511e-01
5.922162576687116653e-01
5.923298178331735109e-01
5.924434215573456397e-01
5.923652407442930867e-01
5.925925925925925597e-01
5.927063339731285518e-01
5.928201190247648356e-01
5.927419354838709964e-01
5.926637219128096934e-01
5.927775643488282231e-01
5.928914505283381375e-01
5.928132205995387816e-01
5.929271574091870001e-01
5.931551624687559920e-01
5.930769230769230571e-01
5.931909982688978733e-01
5.933051173528279820e-01
5.932268616509525083e-01
5.931485758275596432e-01
5.930702598652550783e-01
5.929919137466307388e-01
5.931061043712689829e-01
5.930277349768875439e-01
5.933705916361533550e-01
5.932922127987664274e-01
5.935210181257231099e-01
5.942084942084941979e-01
5.941301409538520817e-01
5.944744976816074278e-01
5.947042906841901733e-01
5.948192538179006839e-01
5.947409126063418761e-01
5.948559272867917080e-01
5.950860901528342017e-01
5.952012383900928683e-01
5.953164311979872725e-01
5.952380952380952328e-01
5.955839628123184015e-01
5.955056179775281011e-01
5.954272427824065517e-01
5.955426356589147430e-01
5.956580732700135217e-01
5.957735556417216305e-01
5.958890828000775741e-01
5.960046547711403964e-01
5.961202715809893471e-01
5.962359332557236602e-01
5.963516398214632197e-01
5.964673913043477826e-01
5.965831877305377562e-01
5.966990291262136425e-01
5.975111802449931675e-01
5.976273823415013675e-01
5.978599221789883122e-01
5.979762599727573846e-01
5.980926430517711223e-01
5.980144052949192268e-01
5.981308411214952825e-01
5.982473222979551863e-01
5.981690689520841042e-01
5.980907851159166233e-01
5.982073265783320881e-01
5.983239134671604065e-01
5.985572236303372540e-01
5.986739469578783446e-01
5.987907158182173006e-01
5.987124463519313267e-01
5.986341463414633912e-01
5.985558157689305769e-01
5.986726527425336730e-01
5.987895353377586938e-01
5.994917904612978576e-01
5.996089931573802545e-01
5.997262416894798553e-01
5.999608763693270452e-01
6.000782625709254470e-01
5.999999999999999778e-01
6.001174398120963094e-01
6.003524574113960899e-01
6.005876591576885248e-01
6.007053291536049722e-01
6.036693627934504036e-01
6.121224244848969542e-01
6.136409227683049528e-01
6.135634028892456016e-01
6.139329451917285851e-01
6.140562248995984351e-01
6.144263612618042769e-01
6.145498392282958688e-01
6.146733668341708423e-01
6.167809600645421941e-01
6.169053863223723511e-01
6.170298627925746571e-01
6.171543895055499052e-01
6.172789664917238683e-01
6.176529993940618191e-01
6.175757575757575557e-01
6.177005455647605059e-01
6.178253839935327063e-01
6.179502728926622446e-01
6.180752122927618553e-01
6.182002022244691419e-01
6.183252427184465772e-01
6.184503338053813914e-01
6.183731282881425040e-01
6.184982797004654476e-01
6.186234817813764941e-01
6.187487345616521361e-01
6.186715269339814194e-01
6.187968401863479517e-01
6.189222042139383984e-01
6.190476190476190688e-01
6.189704094041346139e-01
6.192214111922140773e-01
6.206055679739890252e-01
6.207317073170731669e-01
6.211104331909701459e-01
6.212367778681855413e-01
6.213631739572736956e-01
6.214896214896215021e-01
6.217426710097719855e-01
6.218692730604764574e-01
6.217922606924644047e-01
6.217152169484619906e-01
6.216381418092910005e-01
6.225260150989594399e-01
6.226530612244898233e-01
6.227801592161665845e-01
6.228303042679191881e-01
6.227532679738562171e-01
6.236449171609735886e-01
6.256925918325466629e-01
6.256157635467980427e-01
6.255389037158693988e-01
6.257958513041692594e-01
6.259244042728019375e-01
6.258475446887199478e-01
6.259761611179613938e-01
6.261048304213772120e-01
6.260279605263158187e-01
6.261566933991363770e-01
6.260798025503907516e-01
6.260028800658300474e-01
6.261316872427983293e-01
6.262605474377443970e-01
6.261836146562371752e-01
6.263125386040765408e-01
6.262355848434926209e-01
6.263645726055613316e-01
6.264936135146270679e-01
6.266227076035442156e-01
6.267518549051936949e-01
6.268810554524840706e-01
6.270103092783505527e-01
6.271396164157557740e-01
6.272689768976897895e-01
6.271920775737569453e-01
6.271151465125877067e-01
6.270381836945304599e-01
6.272971298781746530e-01
6.275562900227226182e-01
6.276859504132231704e-01
6.283350568769390243e-01
6.284650393049234784e-01
6.285950755224498643e-01
6.287251655629139124e-01
6.288553094597392201e-01
6.289855072463768071e-01
6.289086767446676607e-01
6.288318144159071865e-01
6.289620882535736923e-01
6.290924160795690057e-01
6.292227979274611638e-01
6.293532338308457375e-01
6.291225886745488438e-01
6.292531120331950056e-01
6.293836895621498506e-01
6.295143212951431755e-01
6.293604651162790775e-01
6.292834890965731676e-01
6.294142085583713797e-01
6.295449823394971833e-01
6.294679966749792133e-01
6.295988360008314411e-01
6.297297297297297369e-01
6.302538493549729726e-01
6.301768990634755152e-01
6.303080766028309467e-01
6.304393087653550332e-01
6.303623490212411085e-01
6.307564075849134699e-01
6.308878699458108086e-01
6.311509591326105451e-01
6.315460045900270769e-01
6.316777963272119933e-01
6.319415448851773975e-01
6.320735017749008477e-01
6.322055137844611039e-01
6.323375809484018673e-01
6.324697033012954828e-01
6.326018808777429392e-01
6.327341137123745352e-01
6.328664018398494351e-01
6.329987452948556692e-01
6.331311441121104666e-01
6.332635983263598112e-01
6.335286730849727377e-01
6.336612936989742817e-01
6.337939698492461860e-01
6.339267015706806507e-01
6.340594888981986310e-01
6.341923318667505027e-01
6.343252305113160627e-01
6.345911949685534292e-01
6.347242608513314899e-01
6.348573825503355250e-01
6.349905601006922140e-01
6.351237935375576571e-01
6.352570828961174865e-01
6.351039260969977285e-01
6.355042016806722316e-01
6.354276108426140102e-01
6.359621451104100487e-01
6.367656348704990865e-01
6.368997472620050448e-01
6.370339161575732101e-01
6.368043844856661195e-01
6.369386464263124825e-01
6.370729649936736072e-01
6.372073402235814976e-01
6.373417721518986889e-01
6.374762608145178033e-01
6.376108062473617721e-01
6.378800675675675436e-01
6.380147835269270873e-01
6.381495564005069676e-01
6.382843862243819943e-01
6.384192730346576194e-01
6.385542168674698260e-01
6.384778012684989568e-01
6.386128145485303609e-01
6.387478849407783876e-01
6.388830124814892653e-01
6.390181972069403082e-01
6.391534391534391402e-01
6.392887383573242488e-01
6.395595086827615683e-01
6.396949798771446316e-01
6.398305084745762317e-01
6.399660945115490662e-01
6.401017380245866972e-01
6.402374390502437729e-01
6.401611535199321912e-01
6.404327535002121152e-01
6.405686399321026681e-01
6.407045840407470383e-01
6.408405858628741791e-01
6.409766454352441301e-01
6.411127627946485719e-01
6.412489379779099385e-01
6.413851710218823055e-01
6.415214619634509452e-01
6.416578108395324387e-01
6.420672054444916954e-01
6.422037864284194653e-01
6.423404255319148382e-01
6.422643115556501137e-01
6.424010217113665933e-01
6.425377900787736518e-01
6.426746166950596528e-01
6.429484448231784777e-01
6.430854464095461243e-01
6.433596248134726414e-01
6.434968017057569600e-01
6.436340371081253897e-01
6.437713310580204240e-01
6.439086835929165309e-01
6.440460947503201528e-01
6.443210930828351390e-01
6.444586803331198155e-01
6.447340311899166787e-01
6.446581196581196993e-01
6.447958965590938618e-01
6.449337323642582165e-01
6.450716271113962064e-01
6.453475935828877352e-01
6.454856653829695867e-01
6.456237962764819205e-01
6.457619863013698280e-01
6.459002354956112635e-01
6.460385438972162664e-01
6.459627329192546563e-01
6.461011139674378567e-01
6.462395543175487589e-01
6.463780540077154191e-01
6.465166130760986452e-01
6.466552315608918855e-01
6.467939095003216732e-01
6.469326469326469597e-01
6.470714438961596704e-01
6.472103004291845929e-01
6.473492165700793777e-01
6.480446927374301502e-01
6.481839673329035101e-01
6.483233018056749897e-01
6.484626961943668055e-01
6.486021505376343699e-01
6.487416648741665126e-01
6.488812392426850373e-01
6.491605682307360903e-01
6.493003229278794253e-01
6.494401378122308666e-01
6.495800129226793063e-01
6.497199482981473873e-01
6.500000000000000222e-01
6.501401164043975056e-01
6.502802932298404892e-01
6.504205305154194816e-01
6.505608283002588532e-01
6.507011866235167252e-01
6.508416055243849696e-01
6.509820850420893201e-01
6.511226252158894834e-01
6.514038876889848284e-01
6.513285806869734129e-01
6.514693171996542853e-01
6.516101145450615695e-01
6.517509727626459304e-01
6.518918918918918948e-01
6.520328719723182953e-01
6.521739130434782705e-01
6.523150151449589318e-01
6.525974025974026205e-01
6.531629116117850797e-01
6.552923277548359238e-01
6.554347826086956985e-01
6.553598608393128577e-01
6.555023923444975864e-01
6.559303590859629773e-01
6.562159808404093297e-01
6.563588850174215672e-01
6.565018514484861623e-01
6.566448801742919006e-01
6.569311246730601406e-01
6.570743405275779603e-01
6.572176188399476704e-01
6.576478289330133231e-01
6.579349487011569853e-01
6.580786026200873273e-01
6.582223192836863523e-01
6.583660987330711700e-01
6.582914572864321245e-01
6.584353146853146876e-01
6.585792349726775630e-01
6.587232181897682004e-01
6.586485895473430663e-01
6.587926509186351476e-01
6.589367753226864632e-01
6.588621444201312460e-01
6.590063471219085312e-01
6.591506129597197727e-01
6.592949419750383511e-01
6.594393342093736177e-01
6.592900964066608083e-01
6.594345825115055515e-01
6.597237447928085974e-01
6.598684210526315486e-01
6.604477611940298143e-01
6.605927552140504755e-01
6.607378129117259524e-01
6.608829343290137937e-01
6.609536365633926769e-01
6.606553771717615930e-01
6.608007039155301410e-01
6.609460946094609657e-01
6.612370680167289905e-01
6.613826508146191108e-01
6.615282977317771262e-01
6.616740088105727002e-01
6.618197840934126885e-01
6.619656236227412505e-01
6.621115274410402929e-01
6.622574955908289152e-01
6.625496250551389243e-01
6.629883028029132097e-01
6.631346578366446032e-01
6.632810775005519854e-01
6.634275618374558814e-01
6.635741108902142305e-01
6.637207247017233858e-01
6.638674033149171150e-01
6.640141467727674884e-01
6.639398629228387971e-01
6.642335766423357324e-01
6.643805309734512887e-01
6.645275503429962649e-01
6.646746347941566713e-01
6.646003984945760834e-01
6.647475642161204679e-01
6.648947951273532775e-01
6.650420912715995225e-01
6.649678705960558878e-01
6.651152482269503396e-01
6.652626911992906011e-01
6.657054125998225214e-01
6.658531173729753672e-01
6.660008877052818743e-01
6.661487236403995649e-01
6.662966252220248187e-01
6.664445924938929844e-01
6.665926254997778244e-01
6.673337780742717440e-01
6.676307007786429493e-01
6.675567423230974740e-01
6.677053193857110935e-01
6.678539626001780416e-01
6.680026720106880811e-01
6.681514476614699438e-01
6.683002895967921075e-01
6.684491978609625740e-01
6.683753064408290978e-01
6.683013820775747238e-01
6.684503901895205713e-01
6.685994647636038790e-01
6.685255409324113440e-01
6.686746987951807109e-01
6.691225720026792168e-01
6.695710455764074531e-01
6.697206703910614234e-01
6.700201207243460244e-01
6.703198389622008202e-01
6.704697986577181634e-01
6.706198254643096490e-01
6.707699194270366760e-01
6.709200805910007226e-01
6.710703090013434569e-01
6.709966405375139553e-01
6.711469534050179542e-01
6.712973336320859907e-01
6.717488789237667790e-01
6.718995290423861455e-01
6.720502467474204211e-01
6.722010320843616604e-01
6.723518850987432183e-01
6.726537943421643240e-01
6.725802829553110262e-01
6.728824983149853667e-01
6.734877445468855361e-01
6.739423942394239253e-01
6.740940805761872490e-01
6.743976581850934515e-01
6.743243243243243201e-01
6.744762333858976833e-01
6.744028841820639553e-01
6.745548794230336043e-01
6.747069431920649230e-01
6.746335963923336676e-01
6.745602165087957180e-01
6.747123843898037432e-01
6.748646209386282013e-01
6.750169262017603478e-01
6.753217430571235580e-01
6.754742547425474086e-01
6.756268353286649653e-01
6.755535472209670544e-01
6.757062146892655052e-01
6.758589511754068413e-01
6.757856658376667491e-01
6.759384893713251685e-01
6.758651888712960965e-01
6.761710794297352001e-01
6.760977818017201990e-01
6.762508489925288524e-01
6.774778861419823439e-01
6.776315789473684736e-01
6.775584297708191484e-01
6.777122106218792519e-01
6.784821631447398582e-01
6.784090909090909616e-01
6.783359854512389653e-01
6.784902228285584203e-01
6.787989080982711476e-01
6.789533560864619011e-01
6.791078743741465473e-01
6.792624630093330174e-01
6.795718515144614225e-01
6.798815219867851978e-01
6.800364630811303046e-01
6.801914748119444187e-01
6.801185590515276269e-01
6.802736602052451564e-01
6.804288321167882847e-01
6.805840748345881597e-01
6.807393884071200052e-01
6.808947728829034540e-01
6.810502283105023258e-01
6.812057547385247380e-01
6.815170207904958088e-01
6.816727605118829691e-01
6.818285714285714505e-01
6.822964318389752592e-01
6.824525280256233950e-01
6.827649347676814084e-01
6.826923076923077094e-01
6.826196473551637833e-01
6.827759963353183803e-01
6.827033218785796276e-01
6.828597616865260678e-01
6.830162732065092612e-01
6.833295115799128405e-01
6.863196683555965460e-01
6.899745311414678950e-01
6.917363045496750518e-01
6.918969120037148368e-01
6.918253599628425565e-01
6.917537746806039500e-01
6.920752963049036088e-01
6.922361692236169706e-01
6.923971169495466427e-01
6.925581395348837654e-01
6.924866247964642785e-01
6.926477431363424753e-01
6.931315483119906418e-01
6.930600838379133988e-01
6.935446282917734351e-01
6.937062937062936641e-01
6.936348799253905240e-01
6.937966417910447214e-01
6.937252157686027987e-01
6.938870741950536880e-01
6.940490081680280587e-01
6.942110177404294813e-01
6.941396217604482999e-01
6.943017281644091598e-01
6.944639103013314774e-01
6.943925233644859807e-01
6.943211030614629964e-01
6.942496493688639081e-01
6.944119710077156782e-01
6.945743685687558733e-01
6.950620173180435124e-01
6.953874970732849548e-01
6.955503512880562011e-01
6.957132817990161477e-01
6.958762886597937847e-01
6.958050152331849425e-01
6.959681200187529670e-01
6.961313012895662400e-01
6.962945590994371603e-01
6.964578935022285311e-01
6.966213045518535596e-01
6.977673325499412771e-01
6.979313587212035985e-01
6.982596425211664570e-01
6.984239002587626644e-01
6.985882352941176210e-01
6.987526476818074483e-01
6.986817325800376288e-01
6.986107840828820192e-01
6.985398021667451607e-01
6.987043580683156563e-01
6.988689915174364220e-01
6.990337025689370432e-01
6.991984912776991745e-01
6.993633576986559852e-01
6.992924528301887044e-01
6.994574192026421500e-01
6.993865030674846217e-01
6.993155534576350751e-01
6.994806421152029996e-01
6.996458087367177781e-01
6.998110533774208886e-01
6.999763760926057676e-01
7.003072559678562570e-01
7.004728132387706419e-01
7.006384488058642335e-01
7.008041627246924810e-01
7.011358258400378629e-01
7.010650887573964818e-01
7.012310606060605522e-01
7.013971110584892310e-01
7.017294479981046607e-01
7.018957345971563733e-01
7.020621000237022846e-01
7.019207967749585553e-01
7.018500948766603909e-01
7.020166073546856289e-01
7.021831988609397168e-01
7.023498694516970842e-01
7.022792022792022637e-01
7.024459748278318871e-01
7.023045854122119680e-01
7.026384597100071572e-01
7.025677603423680084e-01
7.024970273483948091e-01
7.026641294005708804e-01
7.031659128778862122e-01
7.033333333333333659e-01
7.035008335317932682e-01
7.034302048594568424e-01
7.035978079580652578e-01
7.037654909437559558e-01
7.039332538736591260e-01
7.038626609442060200e-01
7.040305270689244388e-01
7.048710601719198054e-01
7.053763440860214562e-01
7.055449330783938322e-01
7.057136026775041593e-01
7.058823529411765163e-01
7.060511839272901602e-01
7.062200956937798590e-01
7.060090974383529394e-01
7.059386973180076241e-01
7.061077844311377527e-01
7.062769525634882140e-01
7.064462017733045274e-01
7.066155321188878347e-01
7.069544364508393297e-01
7.072936660268713815e-01
7.074634029277657721e-01
7.073931829092654500e-01
7.073229291716686129e-01
7.074927953890489674e-01
7.074225318280086272e-01
7.075925036040364713e-01
7.077625570776255870e-01
7.079326923076922906e-01
7.078624669391681001e-01
7.077922077922077504e-01
7.077219148424344075e-01
7.078922040423484274e-01
7.080625752105896842e-01
7.084035636888995624e-01
7.083333333333333703e-01
7.082630691399662837e-01
7.084337349397590300e-01
7.086044830079537560e-01
7.087753134040502001e-01
7.087050880154328603e-01
7.088760250844187150e-01
7.090470446320868980e-01
7.089768339768339755e-01
7.089065894279507063e-01
7.092489736778555542e-01
7.094202898550724390e-01
7.095916888137231426e-01
7.095215079748671272e-01
7.096930142615421877e-01
7.096228239845261410e-01
7.097944377267231264e-01
7.099661344944363517e-01
7.101379143479312761e-01
7.103097773475314236e-01
7.104817235536189379e-01
7.106537530266343605e-01
7.108258658270767416e-01
7.111703416525321231e-01
7.113427047988366558e-01
7.115151515151515449e-01
7.125515901917941486e-01
7.124817872753763659e-01
7.126548457614767518e-01
7.133479212253829305e-01
7.135214007782101353e-01
7.138686131386861033e-01
7.147381242387332856e-01
7.149122807017543879e-01
7.150865220570314928e-01
7.152608483666503814e-01
7.154352596927578967e-01
7.156097560975609451e-01
7.157843376433276061e-01
7.159590043923865776e-01
7.158896753722235884e-01
7.158203125000000000e-01
7.159951159951160049e-01
7.161700048851978861e-01
7.161006596628389786e-01
7.160312805474096098e-01
7.162063065265216188e-01
7.172582619339045173e-01
7.174338883447600734e-01
7.176096007837374779e-01
7.177853993140617117e-01
7.177162460181327752e-01
7.176470588235294157e-01
7.178229958323117943e-01
7.179990191270230193e-01
7.181751287711553022e-01
7.185276073619631942e-01
7.187039764359351990e-01
7.188804321139209419e-01
7.194103194103194099e-01
7.193413615138855022e-01
7.198721101819970380e-01
7.200492004920049371e-01
7.202263779527559029e-01
7.204036426285995720e-01
7.203348104382077954e-01
7.205121891159812497e-01
7.206896551724137900e-01
7.208672086720867567e-01
7.207984228684081174e-01
7.209760907074193037e-01
7.211538461538461453e-01
7.215096201282683586e-01
7.214409079694054094e-01
7.216189536031589746e-01
7.217970871389780552e-01
7.221536181773277052e-01
7.220849802371541726e-01
7.220163083765752665e-01
7.221947602570439884e-01
7.223733003708281419e-01
7.225519287833828130e-01
7.230883444691907913e-01
7.232673267326732436e-01
7.234463976231740867e-01
7.236255572065378727e-01
7.235570968540995240e-01
7.234886025768086926e-01
7.238472979672780916e-01
7.240267790726506725e-01
7.242063492063491870e-01
7.243860084346316341e-01
7.245657568238212942e-01
7.247455944403077277e-01
7.251055376210578940e-01
7.254658385093167849e-01
7.256461232604374256e-01
7.255779269202088377e-01
7.257583291894579292e-01
7.259388211887589648e-01
7.258706467661691919e-01
7.260512565314755085e-01
7.264127458302215290e-01
7.265936254980079889e-01
7.267745952677459043e-01
7.269556552067762967e-01
7.268876152504361032e-01
7.270687936191425615e-01
7.270007479431562780e-01
7.271820448877805987e-01
7.271139935145921607e-01
7.272954091816367095e-01
7.272273521337658808e-01
7.274088866699950362e-01
7.275905118601747601e-01
7.275224775224775620e-01
7.277042218336248203e-01
7.276361819090454430e-01
7.278180454886278294e-01
7.279999999999999805e-01
7.281820455113778845e-01
7.283641820910454756e-01
7.285464098073555217e-01
7.284784784784784639e-01
7.286608260325406761e-01
7.288432648973459660e-01
7.290257951414975679e-01
7.292084168336673278e-01
7.293911300425958144e-01
7.295739348370927635e-01
7.297568312860366335e-01
7.299398194583751609e-01
7.301228994231251379e-01
7.300551931761164459e-01
7.302383939774153010e-01
7.304216867469879304e-01
7.309721175584024122e-01
7.311557788944723635e-01
7.310882131188740640e-01
7.316398390342052638e-01
7.318238993710691753e-01
7.320080523402113792e-01
7.321922980115781465e-01
7.323766364551863584e-01
7.325610677411231730e-01
7.327455919395465811e-01
7.326782564877802884e-01
7.328629032258064946e-01
7.330476430552054223e-01
7.329803328290468434e-01
7.331651954602774746e-01
7.333501513622603385e-01
7.335352006056018448e-01
7.337203432609793463e-01
7.339055793991415833e-01
7.342763324071734932e-01
7.344618494188984714e-01
7.346474601971190177e-01
7.348331648129423632e-01
7.350189633375474596e-01
7.352048558421850899e-01
7.353908423981786457e-01
7.355769230769231282e-01
7.357630979498861468e-01
7.356292732337300633e-01
7.358156028368794122e-01
7.361885453623923103e-01
7.361216730038022682e-01
7.364950545270099180e-01
7.366818873668188328e-01
7.368688150215680910e-01
7.370558375634517212e-01
7.372429550647372487e-01
7.374301675977653625e-01
7.387433223098448520e-01
7.389312977099237179e-01
7.391193687961313818e-01
7.393075356415478305e-01
7.394957983193277684e-01
7.394294447274579740e-01
7.396178343949044720e-01
7.399949018608208418e-01
7.401835798062212923e-01
7.401173170109666133e-01
7.403061224489796421e-01
7.404950242408777639e-01
7.406840224604389622e-01
7.408731171815164940e-01
7.408069458631256765e-01
7.409961685823754918e-01
7.411854879918242656e-01
7.415644171779141036e-01
7.417540271030427235e-01
7.419437340153453020e-01
7.418777180864670751e-01
7.420675537359262552e-01
7.422574865625799490e-01
7.424475166410650084e-01
7.426376440460947803e-01
7.430181911350243196e-01
7.432086109687340292e-01
7.439712673165725931e-01
7.441621760328457347e-01
7.443531827515400545e-01
7.447354904982023127e-01
7.456929802005657359e-01
7.455621301775148257e-01
7.457539886773031368e-01
7.459459459459459874e-01
7.458805355303810281e-01
7.460726242595930868e-01
7.462648119526017476e-01
7.464570986859057067e-01
7.466494845360824861e-01
7.468419695797886559e-01
7.470345538937597230e-01
7.472272375548104639e-01
7.479989672088820374e-01
7.479338842975206125e-01
7.481270989408421723e-01
7.483204134366925331e-01
7.487073422957600810e-01
7.492884864165588743e-01
7.494824016563147451e-01
7.496764172922598668e-01
7.498705334023821889e-01
7.500647500647500410e-01
7.502590673575129099e-01
7.504534853589012178e-01
7.506480041472265441e-01
7.508426238008815146e-01
7.507780082987551840e-01
7.507133592736705552e-01
7.509081473793460804e-01
7.511030365948611065e-01
7.509090909090908594e-01
7.511041829046505303e-01
7.510395010395010118e-01
7.509747855471796685e-01
7.511700468018720489e-01
7.513654096228868928e-01
7.515608740894901274e-01
7.521478781567300098e-01
7.523437499999999778e-01
7.525397238864287575e-01
7.527357998957791008e-01
7.545050927135021901e-01
7.547021943573667402e-01
7.546380977266788914e-01
7.545739675901724786e-01
7.547712418300653869e-01
7.549686192468618717e-01
7.551660999215276115e-01
7.553636839351125509e-01
7.555613713687516775e-01
7.557591623036649109e-01
7.559570568211573249e-01
7.561550550026191475e-01
7.560911710767618255e-01
7.562893081761006275e-01
7.564875491480995695e-01
7.566858940744625173e-01
7.568843430369787129e-01
7.568205666316893954e-01
7.567567567567567988e-01
7.569553805774278388e-01
7.568915725912312986e-01
7.568277310924369505e-01
7.570265300761754856e-01
7.572254335260115710e-01
7.571616294349540199e-01
7.573606729758148859e-01
7.575598211937943915e-01
7.574960547080483719e-01
7.576953433307024310e-01
7.578947368421052877e-01
7.580942353250855748e-01
7.582938388625591886e-01
7.584935475375296221e-01
7.586933614330874098e-01
7.590933052187665009e-01
7.592934352755075222e-01
7.594936708860760000e-01
7.598944591029023199e-01
7.600950118764845387e-01
7.602956705385427449e-01
7.604964351729601724e-01
7.606973058637084284e-01
7.608982826948480493e-01
7.608350951374207582e-01
7.610362146444620279e-01
7.612374405076679507e-01
7.614387728114255793e-01
7.616402116402116729e-01
7.615771368086795556e-01
7.615140285865537040e-01
7.614508869473126662e-01
7.616525423728813804e-01
7.618543046357615367e-01
7.620561738208797564e-01
7.626624237602758205e-01
7.625994694960211984e-01
7.628018041920934245e-01
7.630042462845010309e-01
7.634094530005310908e-01
7.636122177954847157e-01
7.638150903294367300e-01
7.640180706882806483e-01
7.642211589580010234e-01
7.644243552246743345e-01
7.646276595744680993e-01
7.648310720936418727e-01
7.647684938797232324e-01
7.649720521692839892e-01
7.651757188498402584e-01
7.653794940079893250e-01
7.657873701039168424e-01
7.657249466950959427e-01
7.659290855771794249e-01
7.661333333333333329e-01
7.663376900506801981e-01
7.662753468516542155e-01
7.664798505471043244e-01
7.664175120128137175e-01
7.666221628838451041e-01
7.668269230769231282e-01
7.670317926796687003e-01
7.669695350080171226e-01
7.669072440523924117e-01
7.668449197860962574e-01
7.670500133725595138e-01
7.672552166934188955e-01
7.674605298367674910e-01
7.673982869379014637e-01
7.673360107095046345e-01
7.675415104445634240e-01
7.677471202785962623e-01
7.679528403001071313e-01
7.681586705976949370e-01
7.683646112600536204e-01
7.685706623759721579e-01
7.687768240343347825e-01
7.689830963241213180e-01
7.691894793344068448e-01
7.693959731543623670e-01
7.693340494092373305e-01
7.692720923986032799e-01
7.692101020956475521e-01
7.694168234345606372e-01
7.693548387096774688e-01
7.697686928456158872e-01
7.699757869249395092e-01
7.699138858988159306e-01
7.701211305518169681e-01
7.703284868066774260e-01
7.702666307568004633e-01
7.702047413793103869e-01
7.704122877930477120e-01
7.706199460916441923e-01
7.705581019142625498e-01
7.707659115426105378e-01
7.709738332883733225e-01
7.711818672423097487e-01
7.713900134952766940e-01
7.713282937365010250e-01
7.715365919524709293e-01
7.717450027012425773e-01
7.716833288300459781e-01
7.718918918918918903e-01
7.723093564088696628e-01
7.722477684609142523e-01
7.721861471861471982e-01
7.723951285520974652e-01
7.723335138061722116e-01
7.725426482534524242e-01
7.724810400866738425e-01
7.726903278244378059e-01
7.728997289972899809e-01
7.731092436974790205e-01
7.733188720173536090e-01
7.735286140493625728e-01
7.737384698860553245e-01
7.739484396200814187e-01
7.738870792616721062e-01
7.738256855824056091e-01
7.737642585551330887e-01
7.739744634610160601e-01
7.739130434782608425e-01
7.738515901060070146e-01
7.740619902120717821e-01
7.742725047593146392e-01
7.746938775510203712e-01
7.746325530756668076e-01
7.748434522188946127e-01
7.750544662309367672e-01
7.749931898665214369e-01
7.752043596730244790e-01
7.756270447110141797e-01
7.758385601308971369e-01
7.757774140752864422e-01
7.759890859481582970e-01
7.759279475982532315e-01
7.765637803878722156e-01
7.765027322404371990e-01
7.767149494397376230e-01
7.766539092400218669e-01
7.768662838392125236e-01
7.770787746170678689e-01
7.772913816689466238e-01
7.775041050903119810e-01
7.774431973720229427e-01
7.773822562979189055e-01
7.775951794029033470e-01
7.778082191780821830e-01
7.780213757193751301e-01
7.782346491228070429e-01
7.786615469007130974e-01
7.785400658616904446e-01
7.784792753225363571e-01
7.784184514003295030e-01
7.783575940675638849e-01
7.785714285714285809e-01
7.789994502473887028e-01
7.792136376134176645e-01
7.794279427942794047e-01
7.793672627235213035e-01
7.795817281232800822e-01
7.795210569777043519e-01
7.794603524229074543e-01
7.796750206554667884e-01
7.798898071625344208e-01
7.801047120418848069e-01
7.803197353914002043e-01
7.805348773090708958e-01
7.807501378929950775e-01
7.806896551724138433e-01
7.806291390728476998e-01
7.805685895666574226e-01
7.805080066261733673e-01
7.807235570284452031e-01
7.809392265193370042e-01
7.811550151975683587e-01
7.813709231619679896e-01
7.815869505114736437e-01
7.818030973451327581e-01
7.820193637621023486e-01
7.818986991419872856e-01
7.818383167220376295e-01
7.820548324563832976e-01
7.819340537545026448e-01
7.818736141906873494e-01
7.818131411144996212e-01
7.817526344980587627e-01
7.816920943134535449e-01
7.816315205327414306e-01
7.818484596169857914e-01
7.820655191560244024e-01
7.822826992502083243e-01
7.824999999999999734e-01
7.824395665462628990e-01
7.823790994997220638e-01
7.821974965229485655e-01
7.824151363383416991e-01
7.826328973003061629e-01
7.828507795100222433e-01
7.832869080779943927e-01
7.835051546391752497e-01
7.834448160535116834e-01
7.836632283245051900e-01
7.836029001673173733e-01
7.838214783821478848e-01
7.837611607142856984e-01
7.839799051074518577e-01
7.846368715083799072e-01
7.848561050572785414e-01
7.850754611514813019e-01
7.852949398937657532e-01
7.852348993288590373e-01
7.856743144935646184e-01
7.858942065491183460e-01
7.858342665173572161e-01
7.860543265191822782e-01
7.864948164752031401e-01
7.867152466367712815e-01
7.869358003924866729e-01
7.868760515984296600e-01
7.870967741935483986e-01
7.873176206509540087e-01
7.875385910749368445e-01
7.874789444132509475e-01
7.877000842459983554e-01
7.879213483146066954e-01
7.878617589210452632e-01
7.878021360314783061e-01
7.880236154062412179e-01
7.882452193475815161e-01
7.886888013505908290e-01
7.889107796228539415e-01
7.888513513513513153e-01
7.887918896085609477e-01
7.887323943661971315e-01
7.889546351084812947e-01
7.888951521984216564e-01
7.891175641387088158e-01
7.893401015228426187e-01
7.892806770098730329e-01
7.892212189616253371e-01
7.891022021456803870e-01
7.890426433210957491e-01
7.889830508474576787e-01
7.892059903927662878e-01
7.891464104013566905e-01
7.895927601809954455e-01
7.895332390381895049e-01
7.897566496887379328e-01
7.896375990939977774e-01
7.898612291135655994e-01
7.893840476866307299e-01
7.896081771720613318e-01
7.902813299232737121e-01
7.902217168845935280e-01
7.904464031845322980e-01
7.906712172923776594e-01
7.906116642958748164e-01
7.910617705664674260e-01
7.912870159453302410e-01
7.912275704927370645e-01
7.916785408948417979e-01
7.919042189281642052e-01
7.923559612093553639e-01
7.928082191780821963e-01
7.934875749785775811e-01
7.946224256292906407e-01
7.945636623748211225e-01
7.947910704064109488e-01
7.952462772050400419e-01
7.954740761959323558e-01
7.957020057306590788e-01
7.956434508455144661e-01
7.960997992543733526e-01
7.963281698221457150e-01
7.965566714490673883e-01
7.967853042479907666e-01
7.964347326049453502e-01
7.966637906241011979e-01
7.968929804372841819e-01
7.968345323741007347e-01
7.970639032815198810e-01
7.972934062769939656e-01
7.971766061653702273e-01
7.971181556195965356e-01
7.973479388872873885e-01
7.972895040369089026e-01
7.972310354773579633e-01
7.971725331794575764e-01
7.974025974025974461e-01
7.973441108545035183e-01
7.975743574935026947e-01
7.978047371461582937e-01
7.980352499277665324e-01
7.979768786127167113e-01
7.980908301995950360e-01
7.979739507959479061e-01
7.982049797336421282e-01
7.981465392412394610e-01
7.983777520278099171e-01
7.982023775007248689e-01
7.981438515081206164e-01
7.980852915578764417e-01
7.983168891468369610e-01
7.982583454281567681e-01
7.981997677119628820e-01
7.988956698634117615e-01
7.993602791509160088e-01
7.995927865037812943e-01
7.993009030002913295e-01
8.002333041703120209e-01
8.004667444574096180e-01
8.004085205719287943e-01
8.003502626970228073e-01
8.002919708029196943e-01
8.005257009345794206e-01
8.004674262342974522e-01
8.007013442431326622e-01
8.009353990061385264e-01
8.011695906432748648e-01
8.011114360924246336e-01
8.013458162668226636e-01
8.012876792508047963e-01
8.012295081967213406e-01
8.016988869361453274e-01
8.019337825959566013e-01
8.018757327080890951e-01
8.018176487833480470e-01
8.017595307917888547e-01
8.019947198591962367e-01
8.019366197183098732e-01
8.018784854710889753e-01
8.018203170874926844e-01
8.017621145374449476e-01
8.017038777908342961e-01
8.016456068175139560e-01
8.015873015873016261e-01
8.015289620699793671e-01
8.017647058823529349e-01
8.017063842306560995e-01
8.019423190111830690e-01
8.021783926994406899e-01
8.021201413427562210e-01
8.023564064801178564e-01
8.022981732469063321e-01
8.025346301208370337e-01
8.024764150943396457e-01
8.024181657328222084e-01
8.023598820058996939e-01
8.023015638831513252e-01
8.022432113341204651e-01
8.021848243283141722e-01
8.024217365623154130e-01
8.026587887740029847e-01
8.028959810874704006e-01
8.031333136269582784e-01
8.033707865168538964e-01
8.036083998816918594e-01
8.038461538461538769e-01
8.040840485350695399e-01
8.043220840734162103e-01
8.045602605863192425e-01
8.045023696682463976e-01
8.047407407407407565e-01
8.046828689982217231e-01
8.049214349243996036e-01
8.056379821958457033e-01
8.058771148708815391e-01
8.061163895486935793e-01
8.060588060588060877e-01
8.060011883541294830e-01
8.059435364041604988e-01
8.061831153388823168e-01
8.064228367528991637e-01
8.063652587745390177e-01
8.066051770306456037e-01
8.068452380952381153e-01
8.070854420958618602e-01
8.070279928528886204e-01
8.072683943997617240e-01
8.072109654350416719e-01
8.071535022354694444e-01
8.070960047704234253e-01
8.073367133909931104e-01
8.072792362768496099e-01
8.075201432408236624e-01
8.077611940298506932e-01
8.080023887727679766e-01
8.079450418160095682e-01
8.081864356139826233e-01
8.084279736999402388e-01
8.083707025411061009e-01
8.083133971291865949e-01
8.082560574334429759e-01
8.081986834230999728e-01
8.081412750673451217e-01
8.083832335329341756e-01
8.086253369272237146e-01
8.088675853804673244e-01
8.091099790230745770e-01
8.095952023988005619e-01
8.095380923815237439e-01
8.094809480948095270e-01
8.097238895558223071e-01
8.099669768838186901e-01
8.099099099099099641e-01
8.098528086512466473e-01
8.097956730769231282e-01
8.100390742410580325e-01
8.099819603126878764e-01
8.102255639097744044e-01
8.104693140794223538e-01
8.109572546658639913e-01
8.112014453477868203e-01
8.111445783132530396e-01
8.113889725821030741e-01
8.113321277878240423e-01
8.115767259571902148e-01
8.118214716525934405e-01
8.120663650075414797e-01
8.120096560048279954e-01
8.122547539993962840e-01
8.121980676328502957e-01
8.121413470250679056e-01
8.123867069486404580e-01
8.126322151707464636e-01
8.125755743651753571e-01
8.125188993045056041e-01
8.127646702964307357e-01
8.130105900151285425e-01
8.132566585956416683e-01
8.132001211020284392e-01
8.131435493640217782e-01
8.130869433504998023e-01
8.133333333333333526e-01
8.135798726886935839e-01
8.135233474833232226e-01
8.134667879890810083e-01
8.134101941747572395e-01
8.132969034608379388e-01
8.132402064986334889e-01
8.131834750911299814e-01
8.131267092069279778e-01
8.133738601823707892e-01
8.136211614472483866e-01
8.135644768856448161e-01
8.135077578338910653e-01
8.134510042604990998e-01
8.133942161339421384e-01
8.133373934226553192e-01
8.132805360950350337e-01
8.132236441194393706e-01
8.134715025906735786e-01
8.134146341463414087e-01
8.133577310155535312e-01
8.133007931665650059e-01
8.132438205675922571e-01
8.131868131868131844e-01
8.134351145038167807e-01
8.136835675015271496e-01
8.136266422242590668e-01
8.135696821515892019e-01
8.138184041577499750e-01
8.137614678899082188e-01
8.137044967880086022e-01
8.139534883720930258e-01
8.138965411692684615e-01
8.138395590936925439e-01
8.140888208269525528e-01
8.140318627450980893e-01
8.139748697517621423e-01
8.139178418148375060e-01
8.141674333026679422e-01
8.144171779141103906e-01
8.143602332003682109e-01
8.143032535297728414e-01
8.145532698802578908e-01
8.144963144963145441e-01
8.147465437788018461e-01
8.152474638794958706e-01
8.154981549815497610e-01
8.159999999999999476e-01
8.162511542012926835e-01
8.161945812807881451e-01
8.164459501077918624e-01
8.166974738139248791e-01
8.166409861325115704e-01
8.168927250308261057e-01
8.171446191797717695e-01
8.173966687230105332e-01
8.184064237183447110e-01
8.186592523941921273e-01
8.189122373300370406e-01
8.191653786707882023e-01
8.194186765615336654e-01
8.217054263565891636e-01
8.216501240694789043e-01
8.219050573999379106e-01
8.221601489757914827e-01
8.221049363551692357e-01
8.220496894409937694e-01
8.219944082013047604e-01
8.222498446239900893e-01
8.225054398507927189e-01
8.224502487562188602e-01
8.227060653188180694e-01
8.226509023024268785e-01
8.229069405539993776e-01
8.231631382316313417e-01
8.236760124610591483e-01
8.239326893113119166e-01
8.241895261845386678e-01
8.244465232304334368e-01
8.247036805988771091e-01
8.249609984399376428e-01
8.249063670411984628e-01
8.251639088354667528e-01
8.251093066833229406e-01
8.253670727897531867e-01
8.256250000000000533e-01
8.258830884651453541e-01
8.258286429018136809e-01
8.257741632780731811e-01
8.260325406758447508e-01
8.262910798122066192e-01
8.265497808390732670e-01
8.270676691729322849e-01
8.270134753995612709e-01
8.272727272727272707e-01
8.272185638131075436e-01
8.271643663739021157e-01
8.271101349231252398e-01
8.273697426239798869e-01
8.276295133437990836e-01
8.275753768844220648e-01
8.274670018856065123e-01
8.274127632819867628e-01
8.273584905660377187e-01
8.276187480339729508e-01
8.278791692888609610e-01
8.278249921309411841e-01
8.277707808564231939e-01
8.280314960629920895e-01
8.282923755513547093e-01
8.282382603214623051e-01
8.284993694829760891e-01
8.287606433301797360e-01
8.290220820189274642e-01
8.289681287472389082e-01
8.289141414141414366e-01
8.294377763739734233e-01
8.296998420221168846e-01
8.299620733249052362e-01
8.299083148909263130e-01
8.298545224541429288e-01
8.298006959822841200e-01
8.297468354430379556e-01
8.296929408040518705e-01
8.299556681443951422e-01
8.299018055115615633e-01
8.298479087452471648e-01
8.301109350237717566e-01
8.303741280913126133e-01
8.303203298445924752e-01
8.305837563451776706e-01
8.305299904792129428e-01
8.304761904761904789e-01
8.307399174341060233e-01
8.306861499364676105e-01
8.306323482681918779e-01
8.305785123966942241e-01
8.305246422893481917e-01
8.304707379134860235e-01
8.307349665924276261e-01
8.309993634627625969e-01
8.309455587392550191e-01
8.308917197452229120e-01
8.308378464479133640e-01
8.307839388145314974e-01
8.307299968122410228e-01
8.309948979591836871e-01
8.309409888357256468e-01
8.308870453095086317e-01
8.308330673475902151e-01
8.316293929712460509e-01
8.318951741770533870e-01
8.318414322250639037e-01
8.321074512312119920e-01
8.323736404350607909e-01
8.326400000000000468e-01
8.325864276568502031e-01
8.328530259365993782e-01
8.327459147709067588e-01
8.330128205128205510e-01
8.335471456061578355e-01
8.338145652871350455e-01
8.340821566110397933e-01
8.343499197431781811e-01
8.346178548490686966e-01
8.348859620944426574e-01
8.348329048843187161e-01
8.347798135647701567e-01
8.350482315112540688e-01
8.349951752975233177e-01
8.349420849420849944e-01
8.348889604119729135e-01
8.348358016741790344e-01
8.351046698872786056e-01
8.350515463917526082e-01
8.353206574282951991e-01
8.352675693101224708e-01
8.350548741123304808e-01
8.350016144656118300e-01
8.349483204134366954e-01
8.348949919224555316e-01
8.348416289592760497e-01
8.351115421920465298e-01
8.350582147477361161e-01
8.353283726949207733e-01
8.352750809061488813e-01
8.352217546131434078e-01
8.351683937823833892e-01
8.354389374797538403e-01
8.353856124432922359e-01
8.353322528363047450e-01
8.356031128404669550e-01
8.358741485566006935e-01
8.361453601557430337e-01
8.360921778643297664e-01
8.363636363636363091e-01
8.363104904189672117e-01
8.362573099415204769e-01
8.362040948976275923e-01
8.361508452535760805e-01
8.360975609756097215e-01
8.363695510735198457e-01
8.366417181906931066e-01
8.371865841745359527e-01
8.374592833876220999e-01
8.380052151238591707e-01
8.382784479947831269e-01
8.385518590998043420e-01
8.388254486133768228e-01
8.387728459530026104e-01
8.387202089454782739e-01
8.386675375571521762e-01
8.389415223783077691e-01
8.388888888888889062e-01
8.391631252043151301e-01
8.394375408763897761e-01
8.393324607329842868e-01
8.396072013093289765e-01
8.395546823837589656e-01
8.395021290533900560e-01
8.397771952817824070e-01
8.397246804326450320e-01
8.399475237782879633e-01
8.402230971128609172e-01
8.404988513291762331e-01
8.404464871963230888e-01
8.403940886699506896e-01
8.406701708278581098e-01
8.409464344396976321e-01
8.408941485864562804e-01
8.414473684210526105e-01
8.420013166556945539e-01
8.422785643727362936e-01
8.425559947299077201e-01
8.425041186161449369e-01
8.427818061964403862e-01
8.430596768875701086e-01
8.433377308707123987e-01
8.441729943875866393e-01
8.441215323645970825e-01
8.440700363396101968e-01
8.446280991735537480e-01
8.445767195767195368e-01
8.448561032087330558e-01
8.448047650562541255e-01
8.450844091360476540e-01
8.450331125827814649e-01
8.449817820470354457e-01
8.452617627567925451e-01
8.458222811671087804e-01
8.457711442786070011e-01
8.457199734571997363e-01
8.460006637902423021e-01
8.462815405046480999e-01
8.462304882098969916e-01
8.465116279069767602e-01
8.467929544699235311e-01
8.473561689391420071e-01
8.473053892215568483e-01
8.472545757071547889e-01
8.472037283621837167e-01
8.474858474858474322e-01
8.480506497834054969e-01
8.486162054018006051e-01
8.488992661774515947e-01
8.491825158491824732e-01
8.491321762349799407e-01
8.490818030050083509e-01
8.490313961255845365e-01
8.489809555629802551e-01
8.492647058823529216e-01
8.492143095954530763e-01
8.491638795986622412e-01
8.491134158581465918e-01
8.490629183400267843e-01
8.490123870103782888e-01
8.492967180174145758e-01
8.492462311557789079e-01
8.495308310991956935e-01
8.494803888702647798e-01
8.497652582159624934e-01
8.497148607849714930e-01
8.499999999999999778e-01
8.502853306478683759e-01
8.505708529214237590e-01
8.511424731182796188e-01
8.517148621385339791e-01
8.522880215343203725e-01
8.522383036014810065e-01
8.521885521885521619e-01
8.521387672617042330e-01
8.520889487870619838e-01
8.520390967307044372e-01
8.519892110586648748e-01
8.522765598650927643e-01
8.522267206477732726e-01
8.521768477894026139e-01
8.521269412559081546e-01
8.524147247551502327e-01
8.527027027027026529e-01
8.526529232848935047e-01
8.529411764705882026e-01
8.528914440311126111e-01
8.534686971235194708e-01
8.537576167907920954e-01
8.537080934642735652e-01
8.539972899728996980e-01
8.539478143002372512e-01
8.538983050847457346e-01
8.538487622923024434e-01
8.541383989145183708e-01
8.540889039701391461e-01
8.540393754243041924e-01
8.538905878355419476e-01
8.538409245411284765e-01
8.537912274736484397e-01
8.537414965986394044e-01
8.536917318815924194e-01
8.536419332879510158e-01
8.539325842696628976e-01
8.538330494037478235e-01
8.537832310838445737e-01
8.537333787930446727e-01
8.536834924965893689e-01
8.539747526441487935e-01
8.539249146757679210e-01
8.545081967213115082e-01
8.544584899214212603e-01
8.547505126452494828e-01
8.547008547008546619e-01
8.545516769336071183e-01
8.545018829168092855e-01
8.544520547945205768e-01
8.544021925316889199e-01
8.546949965729951915e-01
8.546451834076105314e-01
8.545953360768175910e-01
8.545454545454544970e-01
8.544955387783116363e-01
8.547888774459320160e-01
8.547390109890109500e-01
8.546891102713843891e-01
8.546391752577319201e-01
8.549329666552080154e-01
8.548830811554333220e-01
8.551771585827313560e-01
8.551273227804542243e-01
8.550774526678140974e-01
8.550275482093664392e-01
8.549776093696176416e-01
8.549276361130254687e-01
8.548776284039986129e-01
8.548275862068965836e-01
8.551224560193170232e-01
8.550724637681159646e-01
8.553676216775975005e-01
8.553176795580110792e-01
8.552677029360966632e-01
8.552176917760884178e-01
8.551676460421707704e-01
8.554633471645919363e-01
8.554133517813905518e-01
8.553633217993079629e-01
8.552631578947368363e-01
8.552130239002424528e-01
8.551126516464471194e-01
8.550624133148404526e-01
8.556557945870922888e-01
8.556056924678930864e-01
8.555555555555555136e-01
8.555053838138242384e-01
8.552540013917884210e-01
8.552036199095022218e-01
8.555013927576601285e-01
8.557993730407523758e-01
8.557491289198606577e-01
8.556988497734402399e-01
8.562957795605161682e-01
8.562456385205862164e-01
8.565445026178010179e-01
8.564442892071253421e-01
8.563941299790356343e-01
8.566934638238378197e-01
8.566433566433566682e-01
8.569429870584119868e-01
8.575428771438572406e-01
8.578431372549019107e-01
8.577933450087565914e-01
8.580939032936230060e-01
8.583450210378681389e-01
8.589473684210526816e-01
8.588978588978588569e-01
8.598032326071679554e-01
8.601054481546572816e-01
8.600562587904360123e-01
8.603587759409074831e-01
8.602112676056338225e-01
8.601620288834096462e-01
8.604651162790697416e-01
8.607684173422629481e-01
8.607193229901269893e-01
8.606701940035272891e-01
8.609738884968243244e-01
8.612777973879279791e-01
8.615819209039548010e-01
8.615330271988697053e-01
8.614840989399292770e-01
8.617886178861788871e-01
8.617397454031117121e-01
8.616908383445348596e-01
8.616418966737438012e-01
8.619469026548672863e-01
8.622521246458924038e-01
8.622033297910024485e-01
8.621545003543585883e-01
8.621056362991846855e-01
8.620567375886525330e-01
8.626685592618879017e-01
8.626198083067092570e-01
8.625710227272727071e-01
8.628774422735346894e-01
8.628287135749822534e-01
8.631354425879843584e-01
8.634423897581792184e-01
8.633938100320170950e-01
8.633451957295373846e-01
8.636525453898183935e-01
8.639601139601139623e-01
8.645759087669280252e-01
8.645276292335115631e-01
8.648359486447931843e-01
8.651444880485194000e-01
8.654532476802283547e-01
8.660714285714286031e-01
8.659756969263759929e-01
8.658798283261802675e-01
8.658318425760286319e-01
8.661417322834645827e-01
8.660938059434299952e-01
8.660458452722062939e-01
8.659978502328914418e-01
8.659498207885304444e-01
8.659017569021154603e-01
8.658536585365853577e-01
8.658055256548259360e-01
8.664272890484739920e-01
8.667385057471264087e-01
8.666906216313331468e-01
8.673139158576051999e-01
8.672661870503597381e-01
8.672184238934869116e-01
8.671706263498920597e-01
8.671227943824271200e-01
8.674351585014409283e-01
8.673873873873874096e-01
8.673395818312905625e-01
8.672917417958889708e-01
8.672438672438672613e-01
8.671959581378563264e-01
8.671480144404332124e-01
8.674611773203322329e-01
8.674132947976878061e-01
8.673653776653414971e-01
8.676789587852494767e-01
8.679927667269439207e-01
8.683068017366135649e-01
8.682591386174448589e-01
8.685734974656046381e-01
8.684305907937658331e-01
8.683828861493836371e-01
8.693284936479128699e-01
8.692810457516340072e-01
8.692335633853977006e-01
8.691860465116278966e-01
8.691384950926935860e-01
8.690909090909091361e-01
8.690432884685339587e-01
8.693595342066957610e-01
8.696760101929377207e-01
8.696285506190822856e-01
8.695810564663023490e-01
8.695335276967930405e-01
8.694859642726940896e-01
8.693907333090112877e-01
8.691998538545853137e-01
8.691520467836256758e-01
8.691042047531992720e-01
8.690563277249451213e-01
8.693743139407245080e-01
8.696925329428989437e-01
8.696448187477114899e-01
8.695492854525467274e-01
8.698680351906158403e-01
8.705062362435803669e-01
8.704111600587371989e-01
8.703635695923613858e-01
8.703159441587068335e-01
8.706357956633590245e-01
8.705882352941176627e-01
8.709084222140492937e-01
8.712288447387784851e-01
8.715495031284504757e-01
8.718703976435935310e-01
8.718232044198894748e-01
8.717759764185704086e-01
8.717287136011795390e-01
8.716814159292035624e-01
8.716340833640723318e-01
8.722775932078257188e-01
8.729220539342446017e-01
8.728750923872875545e-01
8.728280961182994790e-01
8.731508875739645292e-01
8.734270910436713331e-01
8.737504627915586575e-01
8.769059129788024931e-01
8.772321428571429047e-01
8.782122905027932580e-01
8.785394932935916001e-01
8.784942228848303669e-01
8.784489187173750713e-01
8.784035807534501528e-01
8.783582089552238736e-01
8.786860768943636213e-01
8.786407766990291801e-01
8.785954426596936928e-01
8.785500747384155096e-01
8.788785046728971873e-01
8.788332086761405648e-01
8.787878787878787845e-01
8.787425149700598404e-01
8.786971171845751050e-01
8.790262172284644127e-01
8.789808917197452498e-01
8.789355322338830989e-01
8.788901387326584214e-01
8.798798798798799226e-01
8.808718526869597776e-01
8.808270676691729584e-01
8.807822489657766152e-01
8.811136192626034536e-01
8.814452389913436381e-01
8.817771084337349130e-01
8.817325800376647482e-01
8.816434225405201941e-01
8.815987933634992224e-01
8.815541305167861053e-01
8.818867924528301927e-01
8.818422046055115482e-01
8.825085001888930414e-01
8.831758034026464532e-01
8.831316187594553391e-01
8.830874006810442989e-01
8.830431491294473689e-01
8.829988640666414090e-01
8.829545454545454364e-01
8.832891246684350106e-01
8.831562974203338579e-01
8.831119544592029857e-01
8.830675778283978428e-01
8.834029624003038039e-01
8.833586626139817710e-01
8.833143291524134799e-01
8.836501901140684234e-01
8.835616438356164171e-01
8.834729626808834890e-01
8.834285714285714519e-01
8.833841463414634498e-01
8.833396873808616601e-01
8.832951945080091960e-01
8.832506676840899962e-01
8.835877862595419296e-01
8.839251622756777449e-01
8.842627960275019072e-01
8.846006878104699656e-01
8.845565749235474451e-01
8.848948374760994273e-01
8.848508033664881367e-01
8.858674837227116239e-01
8.862068965517241326e-01
8.861632809505557429e-01
8.865030674846625658e-01
8.864595320291522862e-01
8.867996930161166080e-01
8.867127496159754596e-01
8.870533999231655642e-01
8.870099923136048892e-01
8.869665513264128887e-01
8.873076923076923528e-01
8.872643324355521388e-01
8.872209391839877002e-01
8.871775125144397700e-01
8.875192604006163499e-01
8.874759152215799807e-01
8.874325366229760537e-01
8.873891245661396088e-01
8.873456790123457338e-01
8.873021999228096757e-01
8.876447876447876029e-01
8.886741399304213251e-01
8.886310904872389838e-01
8.885880077369439078e-01
8.885448916408669184e-01
8.885017421602787735e-01
8.884585592563903900e-01
8.884153428903526217e-01
8.883720930232558155e-01
8.883288096161302549e-01
8.886733902249805972e-01
8.886301901435778028e-01
8.885869565217391353e-01
8.885436893203882969e-01
8.888888888888888395e-01
8.892343567819666061e-01
8.891912908242612934e-01
8.891481913652274915e-01
8.891050583657587048e-01
8.890618917866873749e-01
8.890186915887849928e-01
8.889754577327619867e-01
8.896686159844054975e-01
8.900156006240249607e-01
8.903628560280920645e-01
8.903200624512099814e-01
8.906677079265912234e-01
8.910156249999999778e-01
8.917122752150117293e-01
8.920610089949159160e-01
8.924100156494522151e-01
8.923257635082223471e-01
8.926752839796318062e-01
8.926332288401254145e-01
8.929831438651508746e-01
8.929411764705882382e-01
8.928991761475087996e-01
8.928571428571429047e-01
8.928150765606596151e-01
8.927729772191673741e-01
8.931237721021610954e-01
8.930817610062893319e-01
8.934329532048761457e-01
8.937844217151849069e-01
8.937426210153482931e-01
8.940944881889764106e-01
8.944466325324931244e-01
8.944050433412135126e-01
8.943634213638155250e-01
8.947160883280756982e-01
8.946745562130177243e-01
8.946329913180741666e-01
8.949861823924200044e-01
8.956934018174634859e-01
8.956521739130435256e-01
8.956109134045077136e-01
8.954869358669833579e-01
8.953626634958382624e-01
8.953211736716891744e-01
8.951965065502183183e-01
8.955520254169976324e-01
8.955105284068335392e-01
8.954689984101749101e-01
8.954274353876739978e-01
8.953858392999204385e-01
8.953442101074412518e-01
8.952608522500995480e-01
8.956175298804780471e-01
8.959744918294141325e-01
8.959330143540670255e-01
8.958915037893897537e-01
8.958499600957701148e-01
8.958083832335329566e-01
8.957667731629392893e-01
8.961246504194966267e-01
8.960415833666532937e-01
8.960000000000000187e-01
8.959583833533413255e-01
8.963170536429143631e-01
8.962755306367641284e-01
8.962339743589743390e-01
8.961923847695391077e-01
8.958584640128669507e-01
8.958165728077231993e-01
8.957746478873239715e-01
8.961352657004830746e-01
8.960934353604510516e-01
8.960515713134569182e-01
8.960096735187423889e-01
8.959677419354838968e-01
8.959257765227914838e-01
8.958417440452159930e-01
8.957996768982229296e-01
8.961616161616161591e-01
8.961196443007275469e-01
8.960776384957541696e-01
8.960355987055016458e-01
8.959935248887089809e-01
8.958248885285772234e-01
8.957826439578264743e-01
8.961460446247464517e-01
8.961038961038960693e-01
8.960617133576939120e-01
8.959772450223486562e-01
8.959349593495934405e-01
8.958926392842618824e-01
8.962571196094385462e-01
8.962148962148962505e-01
8.961726384364820941e-01
8.961303462321792423e-01
8.960880195599022491e-01
8.964533224622910357e-01
8.964110929853180698e-01
8.963688290493676547e-01
8.963265306122448761e-01
8.962841976316864301e-01
8.966503267973856550e-01
8.963963963963963444e-01
8.963539532978287427e-01
8.963114754098360226e-01
8.962689626896268580e-01
8.962264150943396457e-01
8.961838325810422834e-01
8.961412151067323917e-01
8.965092402464065469e-01
8.968775677896466680e-01
8.968351829017673360e-01
8.967927631578946901e-01
8.967078189300411450e-01
8.966652943598188985e-01
8.966227347611203102e-01
8.965801400906469043e-01
8.965375103050288175e-01
8.963666391412056234e-01
8.963238331268070791e-01
8.966942148760330689e-01
8.966515088879701834e-01
8.966087675765095355e-01
8.965659908978071968e-01
8.965231788079470743e-01
8.964803312629399112e-01
8.963945296311645050e-01
8.963515754560530402e-01
8.962655601659751392e-01
8.961362692147901710e-01
8.960931005818786321e-01
8.960498960498960441e-01
8.959200666111574174e-01
8.958767180341524750e-01
8.958333333333333703e-01
8.957899124635264609e-01
8.957464553794829420e-01
8.956158663883089233e-01
8.955722639933165752e-01
8.959465106560802194e-01
8.959030100334448576e-01
8.962777080719364076e-01
8.962343096234309803e-01
8.966094600251151014e-01
8.965661641541038396e-01
8.965228320067030188e-01
8.964794635373009024e-01
8.964360587002095926e-01
8.963926174496644750e-01
8.963491397398237748e-01
8.967254408060453263e-01
8.966820663586728690e-01
8.966386554621849081e-01
8.970155527532576167e-01
8.969722455845248188e-01
8.969289019772822558e-01
8.968855218855218414e-01
8.972631578947368736e-01
8.972198820556023247e-01
8.975979772439949267e-01
8.975115984816532944e-01
8.974683544303797555e-01
8.974250738708315911e-01
8.973817567567567988e-01
8.973384030418251056e-01
8.972515856236786824e-01
8.972081218274111647e-01
8.971646212441811707e-01
8.975444538526672345e-01
8.975010588733587369e-01
8.974141585417549916e-01
8.973706530958439620e-01
8.973271107339838570e-01
8.972835314091680559e-01
8.972399150743100016e-01
8.971962616822429792e-01
8.975775605609859209e-01
8.975340136054421603e-01
8.979157805189280639e-01
8.978723404255318785e-01
8.978288633461046775e-01
8.977853492333901508e-01
8.977417980400511643e-01
8.981244671781756228e-01
8.980375426621159951e-01
8.979940247545881160e-01
8.979504696840306943e-01
8.978195810175289004e-01
8.977758768177930282e-01
8.977321352160889667e-01
8.976883561643835829e-01
8.976445396145610323e-01
8.980291345329906028e-01
8.979854264894985283e-01
8.979416809605489380e-01
8.983268983268983821e-01
8.982832618025751170e-01
8.986689566337483503e-01
8.986254295532646319e-01
8.985818650623119686e-01
8.984946236559139265e-01
8.984509466437177183e-01
8.984072320275505730e-01
8.983634797588285759e-01
8.983196897888841015e-01
8.982758620689654805e-01
8.982319965502372217e-01
8.981880931837791238e-01
8.981441519205869417e-01
8.981001727115717204e-01
8.980561555075593505e-01
8.980121002592912349e-01
8.979680069174232893e-01
8.983564013840830142e-01
8.983124188662916509e-01
8.982683982683982160e-01
8.982243395409268416e-01
8.981361074989163695e-01
8.979591836734693855e-01
8.979148566463944769e-01
8.978704910908300585e-01
8.978260869565217739e-01
8.977816441931274483e-01
8.977371627502175322e-01
8.976480836236934158e-01
8.976034858387799131e-01
8.975588491717524375e-01
8.979502834714347959e-01
8.979057591623036405e-01
8.978165938864628437e-01
8.977719528178244035e-01
8.975929978118162289e-01
8.975481611208406818e-01
8.975032851511169918e-01
8.978965819456616870e-01
8.982902235861464080e-01
8.982456140350877360e-01
8.982009653356735068e-01
8.981562774363476276e-01
8.981115502854633004e-01
8.979771328056288526e-01
8.978873239436619969e-01
8.978423601937473020e-01
8.981930365799911664e-01
8.981481481481481399e-01
8.980582524271845113e-01
8.984547461368653787e-01
8.984098939929329175e-01
8.979138925876608557e-01
8.978685612788632753e-01
8.978231896934695255e-01
8.982222222222222552e-01
8.981769675411294118e-01
8.981316725978647497e-01
8.980863373386738235e-01
8.979500891265597140e-01
8.979045920641997025e-01
8.978590544157002418e-01
8.978134761267291264e-01
8.977678571428571175e-01
8.977221974095578316e-01
8.976764968722072968e-01
8.976307554760840635e-01
8.980322003577817513e-01
8.976660682226211829e-01
8.980691513246520374e-01
8.979775280898876222e-01
8.979316546762590168e-01
8.978397839783978096e-01
8.976093820478123764e-01
8.975631768953068468e-01
8.975169300225733782e-01
8.974706413730804133e-01
8.974243108901942545e-01
8.973779385171790635e-01
8.973315241971958622e-01
8.977375565610860031e-01
8.976912630149388450e-01
8.975056689342403304e-01
8.979128856624319921e-01
8.978665456196096573e-01
8.978201634877384096e-01
8.976807639836289487e-01
8.976342129208371157e-01
8.975876194811106545e-01
8.975409836065574298e-01
8.974943052391799458e-01
8.974475843208751247e-01
8.974008207934336401e-01
8.978102189781022036e-01
8.982199908717480863e-01
8.981735159817351155e-01
8.981269986295111751e-01
8.980804387568556146e-01
8.980338363054412021e-01
8.979871912168343462e-01
8.979405034324943191e-01
8.983516483516483797e-01
8.987631699496105853e-01
8.987167736021998143e-01
8.986703347088491611e-01
8.985773290500229660e-01
8.985307621671257960e-01
8.989435002296738420e-01
8.988970588235294379e-01
8.988505747126436241e-01
8.992640294388224431e-01
8.992176714219972666e-01
8.991712707182319964e-01
8.991248272685398168e-01
8.990783410138248888e-01
8.994928538497003467e-01
8.994464944649446236e-01
8.998615597600368998e-01
9.002770083102492604e-01
9.001848428835489413e-01
9.001386962552011539e-01
9.000462748727441342e-01
9.004629629629629095e-01
9.008800370541917291e-01
9.021335807050092637e-01
9.020881670533642538e-01
9.020427112349117538e-01
9.019972131908964297e-01
9.019516728624534796e-01
9.018147975802699445e-01
9.017690875232774461e-01
9.016775396085741079e-01
9.016317016317015876e-01
9.020522388059701857e-01
9.024731684554363476e-01
9.024276377217553824e-01
9.023820644558617765e-01
9.022907900888265109e-01
9.022450888681010639e-01
9.021993448759944023e-01
9.021535580524344677e-01
9.025761124121779444e-01
9.024390243902439268e-01
9.023932426091036962e-01
9.023474178403755319e-01
9.023015500234852215e-01
9.027255639097744311e-01
9.026340545625587408e-01
9.025882352941176912e-01
9.025423728813559698e-01
9.024964672633066787e-01
9.029217719132893727e-01
9.037735849056603987e-01
9.042000943841435046e-01
9.041095890410958402e-01
9.040642722117202545e-01
9.044917257683214862e-01
9.044465468306528422e-01
9.044013251301467049e-01
9.052581714827095949e-01
9.065464895635673148e-01
9.069767441860464574e-01
9.074074074074074403e-01
9.078384798099762287e-01
9.082699619771863464e-01
9.091341579448144472e-01
9.090909090909090606e-01
9.095238095238095122e-01
9.094807050976655427e-01
9.099142040038131762e-01
9.098712446351930883e-01
9.107398568019092755e-01
9.106972301814708626e-01
9.106545628284758997e-01
9.106118546845124451e-01
9.105691056910568681e-01
9.103977000479156478e-01
9.108341323106423637e-01
9.107913669064747753e-01
9.107485604606525564e-01
9.111857897263562212e-01
9.116234390009606559e-01
9.124999999999999778e-01
9.124579124579124123e-01
9.124157844080846846e-01
9.123736157920077083e-01
9.123314065510597093e-01
9.127710843373494365e-01
9.132111861137898190e-01
9.131693198263386435e-01
9.136100386100386439e-01
9.135683244809270631e-01
9.135265700483091722e-01
9.139681005316577789e-01
9.144100580270793088e-01
9.143686502177068576e-01
9.143272023233300905e-01
9.142857142857142572e-01
9.142441860465115866e-01
9.142026175472612870e-01
9.141193595342066436e-01
9.145631067961165206e-01
9.145216124332200547e-01
9.144800777453838680e-01
9.144385026737967825e-01
9.148832684824902417e-01
9.153284671532846417e-01
9.152872444011684872e-01
9.157330735509011665e-01
9.156920077972710015e-01
9.156509019990248799e-01
9.160975609756097926e-01
9.165446559297217854e-01
9.169921875000000000e-01
9.169516365412798686e-01
9.173998044965786525e-01
9.173594132029340154e-01
9.173189823874755566e-01
9.172785119921683661e-01
9.177277179236043025e-01
9.181773640372365985e-01
9.181372549019607421e-01
9.185875429131927783e-01
9.185475956820412513e-01
9.185076092292586702e-01
9.184675834970530417e-01
9.184275184275184634e-01
9.183874139626352351e-01
9.183472700442695258e-01
9.182668636139832419e-01
9.187192118226601423e-01
9.186791522917693298e-01
9.191321499013807017e-01
9.195855944745929822e-01
9.195459032576505098e-01
9.195061728395061973e-01
9.194664031620553013e-01
9.194265941670786146e-01
9.193867457962413559e-01
9.202970297029703373e-01
9.202575532441802375e-01
9.202180376610505919e-01
9.201784828953891715e-01
9.201388888888888395e-01
9.200992555831265518e-01
9.210134128166914680e-01
9.209741550695824674e-01
9.214321233217305229e-01
9.218905472636815812e-01
9.218516674962667912e-01
9.223107569721115118e-01
9.222720478325859839e-01
9.227318045862412665e-01
9.226932668329177467e-01
9.226546906187624852e-01
9.226160758861707833e-01
9.225774225774225901e-01
9.230384807596201391e-01
9.230000000000000426e-01
9.229614807403702104e-01
9.229229229229228837e-01
9.233850776164246321e-01
9.238476953907815981e-01
9.238095238095238582e-01
9.237713139418254338e-01
9.246987951807228434e-01
9.260935143288084870e-01
9.270256668344237783e-01
9.274924471299094142e-01
9.279596977329974683e-01
9.284274193548387455e-01
9.283913262733232141e-01
9.283551967709384733e-01
9.283190307925289764e-01
9.282828282828282651e-01
9.287518948964123000e-01
9.292214357937310654e-01
9.291856348002023314e-01
9.310694374049670596e-01
9.310344827586206629e-01
9.319796954314720772e-01
9.319451498222447450e-01
9.324186991869918284e-01
9.328927300457549032e-01
9.328585961342827915e-01
9.328244274809159853e-01
9.327902240325866012e-01
9.346938775510204023e-01
9.351710056151097961e-01
9.351378958120530882e-01
9.351047521716913113e-01
9.355828220858896094e-01
9.355498721227621939e-01
9.360286591606959972e-01
9.359959037378392521e-01
9.359631147540983243e-01
9.359302921578677159e-01
9.368907131862493909e-01
9.378531073446327859e-01
9.378211716341212645e-01
9.383033419023135702e-01
9.382716049382715529e-01
9.382398353062274543e-01
9.382080329557157539e-01
9.381761978361669030e-01
9.386597938144329856e-01
9.396284829721361920e-01
9.410852713178294859e-01
9.415718717683557726e-01
9.415416451112260665e-01
9.415113871635610865e-01
9.414810978767478300e-01
9.419689119170984171e-01
9.434353918007265527e-01
9.439252336448598069e-01
9.449064449064449311e-01
9.448777951118044749e-01
9.448491155046826462e-01
9.453409682457053487e-01
9.453125000000000000e-01
9.452840020844189839e-01
9.457768508863398926e-01
9.477533960292581217e-01
9.482488238369053413e-01
9.492412349555207074e-01
9.492146596858638263e-01
9.491880565741225295e-01
9.496855345911949797e-01
9.496591504981646281e-01
9.501573976915005382e-01
9.501312335958005395e-01
9.506302521008402895e-01
9.506043089858118300e-01
9.516044187269857568e-01
9.521052631578947878e-01
9.520800421274354663e-01
9.525816649104320577e-01
9.525566684238271353e-01
9.525316455696202222e-01
9.525065963060685981e-01
9.530095036958817767e-01
9.529846804014791006e-01
9.534883720930232842e-01
9.534637757800106250e-01
9.534391534391534195e-01
9.534145050291159551e-01
9.533898305084745894e-01
9.538950715421303794e-01
9.544008483563096723e-01
9.543766578249336385e-01
9.543524416135881205e-01
9.543281996813595125e-01
9.543039319872476112e-01
9.548112706007443329e-01
9.547872340425531679e-01
9.547631718999467498e-01
9.547390841320553267e-01
9.547149706979222161e-01
9.546908315565032499e-01
9.546666666666666634e-01
9.546424759871932064e-01
9.546182594767752549e-01
9.545940170940171443e-01
9.545697487974345030e-01
9.545454545454545858e-01
9.550561797752809001e-01
9.555674518201284773e-01
9.555436529191215778e-01
9.555198285101822453e-01
9.554959785522788573e-01
9.554721030042918617e-01
9.554482018250134434e-01
9.554242749731471918e-01
9.559376679204728555e-01
9.559139784946236729e-01
9.558902635825712313e-01
9.569197630586968595e-01
9.568965517241379004e-01
9.568733153638814271e-01
9.568500539374326097e-01
9.568267674042093551e-01
9.568034557235420845e-01
9.567801188546731783e-01
9.567567567567567544e-01
9.567333693888588897e-01
9.567099567099567325e-01
9.566865186789388353e-01
9.566630552546045996e-01
9.566395663956639428e-01
9.571583514099782919e-01
9.571351058057514516e-01
9.571118349619978094e-01
9.570885388375882652e-01
9.576086956521738802e-01
9.575856443719412692e-01
9.581066376496191195e-01
9.580838323353293440e-01
9.580381471389646242e-01
9.580152671755725047e-01
9.585379159847244868e-01
9.585152838427947186e-01
9.584926269797924281e-01
9.590163934426229053e-01
9.589939857845817262e-01
9.589715536105032356e-01
9.594964422550629202e-01
9.594742606790799266e-01
9.594520547945205591e-01
9.599780701754385692e-01
9.599561162918266444e-01
9.599341383095499891e-01
9.599121361889071391e-01
9.598901098901099216e-01
9.598680593732820121e-01
9.603960396039603609e-01
9.603742432581178212e-01
9.603524229074890117e-01
9.603305785123966709e-01
9.603087100330760517e-01
9.602868174296745885e-01
9.613473219215903365e-01
9.613259668508287170e-01
9.613045881702597661e-01
9.623685666851135023e-01
9.623477297895902671e-01
9.623268698060941650e-01
9.628603104212860586e-01
9.633943427620632605e-01
9.633740288568257704e-01
9.633536923931149687e-01
9.644246803779877864e-01
9.644048943270300267e-01
9.642657733109994966e-01
9.648044692737429706e-01
9.658836689038031720e-01
9.658645775041969639e-01
9.658454647256439207e-01
9.658263305322128955e-01
9.658071748878923612e-01
9.657879977565899665e-01
9.663110612015721745e-01
9.662921348314607028e-01
9.662542182227221721e-01
9.678873239436619480e-01
9.684329199549042144e-01
9.684151156232374547e-01
9.689616252821670050e-01
9.706048615036744209e-01
9.717034521788341372e-01
9.733560090702947365e-01
9.744608399545970912e-01
9.755681818181818343e-01
9.766647694934547097e-01
9.766514806378132629e-01
9.766248574686431372e-01
9.765981735159817712e-01
9.782732990280159635e-01
9.782608695652174058e-01
9.793577981651375719e-01
9.793459552495696885e-01
9.799081515499425965e-01
9.798966111430212900e-01
9.798850574712644201e-01
9.798734905117884031e-01
9.798503166378813578e-01
9.804034582132564735e-01
9.803468208092485092e-01
9.809138230190861396e-01
9.820497973364215039e-01
9.820393974507531931e-01
9.843205574912892164e-01
9.843114468332364586e-01
9.842840512223515193e-01
9.842748980780431367e-01
9.842657342657342712e-01
9.842012873025161035e-01
9.841920374707260333e-01
9.841735052754982949e-01
9.841549295774647543e-01
9.840989399293286199e-01
9.840707964601770330e-01
9.840236686390532173e-01
9.840142095914742315e-01
9.840047393364929063e-01
9.839762611275963966e-01
9.839572192513369453e-01
9.839381320642475171e-01
9.839189994044074128e-01
9.838805970149253621e-01
9.838613269575612330e-01
9.837935174069627475e-01
9.836363636363636420e-01
9.833846153846154126e-01
9.831670822942643051e-01
9.828353464717101140e-01
9.854976928147659576e-01
1.000000000000000000e+00
