1.000000000000000000e+00
9.908333333333333437e-01
9.902777777777778123e-01
9.902777777777778123e-01
9.902777777777778123e-01
9.902777777777778123e-01
9.902777777777778123e-01
9.902777777777778123e-01
9.902777777777778123e-01
9.902777777777778123e-01
9.899999999999999911e-01
9.899999999999999911e-01
9.899999999999999911e-01
9.899999999999999911e-01
9.899999999999999911e-01
9.899999999999999911e-01
9.899999999999999911e-01
9.899999999999999911e-01
9.899999999999999911e-01
9.899999999999999911e-01
9.899999999999999911e-01
9.899999999999999911e-01
9.899999999999999911e-01
9.899999999999999911e-01
9.899999999999999911e-01
9.899999999999999911e-01
9.899999999999999911e-01
9.899999999999999911e-01
9.899999999999999911e-01
9.899999999999999911e-01
9.899999999999999911e-01
9.899999999999999911e-01
9.899999999999999911e-01
9.899999999999999911e-01
9.899999999999999911e-01
9.899999999999999911e-01
9.899999999999999911e-01
9.899999999999999911e-01
9.897222222222221699e-01
9.897222222222221699e-01
9.897222222222221699e-01
9.897222222222221699e-01
9.897222222222221699e-01
9.897222222222221699e-01
9.897222222222221699e-01
9.897222222222221699e-01
9.897222222222221699e-01
9.897222222222221699e-01
9.897222222222221699e-01
9.897222222222221699e-01
9.897222222222221699e-01
9.897222222222221699e-01
9.897222222222221699e-01
9.897222222222221699e-01
9.897222222222221699e-01
9.897222222222221699e-01
9.897222222222221699e-01
9.897222222222221699e-01
9.897222222222221699e-01
9.897222222222221699e-01
9.897222222222221699e-01
9.897222222222221699e-01
9.897222222222221699e-01
9.894444444444444597e-01
9.894444444444444597e-01
9.894444444444444597e-01
9.894444444444444597e-01
9.894444444444444597e-01
9.880555555555555758e-01
9.877777777777777546e-01
9.877777777777777546e-01
9.877777777777777546e-01
9.877777777777777546e-01
9.877777777777777546e-01
9.877777777777777546e-01
9.877777777777777546e-01
9.875000000000000444e-01
9.872222222222222232e-01
9.869444444444444020e-01
9.869444444444444020e-01
9.866666666666666918e-01
9.866666666666666918e-01
9.866666666666666918e-01
9.866666666666666918e-01
9.866666666666666918e-01
9.866666666666666918e-01
9.866666666666666918e-01
9.866666666666666918e-01
9.866666666666666918e-01
9.866666666666666918e-01
9.866666666666666918e-01
9.866666666666666918e-01
9.866666666666666918e-01
9.866666666666666918e-01
9.866666666666666918e-01
9.866666666666666918e-01
9.866666666666666918e-01
9.863888888888888706e-01
9.861111111111111605e-01
9.861111111111111605e-01
9.861111111111111605e-01
9.861111111111111605e-01
9.861111111111111605e-01
9.858333333333333393e-01
9.858333333333333393e-01
9.858333333333333393e-01
9.858333333333333393e-01
9.858333333333333393e-01
9.858333333333333393e-01
9.858333333333333393e-01
9.858333333333333393e-01
9.858333333333333393e-01
9.858333333333333393e-01
9.858333333333333393e-01
9.858333333333333393e-01
9.858333333333333393e-01
9.858333333333333393e-01
9.855555555555555181e-01
9.855555555555555181e-01
9.855555555555555181e-01
9.852777777777778079e-01
9.852777777777778079e-01
9.852777777777778079e-01
9.852777777777778079e-01
9.852777777777778079e-01
9.852777777777778079e-01
9.852777777777778079e-01
9.852777777777778079e-01
9.852777777777778079e-01
9.852777777777778079e-01
9.852777777777778079e-01
9.852777777777778079e-01
9.849999999999999867e-01
9.849999999999999867e-01
9.849999999999999867e-01
9.849999999999999867e-01
9.849999999999999867e-01
9.849999999999999867e-01
9.847222222222222765e-01
9.847222222222222765e-01
9.847222222222222765e-01
9.847222222222222765e-01
9.847222222222222765e-01
9.847222222222222765e-01
9.847222222222222765e-01
9.847222222222222765e-01
9.847222222222222765e-01
9.847222222222222765e-01
9.847222222222222765e-01
9.847222222222222765e-01
9.847222222222222765e-01
9.847222222222222765e-01
9.847222222222222765e-01
9.847222222222222765e-01
9.847222222222222765e-01
9.847222222222222765e-01
9.847222222222222765e-01
9.847222222222222765e-01
9.847222222222222765e-01
9.847222222222222765e-01
9.847222222222222765e-01
9.847222222222222765e-01
9.847222222222222765e-01
9.844444444444444553e-01
9.844444444444444553e-01
9.844444444444444553e-01
9.844444444444444553e-01
9.841666666666666341e-01
9.841666666666666341e-01
9.838888888888889239e-01
9.838888888888889239e-01
9.838888888888889239e-01
9.838888888888889239e-01
9.836111111111111027e-01
9.836111111111111027e-01
9.833333333333332815e-01
9.833333333333332815e-01
9.833333333333332815e-01
9.833333333333332815e-01
9.833333333333332815e-01
9.833333333333332815e-01
9.833333333333332815e-01
9.833333333333332815e-01
9.833333333333332815e-01
9.833333333333332815e-01
9.833333333333332815e-01
9.833333333333332815e-01
9.833333333333332815e-01
9.833333333333332815e-01
9.833333333333332815e-01
9.833333333333332815e-01
9.833333333333332815e-01
9.833333333333332815e-01
9.833333333333332815e-01
9.833333333333332815e-01
9.833333333333332815e-01
9.833333333333332815e-01
9.830555555555555713e-01
9.830555555555555713e-01
9.830555555555555713e-01
9.830555555555555713e-01
9.830555555555555713e-01
9.830555555555555713e-01
9.827777777777777501e-01
9.827777777777777501e-01
9.825000000000000400e-01
9.825000000000000400e-01
9.825000000000000400e-01
9.825000000000000400e-01
9.825000000000000400e-01
9.825000000000000400e-01
9.825000000000000400e-01
9.825000000000000400e-01
9.825000000000000400e-01
9.825000000000000400e-01
9.825000000000000400e-01
9.822222222222222188e-01
9.819444444444443976e-01
9.819444444444443976e-01
9.816666666666666874e-01
9.816666666666666874e-01
9.816666666666666874e-01
9.816666666666666874e-01
9.816666666666666874e-01
9.816666666666666874e-01
9.813888888888888662e-01
9.813888888888888662e-01
9.813888888888888662e-01
9.813888888888888662e-01
9.813888888888888662e-01
9.813888888888888662e-01
9.813888888888888662e-01
9.813888888888888662e-01
9.813888888888888662e-01
9.813888888888888662e-01
9.813888888888888662e-01
9.813888888888888662e-01
9.813888888888888662e-01
9.813888888888888662e-01
9.813888888888888662e-01
9.813888888888888662e-01
9.813888888888888662e-01
9.813888888888888662e-01
9.813888888888888662e-01
9.813888888888888662e-01
9.813888888888888662e-01
9.813888888888888662e-01
9.813888888888888662e-01
9.813888888888888662e-01
9.813888888888888662e-01
9.813888888888888662e-01
9.813888888888888662e-01
9.813888888888888662e-01
9.813888888888888662e-01
9.813888888888888662e-01
9.813888888888888662e-01
9.813888888888888662e-01
9.813888888888888662e-01
9.813888888888888662e-01
9.813888888888888662e-01
9.813888888888888662e-01
9.813888888888888662e-01
9.811111111111111560e-01
9.808333333333333348e-01
9.808333333333333348e-01
9.808333333333333348e-01
9.808333333333333348e-01
9.808333333333333348e-01
9.808333333333333348e-01
9.808333333333333348e-01
9.808333333333333348e-01
9.808333333333333348e-01
9.808333333333333348e-01
9.808333333333333348e-01
9.808333333333333348e-01
9.808333333333333348e-01
9.808333333333333348e-01
9.808333333333333348e-01
9.805555555555555136e-01
9.805555555555555136e-01
9.805555555555555136e-01
9.805555555555555136e-01
9.802777777777778034e-01
9.799999999999999822e-01
9.799999999999999822e-01
9.799999999999999822e-01
9.797222222222222721e-01
9.797222222222222721e-01
9.797222222222222721e-01
9.797222222222222721e-01
9.794444444444444509e-01
9.794444444444444509e-01
9.794444444444444509e-01
9.791666666666666297e-01
9.788888888888889195e-01
9.786111111111110983e-01
9.783333333333333881e-01
9.780555555555555669e-01
9.780555555555555669e-01
9.777777777777777457e-01
9.775000000000000355e-01
9.775000000000000355e-01
9.772222222222222143e-01
9.772222222222222143e-01
9.772222222222222143e-01
9.769444444444443931e-01
9.769444444444443931e-01
9.769444444444443931e-01
9.769444444444443931e-01
9.766666666666666829e-01
9.766666666666666829e-01
9.766666666666666829e-01
9.766666666666666829e-01
9.766666666666666829e-01
9.763888888888888618e-01
9.763888888888888618e-01
9.761111111111111516e-01
9.758333333333333304e-01
9.758333333333333304e-01
9.758333333333333304e-01
9.758333333333333304e-01
9.758333333333333304e-01
9.758333333333333304e-01
9.758333333333333304e-01
9.758333333333333304e-01
9.758333333333333304e-01
9.758333333333333304e-01
9.758333333333333304e-01
9.758333333333333304e-01
9.758333333333333304e-01
9.758333333333333304e-01
9.758333333333333304e-01
9.758333333333333304e-01
9.758333333333333304e-01
9.758333333333333304e-01
9.755555555555555092e-01
9.755555555555555092e-01
9.755555555555555092e-01
9.752777777777777990e-01
9.749999999999999778e-01
9.749999999999999778e-01
9.749999999999999778e-01
9.749999999999999778e-01
9.749999999999999778e-01
9.749999999999999778e-01
9.747222222222222676e-01
9.744444444444444464e-01
9.741666666666666252e-01
9.741666666666666252e-01
9.741666666666666252e-01
9.741666666666666252e-01
9.741666666666666252e-01
9.741666666666666252e-01
9.741666666666666252e-01
9.741666666666666252e-01
9.741666666666666252e-01
9.738888888888889150e-01
9.738888888888889150e-01
9.738888888888889150e-01
9.738888888888889150e-01
9.738888888888889150e-01
9.738888888888889150e-01
9.722222222222222099e-01
9.722222222222222099e-01
9.719444444444444997e-01
9.716666666666666785e-01
9.716666666666666785e-01
9.716666666666666785e-01
9.716666666666666785e-01
9.716666666666666785e-01
9.713888888888888573e-01
9.713888888888888573e-01
9.713888888888888573e-01
9.713888888888888573e-01
9.713888888888888573e-01
9.713888888888888573e-01
9.713888888888888573e-01
9.713888888888888573e-01
9.713888888888888573e-01
9.713888888888888573e-01
9.713888888888888573e-01
9.711111111111111471e-01
9.711111111111111471e-01
9.711111111111111471e-01
9.711111111111111471e-01
9.711111111111111471e-01
9.711111111111111471e-01
9.711111111111111471e-01
9.711111111111111471e-01
9.708333333333333259e-01
9.708333333333333259e-01
9.708333333333333259e-01
9.705555555555555047e-01
9.705555555555555047e-01
9.705555555555555047e-01
9.705555555555555047e-01
9.702777777777777946e-01
9.702777777777777946e-01
9.702777777777777946e-01
9.702777777777777946e-01
9.699999999999999734e-01
9.699999999999999734e-01
9.699999999999999734e-01
9.699999999999999734e-01
9.697222222222222632e-01
9.697222222222222632e-01
9.697222222222222632e-01
9.697222222222222632e-01
9.697222222222222632e-01
9.697222222222222632e-01
9.697222222222222632e-01
9.694444444444444420e-01
9.691666666666666208e-01
9.688888888888889106e-01
9.688888888888889106e-01
9.688888888888889106e-01
9.688888888888889106e-01
9.683333333333333792e-01
9.683333333333333792e-01
9.680555555555555580e-01
9.680555555555555580e-01
9.680555555555555580e-01
9.680555555555555580e-01
9.677777777777777368e-01
9.675000000000000266e-01
9.675000000000000266e-01
9.675000000000000266e-01
9.672222222222222054e-01
9.672222222222222054e-01
9.672222222222222054e-01
9.669444444444444953e-01
9.669444444444444953e-01
9.666666666666666741e-01
9.663888888888888529e-01
9.663888888888888529e-01
9.663888888888888529e-01
9.661111111111111427e-01
9.661111111111111427e-01
9.658333333333333215e-01
9.655555555555555003e-01
9.655555555555555003e-01
9.655555555555555003e-01
9.655555555555555003e-01
9.655555555555555003e-01
9.655555555555555003e-01
9.655555555555555003e-01
9.655555555555555003e-01
9.655555555555555003e-01
9.655555555555555003e-01
9.655555555555555003e-01
9.652777777777777901e-01
9.649999999999999689e-01
9.649999999999999689e-01
9.647222222222222587e-01
9.647222222222222587e-01
9.647222222222222587e-01
9.647222222222222587e-01
9.647222222222222587e-01
9.647222222222222587e-01
9.647222222222222587e-01
9.647222222222222587e-01
9.647222222222222587e-01
9.647222222222222587e-01
9.644444444444444375e-01
9.641666666666666163e-01
9.641666666666666163e-01
9.641666666666666163e-01
9.641666666666666163e-01
9.641666666666666163e-01
9.638888888888889062e-01
9.627777777777777324e-01
9.627777777777777324e-01
9.625000000000000222e-01
9.625000000000000222e-01
9.625000000000000222e-01
9.625000000000000222e-01
9.619444444444444908e-01
9.616666666666666696e-01
9.616666666666666696e-01
9.616666666666666696e-01
9.613888888888888484e-01
9.613888888888888484e-01
9.613888888888888484e-01
9.613888888888888484e-01
9.613888888888888484e-01
9.611111111111111382e-01
9.611111111111111382e-01
9.611111111111111382e-01
9.608333333333333171e-01
9.608333333333333171e-01
9.608333333333333171e-01
9.608333333333333171e-01
9.608333333333333171e-01
9.608333333333333171e-01
9.608333333333333171e-01
9.608333333333333171e-01
9.608333333333333171e-01
9.608333333333333171e-01
9.608333333333333171e-01
9.608333333333333171e-01
9.608333333333333171e-01
9.608333333333333171e-01
9.608333333333333171e-01
9.608333333333333171e-01
9.608333333333333171e-01
9.608333333333333171e-01
9.608333333333333171e-01
9.608333333333333171e-01
9.608333333333333171e-01
9.608333333333333171e-01
9.608333333333333171e-01
9.608333333333333171e-01
9.608333333333333171e-01
9.608333333333333171e-01
9.608333333333333171e-01
9.608333333333333171e-01
9.608333333333333171e-01
9.608333333333333171e-01
9.608333333333333171e-01
9.602777777777777857e-01
9.602777777777777857e-01
9.599999999999999645e-01
9.597222222222222543e-01
9.597222222222222543e-01
9.597222222222222543e-01
9.597222222222222543e-01
9.597222222222222543e-01
9.597222222222222543e-01
9.597222222222222543e-01
9.588888888888889017e-01
9.588888888888889017e-01
9.588888888888889017e-01
9.588888888888889017e-01
9.588888888888889017e-01
9.588888888888889017e-01
9.588888888888889017e-01
9.588888888888889017e-01
9.588888888888889017e-01
9.588888888888889017e-01
9.588888888888889017e-01
9.588888888888889017e-01
9.588888888888889017e-01
9.588888888888889017e-01
9.586111111111110805e-01
9.586111111111110805e-01
9.586111111111110805e-01
9.586111111111110805e-01
9.583333333333333703e-01
9.583333333333333703e-01
9.583333333333333703e-01
9.583333333333333703e-01
9.583333333333333703e-01
9.583333333333333703e-01
9.583333333333333703e-01
9.583333333333333703e-01
9.583333333333333703e-01
9.583333333333333703e-01
9.583333333333333703e-01
9.583333333333333703e-01
9.583333333333333703e-01
9.583333333333333703e-01
9.580555555555555491e-01
9.580555555555555491e-01
9.580555555555555491e-01
9.580555555555555491e-01
9.580555555555555491e-01
9.580555555555555491e-01
9.580555555555555491e-01
9.580555555555555491e-01
9.580555555555555491e-01
9.580555555555555491e-01
9.580555555555555491e-01
9.580555555555555491e-01
9.580555555555555491e-01
9.580555555555555491e-01
9.580555555555555491e-01
9.577777777777777279e-01
9.577777777777777279e-01
9.577777777777777279e-01
9.577777777777777279e-01
9.577777777777777279e-01
9.577777777777777279e-01
9.577777777777777279e-01
9.577777777777777279e-01
9.577777777777777279e-01
9.577777777777777279e-01
9.577777777777777279e-01
9.577777777777777279e-01
9.577777777777777279e-01
9.577777777777777279e-01
9.577777777777777279e-01
9.575000000000000178e-01
9.575000000000000178e-01
9.575000000000000178e-01
9.575000000000000178e-01
9.575000000000000178e-01
9.575000000000000178e-01
9.575000000000000178e-01
9.575000000000000178e-01
9.575000000000000178e-01
9.575000000000000178e-01
9.572222222222221966e-01
9.572222222222221966e-01
9.572222222222221966e-01
9.572222222222221966e-01
9.572222222222221966e-01
9.572222222222221966e-01
9.572222222222221966e-01
9.572222222222221966e-01
9.572222222222221966e-01
9.569444444444444864e-01
9.569444444444444864e-01
9.569444444444444864e-01
9.569444444444444864e-01
9.569444444444444864e-01
9.569444444444444864e-01
9.569444444444444864e-01
9.569444444444444864e-01
9.569444444444444864e-01
9.566666666666666652e-01
9.566666666666666652e-01
9.566666666666666652e-01
9.566666666666666652e-01
9.566666666666666652e-01
9.563888888888888440e-01
9.563888888888888440e-01
9.563888888888888440e-01
9.563888888888888440e-01
9.563888888888888440e-01
9.563888888888888440e-01
9.563888888888888440e-01
9.563888888888888440e-01
9.563888888888888440e-01
9.563888888888888440e-01
9.563888888888888440e-01
9.563888888888888440e-01
9.563888888888888440e-01
9.563888888888888440e-01
9.563888888888888440e-01
9.563888888888888440e-01
9.561111111111111338e-01
9.561111111111111338e-01
9.558333333333333126e-01
9.558333333333333126e-01
9.558333333333333126e-01
9.558333333333333126e-01
9.558333333333333126e-01
9.558333333333333126e-01
9.558333333333333126e-01
9.558333333333333126e-01
9.558333333333333126e-01
9.558333333333333126e-01
9.558333333333333126e-01
9.555555555555556024e-01
9.555555555555556024e-01
9.555555555555556024e-01
9.555555555555556024e-01
9.555555555555556024e-01
9.552777777777777812e-01
9.552777777777777812e-01
9.552777777777777812e-01
9.552777777777777812e-01
9.552777777777777812e-01
9.552777777777777812e-01
9.552777777777777812e-01
9.552777777777777812e-01
9.552777777777777812e-01
9.552777777777777812e-01
9.552777777777777812e-01
9.552777777777777812e-01
9.549999999999999600e-01
9.549999999999999600e-01
9.549999999999999600e-01
9.549999999999999600e-01
9.549999999999999600e-01
9.547222222222222499e-01
9.544444444444444287e-01
9.544444444444444287e-01
9.544444444444444287e-01
9.544444444444444287e-01
9.541666666666667185e-01
9.538888888888888973e-01
9.538888888888888973e-01
9.538888888888888973e-01
9.538888888888888973e-01
9.538888888888888973e-01
9.533333333333333659e-01
9.533333333333333659e-01
9.533333333333333659e-01
9.527777777777777235e-01
9.527777777777777235e-01
9.527777777777777235e-01
9.527777777777777235e-01
9.527777777777777235e-01
9.527777777777777235e-01
9.527777777777777235e-01
9.527777777777777235e-01
9.525000000000000133e-01
9.513888888888888395e-01
9.513888888888888395e-01
9.513888888888888395e-01
9.513888888888888395e-01
9.513888888888888395e-01
9.513888888888888395e-01
9.513888888888888395e-01
9.513888888888888395e-01
9.513888888888888395e-01
9.513888888888888395e-01
9.513888888888888395e-01
9.513888888888888395e-01
9.513888888888888395e-01
9.513888888888888395e-01
9.513888888888888395e-01
9.513888888888888395e-01
9.513888888888888395e-01
9.513888888888888395e-01
9.513888888888888395e-01
9.513888888888888395e-01
9.511111111111111294e-01
9.511111111111111294e-01
9.511111111111111294e-01
9.511111111111111294e-01
9.511111111111111294e-01
9.511111111111111294e-01
9.508333333333333082e-01
9.508333333333333082e-01
9.508333333333333082e-01
9.508333333333333082e-01
9.505555555555555980e-01
9.505555555555555980e-01
9.505555555555555980e-01
9.505555555555555980e-01
9.505555555555555980e-01
9.505555555555555980e-01
9.505555555555555980e-01
9.505555555555555980e-01
9.505555555555555980e-01
9.505555555555555980e-01
9.505555555555555980e-01
9.502777777777777768e-01
9.499999999999999556e-01
9.499999999999999556e-01
9.499999999999999556e-01
9.499999999999999556e-01
9.497222222222222454e-01
9.497222222222222454e-01
9.497222222222222454e-01
9.497222222222222454e-01
9.497222222222222454e-01
9.497222222222222454e-01
9.497222222222222454e-01
9.497222222222222454e-01
9.494444444444444242e-01
9.491666666666667140e-01
9.491666666666667140e-01
9.491666666666667140e-01
9.488888888888888928e-01
9.488888888888888928e-01
9.488888888888888928e-01
9.488888888888888928e-01
9.488888888888888928e-01
9.488888888888888928e-01
9.488888888888888928e-01
9.488888888888888928e-01
9.488888888888888928e-01
9.488888888888888928e-01
9.488888888888888928e-01
9.488888888888888928e-01
9.488888888888888928e-01
9.488888888888888928e-01
9.488888888888888928e-01
9.486111111111110716e-01
9.486111111111110716e-01
9.486111111111110716e-01
9.486111111111110716e-01
9.486111111111110716e-01
9.486111111111110716e-01
9.486111111111110716e-01
9.486111111111110716e-01
9.486111111111110716e-01
9.483333333333333615e-01
9.483333333333333615e-01
9.483333333333333615e-01
9.483333333333333615e-01
9.483333333333333615e-01
9.483333333333333615e-01
9.480555555555555403e-01
9.480555555555555403e-01
9.477777777777778301e-01
9.477777777777778301e-01
9.477777777777778301e-01
9.477777777777778301e-01
9.475000000000000089e-01
9.472222222222221877e-01
9.472222222222221877e-01
9.472222222222221877e-01
9.472222222222221877e-01
9.472222222222221877e-01
9.472222222222221877e-01
9.472222222222221877e-01
9.469444444444444775e-01
9.469444444444444775e-01
9.469444444444444775e-01
9.469444444444444775e-01
9.466666666666666563e-01
9.466666666666666563e-01
9.463888888888888351e-01
9.463888888888888351e-01
9.461111111111111249e-01
9.461111111111111249e-01
9.461111111111111249e-01
9.461111111111111249e-01
9.458333333333333037e-01
9.458333333333333037e-01
9.458333333333333037e-01
9.455555555555555935e-01
9.455555555555555935e-01
9.452777777777777724e-01
9.452777777777777724e-01
9.452777777777777724e-01
9.452777777777777724e-01
9.452777777777777724e-01
9.452777777777777724e-01
9.452777777777777724e-01
9.452777777777777724e-01
9.452777777777777724e-01
9.452777777777777724e-01
9.449999999999999512e-01
9.449999999999999512e-01
9.449999999999999512e-01
9.449999999999999512e-01
9.449999999999999512e-01
9.449999999999999512e-01
9.449999999999999512e-01
9.449999999999999512e-01
9.449999999999999512e-01
9.449999999999999512e-01
9.449999999999999512e-01
9.449999999999999512e-01
9.449999999999999512e-01
9.449999999999999512e-01
9.449999999999999512e-01
9.449999999999999512e-01
9.447222222222222410e-01
9.444444444444444198e-01
9.444444444444444198e-01
9.441666666666667096e-01
9.441666666666667096e-01
9.441666666666667096e-01
9.441666666666667096e-01
9.441666666666667096e-01
9.441666666666667096e-01
9.441666666666667096e-01
9.441666666666667096e-01
9.438888888888888884e-01
9.436111111111110672e-01
9.436111111111110672e-01
9.436111111111110672e-01
9.436111111111110672e-01
9.436111111111110672e-01
9.433333333333333570e-01
9.433333333333333570e-01
9.433333333333333570e-01
9.433333333333333570e-01
9.430555555555555358e-01
9.430555555555555358e-01
9.430555555555555358e-01
9.430555555555555358e-01
9.427777777777778256e-01
9.427777777777778256e-01
9.425000000000000044e-01
9.425000000000000044e-01
9.425000000000000044e-01
9.425000000000000044e-01
9.425000000000000044e-01
9.422222222222221832e-01
9.422222222222221832e-01
9.422222222222221832e-01
9.422222222222221832e-01
9.419444444444444731e-01
9.416666666666666519e-01
9.413888888888889417e-01
9.413888888888889417e-01
9.413888888888889417e-01
9.413888888888889417e-01
9.413888888888889417e-01
9.413888888888889417e-01
9.413888888888889417e-01
9.413888888888889417e-01
9.411111111111111205e-01
9.411111111111111205e-01
9.411111111111111205e-01
9.411111111111111205e-01
9.411111111111111205e-01
9.411111111111111205e-01
9.411111111111111205e-01
9.411111111111111205e-01
9.411111111111111205e-01
9.411111111111111205e-01
9.411111111111111205e-01
9.411111111111111205e-01
9.411111111111111205e-01
9.408333333333332993e-01
9.405555555555555891e-01
9.402777777777777679e-01
9.402777777777777679e-01
9.402777777777777679e-01
9.402777777777777679e-01
9.402777777777777679e-01
9.402777777777777679e-01
9.399999999999999467e-01
9.399999999999999467e-01
9.399999999999999467e-01
9.399999999999999467e-01
9.397222222222222365e-01
9.394444444444444153e-01
9.394444444444444153e-01
9.394444444444444153e-01
9.394444444444444153e-01
9.394444444444444153e-01
9.394444444444444153e-01
9.394444444444444153e-01
9.394444444444444153e-01
9.394444444444444153e-01
9.394444444444444153e-01
9.394444444444444153e-01
9.394444444444444153e-01
9.391666666666667052e-01
9.391666666666667052e-01
9.391666666666667052e-01
9.391666666666667052e-01
9.391666666666667052e-01
9.391666666666667052e-01
9.391666666666667052e-01
9.386111111111110628e-01
9.386111111111110628e-01
9.383333333333333526e-01
9.383333333333333526e-01
9.383333333333333526e-01
9.383333333333333526e-01
9.380555555555555314e-01
9.380555555555555314e-01
9.375000000000000000e-01
9.375000000000000000e-01
9.372222222222221788e-01
9.369444444444444686e-01
9.369444444444444686e-01
9.369444444444444686e-01
9.369444444444444686e-01
9.369444444444444686e-01
9.366666666666666474e-01
9.366666666666666474e-01
9.366666666666666474e-01
9.366666666666666474e-01
9.366666666666666474e-01
9.363888888888889372e-01
9.363888888888889372e-01
9.363888888888889372e-01
9.363888888888889372e-01
9.363888888888889372e-01
9.363888888888889372e-01
9.363888888888889372e-01
9.363888888888889372e-01
9.363888888888889372e-01
9.355555555555555847e-01
9.352777777777777635e-01
9.352777777777777635e-01
9.352777777777777635e-01
9.352777777777777635e-01
9.352777777777777635e-01
9.352777777777777635e-01
9.352777777777777635e-01
9.352777777777777635e-01
9.352777777777777635e-01
9.350000000000000533e-01
9.347222222222222321e-01
9.347222222222222321e-01
9.344444444444444109e-01
9.344444444444444109e-01
9.344444444444444109e-01
9.344444444444444109e-01
9.341666666666667007e-01
9.338888888888888795e-01
9.336111111111110583e-01
9.336111111111110583e-01
9.336111111111110583e-01
9.336111111111110583e-01
9.333333333333333481e-01
9.330555555555555269e-01
9.330555555555555269e-01
9.327777777777778168e-01
9.327777777777778168e-01
9.327777777777778168e-01
9.324999999999999956e-01
9.324999999999999956e-01
9.324999999999999956e-01
9.322222222222221744e-01
9.319444444444444642e-01
9.319444444444444642e-01
9.319444444444444642e-01
9.319444444444444642e-01
9.316666666666666430e-01
9.316666666666666430e-01
9.313888888888889328e-01
9.313888888888889328e-01
9.313888888888889328e-01
9.313888888888889328e-01
9.313888888888889328e-01
9.313888888888889328e-01
9.313888888888889328e-01
9.313888888888889328e-01
9.313888888888889328e-01
9.313888888888889328e-01
9.313888888888889328e-01
9.313888888888889328e-01
9.313888888888889328e-01
9.313888888888889328e-01
9.311111111111111116e-01
9.311111111111111116e-01
9.311111111111111116e-01
9.308333333333332904e-01
9.308333333333332904e-01
9.308333333333332904e-01
9.308333333333332904e-01
9.308333333333332904e-01
9.308333333333332904e-01
9.308333333333332904e-01
9.308333333333332904e-01
9.308333333333332904e-01
9.308333333333332904e-01
9.308333333333332904e-01
9.305555555555555802e-01
9.305555555555555802e-01
9.302777777777777590e-01
9.302777777777777590e-01
9.302777777777777590e-01
9.300000000000000488e-01
9.297222222222222276e-01
9.297222222222222276e-01
9.297222222222222276e-01
9.297222222222222276e-01
9.297222222222222276e-01
9.297222222222222276e-01
9.294444444444444065e-01
9.291666666666666963e-01
9.291666666666666963e-01
9.291666666666666963e-01
9.291666666666666963e-01
9.291666666666666963e-01
9.291666666666666963e-01
9.291666666666666963e-01
9.291666666666666963e-01
9.291666666666666963e-01
9.288888888888888751e-01
9.288888888888888751e-01
9.288888888888888751e-01
9.288888888888888751e-01
9.288888888888888751e-01
9.286111111111111649e-01
9.286111111111111649e-01
9.286111111111111649e-01
9.286111111111111649e-01
9.286111111111111649e-01
9.283333333333333437e-01
9.283333333333333437e-01
9.283333333333333437e-01
9.283333333333333437e-01
9.283333333333333437e-01
9.280555555555555225e-01
9.280555555555555225e-01
9.280555555555555225e-01
9.280555555555555225e-01
9.277777777777778123e-01
9.274999999999999911e-01
9.274999999999999911e-01
9.274999999999999911e-01
9.274999999999999911e-01
9.274999999999999911e-01
9.274999999999999911e-01
9.274999999999999911e-01
9.274999999999999911e-01
9.272222222222221699e-01
9.269444444444444597e-01
9.269444444444444597e-01
9.269444444444444597e-01
9.269444444444444597e-01
9.269444444444444597e-01
9.269444444444444597e-01
9.269444444444444597e-01
9.269444444444444597e-01
9.269444444444444597e-01
9.269444444444444597e-01
9.266666666666666385e-01
9.266666666666666385e-01
9.266666666666666385e-01
9.263888888888889284e-01
9.263888888888889284e-01
9.263888888888889284e-01
9.263888888888889284e-01
9.263888888888889284e-01
9.263888888888889284e-01
9.261111111111111072e-01
9.261111111111111072e-01
9.258333333333332860e-01
9.258333333333332860e-01
9.255555555555555758e-01
9.255555555555555758e-01
9.252777777777777546e-01
9.252777777777777546e-01
9.252777777777777546e-01
9.250000000000000444e-01
9.250000000000000444e-01
9.247222222222222232e-01
9.247222222222222232e-01
9.247222222222222232e-01
9.247222222222222232e-01
9.247222222222222232e-01
9.247222222222222232e-01
9.244444444444444020e-01
9.241666666666666918e-01
9.241666666666666918e-01
9.241666666666666918e-01
9.241666666666666918e-01
9.241666666666666918e-01
9.241666666666666918e-01
9.241666666666666918e-01
9.241666666666666918e-01
9.241666666666666918e-01
9.241666666666666918e-01
9.241666666666666918e-01
9.241666666666666918e-01
9.238888888888888706e-01
9.236111111111111605e-01
9.236111111111111605e-01
9.236111111111111605e-01
9.236111111111111605e-01
9.236111111111111605e-01
9.236111111111111605e-01
9.236111111111111605e-01
9.233333333333333393e-01
9.233333333333333393e-01
9.233333333333333393e-01
9.233333333333333393e-01
9.233333333333333393e-01
9.233333333333333393e-01
9.233333333333333393e-01
9.233333333333333393e-01
9.233333333333333393e-01
9.230555555555555181e-01
9.230555555555555181e-01
9.230555555555555181e-01
9.230555555555555181e-01
9.227777777777778079e-01
9.227777777777778079e-01
9.227777777777778079e-01
9.227777777777778079e-01
9.227777777777778079e-01
9.227777777777778079e-01
9.227777777777778079e-01
9.227777777777778079e-01
9.227777777777778079e-01
9.227777777777778079e-01
9.227777777777778079e-01
9.227777777777778079e-01
9.227777777777778079e-01
9.227777777777778079e-01
9.227777777777778079e-01
9.227777777777778079e-01
9.227777777777778079e-01
9.222222222222222765e-01
9.222222222222222765e-01
9.222222222222222765e-01
9.222222222222222765e-01
9.219444444444444553e-01
9.219444444444444553e-01
9.219444444444444553e-01
9.219444444444444553e-01
9.219444444444444553e-01
9.219444444444444553e-01
9.219444444444444553e-01
9.219444444444444553e-01
9.219444444444444553e-01
9.219444444444444553e-01
9.219444444444444553e-01
9.219444444444444553e-01
9.219444444444444553e-01
9.219444444444444553e-01
9.216666666666666341e-01
9.216666666666666341e-01
9.216666666666666341e-01
9.216666666666666341e-01
9.213888888888889239e-01
9.213888888888889239e-01
9.213888888888889239e-01
9.213888888888889239e-01
9.213888888888889239e-01
9.213888888888889239e-01
9.211111111111111027e-01
9.211111111111111027e-01
9.211111111111111027e-01
9.211111111111111027e-01
9.211111111111111027e-01
9.211111111111111027e-01
9.208333333333332815e-01
9.208333333333332815e-01
9.208333333333332815e-01
9.208333333333332815e-01
9.208333333333332815e-01
9.208333333333332815e-01
9.208333333333332815e-01
9.208333333333332815e-01
9.208333333333332815e-01
9.208333333333332815e-01
9.208333333333332815e-01
9.208333333333332815e-01
9.208333333333332815e-01
9.208333333333332815e-01
9.202777777777777501e-01
9.202777777777777501e-01
9.202777777777777501e-01
9.200000000000000400e-01
9.200000000000000400e-01
9.200000000000000400e-01
9.200000000000000400e-01
9.200000000000000400e-01
9.200000000000000400e-01
9.200000000000000400e-01
9.200000000000000400e-01
9.200000000000000400e-01
9.200000000000000400e-01
9.200000000000000400e-01
9.197222222222222188e-01
9.197222222222222188e-01
9.197222222222222188e-01
9.197222222222222188e-01
9.197222222222222188e-01
9.197222222222222188e-01
9.197222222222222188e-01
9.197222222222222188e-01
9.194444444444443976e-01
9.194444444444443976e-01
9.191666666666666874e-01
9.191666666666666874e-01
9.191666666666666874e-01
9.191666666666666874e-01
9.191666666666666874e-01
9.188888888888888662e-01
9.186111111111111560e-01
9.186111111111111560e-01
9.183333333333333348e-01
9.183333333333333348e-01
9.183333333333333348e-01
9.172222222222222721e-01
9.172222222222222721e-01
9.172222222222222721e-01
9.169444444444444509e-01
9.166666666666666297e-01
9.166666666666666297e-01
9.166666666666666297e-01
9.166666666666666297e-01
9.166666666666666297e-01
9.166666666666666297e-01
9.166666666666666297e-01
9.166666666666666297e-01
9.166666666666666297e-01
9.166666666666666297e-01
9.166666666666666297e-01
9.163888888888889195e-01
9.161111111111110983e-01
9.161111111111110983e-01
9.161111111111110983e-01
9.161111111111110983e-01
9.161111111111110983e-01
9.161111111111110983e-01
9.161111111111110983e-01
9.161111111111110983e-01
9.161111111111110983e-01
9.158333333333333881e-01
9.158333333333333881e-01
9.158333333333333881e-01
9.158333333333333881e-01
9.158333333333333881e-01
9.155555555555555669e-01
9.152777777777777457e-01
9.152777777777777457e-01
9.150000000000000355e-01
9.147222222222222143e-01
9.147222222222222143e-01
9.147222222222222143e-01
9.144444444444443931e-01
9.144444444444443931e-01
9.144444444444443931e-01
9.141666666666666829e-01
9.141666666666666829e-01
9.141666666666666829e-01
9.141666666666666829e-01
9.141666666666666829e-01
9.141666666666666829e-01
9.141666666666666829e-01
9.141666666666666829e-01
9.141666666666666829e-01
9.141666666666666829e-01
9.141666666666666829e-01
9.141666666666666829e-01
9.141666666666666829e-01
9.141666666666666829e-01
9.141666666666666829e-01
9.141666666666666829e-01
9.138888888888888618e-01
9.138888888888888618e-01
9.138888888888888618e-01
9.138888888888888618e-01
9.138888888888888618e-01
9.138888888888888618e-01
9.136111111111111516e-01
9.133333333333333304e-01
9.130555555555555092e-01
9.130555555555555092e-01
9.130555555555555092e-01
9.130555555555555092e-01
9.130555555555555092e-01
9.130555555555555092e-01
9.127777777777777990e-01
9.127777777777777990e-01
9.127777777777777990e-01
9.127777777777777990e-01
9.127777777777777990e-01
9.127777777777777990e-01
9.127777777777777990e-01
9.127777777777777990e-01
9.127777777777777990e-01
9.127777777777777990e-01
9.127777777777777990e-01
9.124999999999999778e-01
9.122222222222222676e-01
9.122222222222222676e-01
9.122222222222222676e-01
9.122222222222222676e-01
9.122222222222222676e-01
9.119444444444444464e-01
9.119444444444444464e-01
9.119444444444444464e-01
9.119444444444444464e-01
9.116666666666666252e-01
9.116666666666666252e-01
9.116666666666666252e-01
9.116666666666666252e-01
9.113888888888889150e-01
9.113888888888889150e-01
9.113888888888889150e-01
9.113888888888889150e-01
9.113888888888889150e-01
9.111111111111110938e-01
9.111111111111110938e-01
9.108333333333333837e-01
9.105555555555555625e-01
9.105555555555555625e-01
9.105555555555555625e-01
9.105555555555555625e-01
9.102777777777777413e-01
9.100000000000000311e-01
9.100000000000000311e-01
9.100000000000000311e-01
9.100000000000000311e-01
9.100000000000000311e-01
9.100000000000000311e-01
9.100000000000000311e-01
9.100000000000000311e-01
9.100000000000000311e-01
9.100000000000000311e-01
9.100000000000000311e-01
9.100000000000000311e-01
9.097222222222222099e-01
9.094444444444444997e-01
9.091666666666666785e-01
9.091666666666666785e-01
9.088888888888888573e-01
9.088888888888888573e-01
9.088888888888888573e-01
9.086111111111111471e-01
9.086111111111111471e-01
9.086111111111111471e-01
9.083333333333333259e-01
9.080555555555555047e-01
9.080555555555555047e-01
9.080555555555555047e-01
9.077777777777777946e-01
9.077777777777777946e-01
9.077777777777777946e-01
9.077777777777777946e-01
9.077777777777777946e-01
9.074999999999999734e-01
9.074999999999999734e-01
9.074999999999999734e-01
9.074999999999999734e-01
9.072222222222222632e-01
9.072222222222222632e-01
9.072222222222222632e-01
9.069444444444444420e-01
9.066666666666666208e-01
9.066666666666666208e-01
9.063888888888889106e-01
9.063888888888889106e-01
9.061111111111110894e-01
9.061111111111110894e-01
9.061111111111110894e-01
9.061111111111110894e-01
9.061111111111110894e-01
9.061111111111110894e-01
9.061111111111110894e-01
9.061111111111110894e-01
9.061111111111110894e-01
9.061111111111110894e-01
9.061111111111110894e-01
9.058333333333333792e-01
9.055555555555555580e-01
9.052777777777777368e-01
9.052777777777777368e-01
9.050000000000000266e-01
9.047222222222222054e-01
9.047222222222222054e-01
9.047222222222222054e-01
9.047222222222222054e-01
9.047222222222222054e-01
9.044444444444444953e-01
9.044444444444444953e-01
9.044444444444444953e-01
9.041666666666666741e-01
9.041666666666666741e-01
9.041666666666666741e-01
9.041666666666666741e-01
9.038888888888888529e-01
9.038888888888888529e-01
9.038888888888888529e-01
9.036111111111111427e-01
9.036111111111111427e-01
9.033333333333333215e-01
9.033333333333333215e-01
9.030555555555555003e-01
9.030555555555555003e-01
9.030555555555555003e-01
9.030555555555555003e-01
9.030555555555555003e-01
9.027777777777777901e-01
9.024999999999999689e-01
9.024999999999999689e-01
9.024999999999999689e-01
9.024999999999999689e-01
9.024999999999999689e-01
9.024999999999999689e-01
9.016666666666666163e-01
9.013888888888889062e-01
9.011111111111110850e-01
9.008333333333333748e-01
9.008333333333333748e-01
9.008333333333333748e-01
9.008333333333333748e-01
9.008333333333333748e-01
9.005555555555555536e-01
9.005555555555555536e-01
9.002777777777777324e-01
9.000000000000000222e-01
9.000000000000000222e-01
9.000000000000000222e-01
9.000000000000000222e-01
9.000000000000000222e-01
9.000000000000000222e-01
8.997222222222222010e-01
8.997222222222222010e-01
8.994444444444444908e-01
8.991666666666666696e-01
8.988888888888888484e-01
8.986111111111111382e-01
8.983333333333333171e-01
8.980555555555556069e-01
8.980555555555556069e-01
8.980555555555556069e-01
8.980555555555556069e-01
8.980555555555556069e-01
8.980555555555556069e-01
8.980555555555556069e-01
8.980555555555556069e-01
8.974999999999999645e-01
8.972222222222222543e-01
8.969444444444444331e-01
8.969444444444444331e-01
8.963888888888889017e-01
8.961111111111110805e-01
8.958333333333333703e-01
8.955555555555555491e-01
8.952777777777777279e-01
8.952777777777777279e-01
8.950000000000000178e-01
8.950000000000000178e-01
8.950000000000000178e-01
8.950000000000000178e-01
8.950000000000000178e-01
8.947222222222221966e-01
8.944444444444444864e-01
8.936111111111111338e-01
8.936111111111111338e-01
8.936111111111111338e-01
8.936111111111111338e-01
8.936111111111111338e-01
8.936111111111111338e-01
8.936111111111111338e-01
8.933333333333333126e-01
8.933333333333333126e-01
8.930555555555556024e-01
8.930555555555556024e-01
8.927777777777777812e-01
8.927777777777777812e-01
8.927777777777777812e-01
8.927777777777777812e-01
8.924999999999999600e-01
8.924999999999999600e-01
8.924999999999999600e-01
8.922222222222222499e-01
8.922222222222222499e-01
8.922222222222222499e-01
8.919444444444444287e-01
8.919444444444444287e-01
8.919444444444444287e-01
8.919444444444444287e-01
8.919444444444444287e-01
8.919444444444444287e-01
8.916666666666667185e-01
8.916666666666667185e-01
8.916666666666667185e-01
8.916666666666667185e-01
8.913888888888888973e-01
8.913888888888888973e-01
8.913888888888888973e-01
8.913888888888888973e-01
8.913888888888888973e-01
8.913888888888888973e-01
8.913888888888888973e-01
8.911111111111110761e-01
8.911111111111110761e-01
8.908333333333333659e-01
8.908333333333333659e-01
8.908333333333333659e-01
8.908333333333333659e-01
8.908333333333333659e-01
8.905555555555555447e-01
8.902777777777777235e-01
8.900000000000000133e-01
8.900000000000000133e-01
8.897222222222221921e-01
8.897222222222221921e-01
8.894444444444444819e-01
8.894444444444444819e-01
8.894444444444444819e-01
8.891666666666666607e-01
8.888888888888888395e-01
8.883333333333333082e-01
8.880555555555555980e-01
8.880555555555555980e-01
8.877777777777777768e-01
8.877777777777777768e-01
8.874999999999999556e-01
8.874999999999999556e-01
8.872222222222222454e-01
8.872222222222222454e-01
8.866666666666667140e-01
8.866666666666667140e-01
8.866666666666667140e-01
8.866666666666667140e-01
8.866666666666667140e-01
8.838888888888888351e-01
8.838888888888888351e-01
8.838888888888888351e-01
8.836111111111111249e-01
8.836111111111111249e-01
8.836111111111111249e-01
8.836111111111111249e-01
8.833333333333333037e-01
8.830555555555555935e-01
8.827777777777777724e-01
8.827777777777777724e-01
8.827777777777777724e-01
8.824999999999999512e-01
8.824999999999999512e-01
8.822222222222222410e-01
8.822222222222222410e-01
8.822222222222222410e-01
8.822222222222222410e-01
8.822222222222222410e-01
8.822222222222222410e-01
8.819444444444444198e-01
8.819444444444444198e-01
8.819444444444444198e-01
8.819444444444444198e-01
8.819444444444444198e-01
8.816666666666667096e-01
8.816666666666667096e-01
8.816666666666667096e-01
8.816666666666667096e-01
8.816666666666667096e-01
8.797222222222221832e-01
8.797222222222221832e-01
8.797222222222221832e-01
8.797222222222221832e-01
8.794444444444444731e-01
8.794444444444444731e-01
8.794444444444444731e-01
8.788888888888889417e-01
8.786111111111111205e-01
8.783333333333332993e-01
8.783333333333332993e-01
8.783333333333332993e-01
8.780555555555555891e-01
8.777777777777777679e-01
8.774999999999999467e-01
8.774999999999999467e-01
8.772222222222222365e-01
8.772222222222222365e-01
8.772222222222222365e-01
8.772222222222222365e-01
8.769444444444444153e-01
8.763888888888888840e-01
8.755555555555555314e-01
8.755555555555555314e-01
8.752777777777778212e-01
8.752777777777778212e-01
8.744444444444444686e-01
8.741666666666666474e-01
8.738888888888889372e-01
8.738888888888889372e-01
8.736111111111111160e-01
8.733333333333332948e-01
8.733333333333332948e-01
8.733333333333332948e-01
8.730555555555555847e-01
8.730555555555555847e-01
8.730555555555555847e-01
8.713888888888888795e-01
8.713888888888888795e-01
8.713888888888888795e-01
8.711111111111110583e-01
8.708333333333333481e-01
8.705555555555555269e-01
8.705555555555555269e-01
8.702777777777778168e-01
8.702777777777778168e-01
8.702777777777778168e-01
8.702777777777778168e-01
8.699999999999999956e-01
8.697222222222221744e-01
8.697222222222221744e-01
8.694444444444444642e-01
8.694444444444444642e-01
8.691666666666666430e-01
8.691666666666666430e-01
8.691666666666666430e-01
8.688888888888889328e-01
8.686111111111111116e-01
8.683333333333332904e-01
8.683333333333332904e-01
8.680555555555555802e-01
8.677777777777777590e-01
8.675000000000000488e-01
8.672222222222222276e-01
8.669444444444444065e-01
8.666666666666666963e-01
8.663888888888888751e-01
8.661111111111111649e-01
8.661111111111111649e-01
8.658333333333333437e-01
8.658333333333333437e-01
8.658333333333333437e-01
8.655555555555555225e-01
8.655555555555555225e-01
8.655555555555555225e-01
8.652777777777778123e-01
8.652777777777778123e-01
8.649999999999999911e-01
8.647222222222221699e-01
8.644444444444444597e-01
8.641666666666666385e-01
8.638888888888889284e-01
8.636111111111111072e-01
8.633333333333332860e-01
8.633333333333332860e-01
8.633333333333332860e-01
8.633333333333332860e-01
8.633333333333332860e-01
8.633333333333332860e-01
8.633333333333332860e-01
8.633333333333332860e-01
8.633333333333332860e-01
8.633333333333332860e-01
8.633333333333332860e-01
8.633333333333332860e-01
8.630555555555555758e-01
8.630555555555555758e-01
8.627777777777777546e-01
8.627777777777777546e-01
8.627777777777777546e-01
8.627777777777777546e-01
8.627777777777777546e-01
8.625000000000000444e-01
8.622222222222222232e-01
8.619444444444444020e-01
8.619444444444444020e-01
8.619444444444444020e-01
8.616666666666666918e-01
8.616666666666666918e-01
8.616666666666666918e-01
8.616666666666666918e-01
8.613888888888888706e-01
8.613888888888888706e-01
8.611111111111111605e-01
8.608333333333333393e-01
8.605555555555555181e-01
8.602777777777778079e-01
8.602777777777778079e-01
8.602777777777778079e-01
8.602777777777778079e-01
8.599999999999999867e-01
8.599999999999999867e-01
8.599999999999999867e-01
8.599999999999999867e-01
8.597222222222222765e-01
8.597222222222222765e-01
8.597222222222222765e-01
8.594444444444444553e-01
8.591666666666666341e-01
8.586111111111111027e-01
8.583333333333332815e-01
8.580555555555555713e-01
8.577777777777777501e-01
8.577777777777777501e-01
8.577777777777777501e-01
8.577777777777777501e-01
8.575000000000000400e-01
8.575000000000000400e-01
8.575000000000000400e-01
8.575000000000000400e-01
8.572222222222222188e-01
8.569444444444443976e-01
8.569444444444443976e-01
8.569444444444443976e-01
8.566666666666666874e-01
8.563888888888888662e-01
8.563888888888888662e-01
8.561111111111111560e-01
8.561111111111111560e-01
8.561111111111111560e-01
8.558333333333333348e-01
8.558333333333333348e-01
8.558333333333333348e-01
8.558333333333333348e-01
8.558333333333333348e-01
8.558333333333333348e-01
8.555555555555555136e-01
8.552777777777778034e-01
8.552777777777778034e-01
8.549999999999999822e-01
8.547222222222222721e-01
8.547222222222222721e-01
8.547222222222222721e-01
8.547222222222222721e-01
8.547222222222222721e-01
8.544444444444444509e-01
8.544444444444444509e-01
8.544444444444444509e-01
8.541666666666666297e-01
8.538888888888889195e-01
8.536111111111110983e-01
8.536111111111110983e-01
8.536111111111110983e-01
8.533333333333333881e-01
8.530555555555555669e-01
8.527777777777777457e-01
8.527777777777777457e-01
8.527777777777777457e-01
8.527777777777777457e-01
8.527777777777777457e-01
8.525000000000000355e-01
8.522222222222222143e-01
8.519444444444443931e-01
8.519444444444443931e-01
8.519444444444443931e-01
8.516666666666666829e-01
8.516666666666666829e-01
8.513888888888888618e-01
8.511111111111111516e-01
8.508333333333333304e-01
8.505555555555555092e-01
8.499999999999999778e-01
8.491666666666666252e-01
8.488888888888889150e-01
8.486111111111110938e-01
8.483333333333333837e-01
8.480555555555555625e-01
8.480555555555555625e-01
8.480555555555555625e-01
8.480555555555555625e-01
8.477777777777777413e-01
8.475000000000000311e-01
8.472222222222222099e-01
8.469444444444444997e-01
8.466666666666666785e-01
8.463888888888888573e-01
8.461111111111111471e-01
8.458333333333333259e-01
8.458333333333333259e-01
8.455555555555555047e-01
8.455555555555555047e-01
8.452777777777777946e-01
8.449999999999999734e-01
8.447222222222222632e-01
8.444444444444444420e-01
8.441666666666666208e-01
8.438888888888889106e-01
8.438888888888889106e-01
8.438888888888889106e-01
8.436111111111110894e-01
8.436111111111110894e-01
8.436111111111110894e-01
8.433333333333333792e-01
8.433333333333333792e-01
8.430555555555555580e-01
8.427777777777777368e-01
8.427777777777777368e-01
8.425000000000000266e-01
8.422222222222222054e-01
8.422222222222222054e-01
8.419444444444444953e-01
8.416666666666666741e-01
8.413888888888888529e-01
8.413888888888888529e-01
8.413888888888888529e-01
8.411111111111111427e-01
8.408333333333333215e-01
8.408333333333333215e-01
8.405555555555555003e-01
8.405555555555555003e-01
8.405555555555555003e-01
8.405555555555555003e-01
8.405555555555555003e-01
8.405555555555555003e-01
8.405555555555555003e-01
8.402777777777777901e-01
8.402777777777777901e-01
8.402777777777777901e-01
8.399999999999999689e-01
8.399999999999999689e-01
8.399999999999999689e-01
8.399999999999999689e-01
8.399999999999999689e-01
8.399999999999999689e-01
8.399999999999999689e-01
8.397222222222222587e-01
8.397222222222222587e-01
8.397222222222222587e-01
8.397222222222222587e-01
8.394444444444444375e-01
8.394444444444444375e-01
8.394444444444444375e-01
8.391666666666666163e-01
8.388888888888889062e-01
8.386111111111110850e-01
8.386111111111110850e-01
8.386111111111110850e-01
8.386111111111110850e-01
8.383333333333333748e-01
8.383333333333333748e-01
8.380555555555555536e-01
8.380555555555555536e-01
8.380555555555555536e-01
8.380555555555555536e-01
8.380555555555555536e-01
8.380555555555555536e-01
8.380555555555555536e-01
8.380555555555555536e-01
8.380555555555555536e-01
8.377777777777777324e-01
8.375000000000000222e-01
8.375000000000000222e-01
8.372222222222222010e-01
8.372222222222222010e-01
8.372222222222222010e-01
8.372222222222222010e-01
8.369444444444444908e-01
8.366666666666666696e-01
8.366666666666666696e-01
8.366666666666666696e-01
8.366666666666666696e-01
8.366666666666666696e-01
8.363888888888888484e-01
8.363888888888888484e-01
8.361111111111111382e-01
8.361111111111111382e-01
8.358333333333333171e-01
8.355555555555556069e-01
8.355555555555556069e-01
8.355555555555556069e-01
8.352777777777777857e-01
8.347222222222222543e-01
8.344444444444444331e-01
8.341666666666666119e-01
8.341666666666666119e-01
8.341666666666666119e-01
8.338888888888889017e-01
8.336111111111110805e-01
8.336111111111110805e-01
8.336111111111110805e-01
8.333333333333333703e-01
8.333333333333333703e-01
8.333333333333333703e-01
8.333333333333333703e-01
8.333333333333333703e-01
8.330555555555555491e-01
8.327777777777777279e-01
8.327777777777777279e-01
8.327777777777777279e-01
8.327777777777777279e-01
8.325000000000000178e-01
8.322222222222221966e-01
8.319444444444444864e-01
8.316666666666666652e-01
8.313888888888888440e-01
8.311111111111111338e-01
8.308333333333333126e-01
8.308333333333333126e-01
8.305555555555556024e-01
8.302777777777777812e-01
8.302777777777777812e-01
8.299999999999999600e-01
8.299999999999999600e-01
8.297222222222222499e-01
8.297222222222222499e-01
8.294444444444444287e-01
8.294444444444444287e-01
8.291666666666667185e-01
8.286111111111110761e-01
8.283333333333333659e-01
8.283333333333333659e-01
8.280555555555555447e-01
8.277777777777777235e-01
8.275000000000000133e-01
8.272222222222221921e-01
8.269444444444444819e-01
8.269444444444444819e-01
8.269444444444444819e-01
8.269444444444444819e-01
8.266666666666666607e-01
8.263888888888888395e-01
8.261111111111111294e-01
8.258333333333333082e-01
8.255555555555555980e-01
8.255555555555555980e-01
8.252777777777777768e-01
8.249999999999999556e-01
8.247222222222222454e-01
8.244444444444444242e-01
8.244444444444444242e-01
8.244444444444444242e-01
8.241666666666667140e-01
8.241666666666667140e-01
8.241666666666667140e-01
8.241666666666667140e-01
8.238888888888888928e-01
8.238888888888888928e-01
8.233333333333333615e-01
8.233333333333333615e-01
8.230555555555555403e-01
8.230555555555555403e-01
8.227777777777778301e-01
8.227777777777778301e-01
8.225000000000000089e-01
8.225000000000000089e-01
8.225000000000000089e-01
8.225000000000000089e-01
8.225000000000000089e-01
8.222222222222221877e-01
8.219444444444444775e-01
8.219444444444444775e-01
8.216666666666666563e-01
8.213888888888888351e-01
8.211111111111111249e-01
8.208333333333333037e-01
8.208333333333333037e-01
8.208333333333333037e-01
8.205555555555555935e-01
8.205555555555555935e-01
8.205555555555555935e-01
8.202777777777777724e-01
8.191666666666667096e-01
8.188888888888888884e-01
8.186111111111110672e-01
8.183333333333333570e-01
8.180555555555555358e-01
8.180555555555555358e-01
8.177777777777778256e-01
8.177777777777778256e-01
8.175000000000000044e-01
8.172222222222221832e-01
8.169444444444444731e-01
8.169444444444444731e-01
8.166666666666666519e-01
8.163888888888889417e-01
8.163888888888889417e-01
8.163888888888889417e-01
8.163888888888889417e-01
8.161111111111111205e-01
8.161111111111111205e-01
8.158333333333332993e-01
8.155555555555555891e-01
8.152777777777777679e-01
8.149999999999999467e-01
8.147222222222222365e-01
8.147222222222222365e-01
8.147222222222222365e-01
8.147222222222222365e-01
8.147222222222222365e-01
8.147222222222222365e-01
8.147222222222222365e-01
8.147222222222222365e-01
8.147222222222222365e-01
8.147222222222222365e-01
8.144444444444444153e-01
8.141666666666667052e-01
8.138888888888888840e-01
8.136111111111110628e-01
8.136111111111110628e-01
8.133333333333333526e-01
8.133333333333333526e-01
8.133333333333333526e-01
8.133333333333333526e-01
8.127777777777778212e-01
8.127777777777778212e-01
8.125000000000000000e-01
8.122222222222221788e-01
8.122222222222221788e-01
8.119444444444444686e-01
8.116666666666666474e-01
8.116666666666666474e-01
8.116666666666666474e-01
8.113888888888889372e-01
8.111111111111111160e-01
8.111111111111111160e-01
8.111111111111111160e-01
8.108333333333332948e-01
8.108333333333332948e-01
8.108333333333332948e-01
8.108333333333332948e-01
8.108333333333332948e-01
8.105555555555555847e-01
8.105555555555555847e-01
8.105555555555555847e-01
8.105555555555555847e-01
8.105555555555555847e-01
8.102777777777777635e-01
8.102777777777777635e-01
8.100000000000000533e-01
8.100000000000000533e-01
8.097222222222222321e-01
8.097222222222222321e-01
8.094444444444444109e-01
8.094444444444444109e-01
8.094444444444444109e-01
8.091666666666667007e-01
8.088888888888888795e-01
8.086111111111110583e-01
8.086111111111110583e-01
8.086111111111110583e-01
8.086111111111110583e-01
8.083333333333333481e-01
8.080555555555555269e-01
8.080555555555555269e-01
8.080555555555555269e-01
8.080555555555555269e-01
8.077777777777778168e-01
8.077777777777778168e-01
8.077777777777778168e-01
8.077777777777778168e-01
8.074999999999999956e-01
8.072222222222221744e-01
8.069444444444444642e-01
8.069444444444444642e-01
8.069444444444444642e-01
8.069444444444444642e-01
8.069444444444444642e-01
8.069444444444444642e-01
8.066666666666666430e-01
8.063888888888889328e-01
8.061111111111111116e-01
8.058333333333332904e-01
8.058333333333332904e-01
8.055555555555555802e-01
8.052777777777777590e-01
8.050000000000000488e-01
8.047222222222222276e-01
8.044444444444444065e-01
8.041666666666666963e-01
8.041666666666666963e-01
8.038888888888888751e-01
8.038888888888888751e-01
8.036111111111111649e-01
8.036111111111111649e-01
8.033333333333333437e-01
8.033333333333333437e-01
8.033333333333333437e-01
8.033333333333333437e-01
8.030555555555555225e-01
8.030555555555555225e-01
8.030555555555555225e-01
8.030555555555555225e-01
8.027777777777778123e-01
8.024999999999999911e-01
8.022222222222221699e-01
8.019444444444444597e-01
8.016666666666666385e-01
8.013888888888889284e-01
8.013888888888889284e-01
8.011111111111111072e-01
8.008333333333332860e-01
8.005555555555555758e-01
8.005555555555555758e-01
8.005555555555555758e-01
8.002777777777777546e-01
8.002777777777777546e-01
8.002777777777777546e-01
8.002777777777777546e-01
8.000000000000000444e-01
8.000000000000000444e-01
8.000000000000000444e-01
7.997222222222222232e-01
7.997222222222222232e-01
7.997222222222222232e-01
7.994444444444444020e-01
7.991666666666666918e-01
7.988888888888888706e-01
7.986111111111111605e-01
7.986111111111111605e-01
7.983333333333333393e-01
7.980555555555555181e-01
7.972222222222222765e-01
7.969444444444444553e-01
7.966666666666666341e-01
7.963888888888889239e-01
7.961111111111111027e-01
7.958333333333332815e-01
7.958333333333332815e-01
7.952777777777777501e-01
7.950000000000000400e-01
7.947222222222222188e-01
7.944444444444443976e-01
7.944444444444443976e-01
7.941666666666666874e-01
7.941666666666666874e-01
7.938888888888888662e-01
7.938888888888888662e-01
7.936111111111111560e-01
7.927777777777778034e-01
7.924999999999999822e-01
7.922222222222222721e-01
7.919444444444444509e-01
7.916666666666666297e-01
7.916666666666666297e-01
7.911111111111110983e-01
7.908333333333333881e-01
7.905555555555555669e-01
7.902777777777777457e-01
7.902777777777777457e-01
7.900000000000000355e-01
7.900000000000000355e-01
7.897222222222222143e-01
7.894444444444443931e-01
7.891666666666666829e-01
7.891666666666666829e-01
7.888888888888888618e-01
7.888888888888888618e-01
7.886111111111111516e-01
7.883333333333333304e-01
7.880555555555555092e-01
7.877777777777777990e-01
7.874999999999999778e-01
7.872222222222222676e-01
7.869444444444444464e-01
7.869444444444444464e-01
7.866666666666666252e-01
7.866666666666666252e-01
7.863888888888889150e-01
7.861111111111110938e-01
7.858333333333333837e-01
7.855555555555555625e-01
7.855555555555555625e-01
7.852777777777777413e-01
7.852777777777777413e-01
7.850000000000000311e-01
7.847222222222222099e-01
7.841666666666666785e-01
7.838888888888888573e-01
7.833333333333333259e-01
7.830555555555555047e-01
7.830555555555555047e-01
7.827777777777777946e-01
7.824999999999999734e-01
7.822222222222222632e-01
7.808333333333333792e-01
7.805555555555555580e-01
7.802777777777777368e-01
7.802777777777777368e-01
7.802777777777777368e-01
7.800000000000000266e-01
7.797222222222222054e-01
7.797222222222222054e-01
7.794444444444444953e-01
7.791666666666666741e-01
7.791666666666666741e-01
7.786111111111111427e-01
7.783333333333333215e-01
7.783333333333333215e-01
7.780555555555555003e-01
7.780555555555555003e-01
7.780555555555555003e-01
7.780555555555555003e-01
7.777777777777777901e-01
7.777777777777777901e-01
7.774999999999999689e-01
7.774999999999999689e-01
7.772222222222222587e-01
7.772222222222222587e-01
7.772222222222222587e-01
7.769444444444444375e-01
7.766666666666666163e-01
7.763888888888889062e-01
7.761111111111110850e-01
7.761111111111110850e-01
7.752777777777777324e-01
7.750000000000000222e-01
7.750000000000000222e-01
7.750000000000000222e-01
7.747222222222222010e-01
7.744444444444444908e-01
7.744444444444444908e-01
7.744444444444444908e-01
7.744444444444444908e-01
7.741666666666666696e-01
7.738888888888888484e-01
7.738888888888888484e-01
7.738888888888888484e-01
7.736111111111111382e-01
7.733333333333333171e-01
7.730555555555556069e-01
7.730555555555556069e-01
7.730555555555556069e-01
7.727777777777777857e-01
7.724999999999999645e-01
7.722222222222222543e-01
7.719444444444444331e-01
7.719444444444444331e-01
7.716666666666666119e-01
7.713888888888889017e-01
7.713888888888889017e-01
7.711111111111110805e-01
7.711111111111110805e-01
7.711111111111110805e-01
7.708333333333333703e-01
7.705555555555555491e-01
7.705555555555555491e-01
7.705555555555555491e-01
7.705555555555555491e-01
7.705555555555555491e-01
7.702777777777777279e-01
7.702777777777777279e-01
7.702777777777777279e-01
7.702777777777777279e-01
7.702777777777777279e-01
7.697222222222221966e-01
7.697222222222221966e-01
7.691666666666666652e-01
7.688888888888888440e-01
7.688888888888888440e-01
7.686111111111111338e-01
7.683333333333333126e-01
7.680555555555556024e-01
7.680555555555556024e-01
7.677777777777777812e-01
7.674999999999999600e-01
7.672222222222222499e-01
7.669444444444444287e-01
7.666666666666667185e-01
7.666666666666667185e-01
7.666666666666667185e-01
7.666666666666667185e-01
7.666666666666667185e-01
7.663888888888888973e-01
7.663888888888888973e-01
7.661111111111110761e-01
7.658333333333333659e-01
7.655555555555555447e-01
7.652777777777777235e-01
7.650000000000000133e-01
7.650000000000000133e-01
7.647222222222221921e-01
7.644444444444444819e-01
7.641666666666666607e-01
7.641666666666666607e-01
7.638888888888888395e-01
7.636111111111111294e-01
7.633333333333333082e-01
7.630555555555555980e-01
7.627777777777777768e-01
7.627777777777777768e-01
7.624999999999999556e-01
7.624999999999999556e-01
7.622222222222222454e-01
7.622222222222222454e-01
7.622222222222222454e-01
7.622222222222222454e-01
7.619444444444444242e-01
7.619444444444444242e-01
7.619444444444444242e-01
7.611111111111110716e-01
7.608333333333333615e-01
7.608333333333333615e-01
7.605555555555555403e-01
7.602777777777778301e-01
7.600000000000000089e-01
7.597222222222221877e-01
7.594444444444444775e-01
7.591666666666666563e-01
7.588888888888888351e-01
7.586111111111111249e-01
7.583333333333333037e-01
7.580555555555555935e-01
7.580555555555555935e-01
7.580555555555555935e-01
7.580555555555555935e-01
7.577777777777777724e-01
7.574999999999999512e-01
7.574999999999999512e-01
7.572222222222222410e-01
7.569444444444444198e-01
7.569444444444444198e-01
7.566666666666667096e-01
7.563888888888888884e-01
7.558333333333333570e-01
7.547222222222221832e-01
7.544444444444444731e-01
7.541666666666666519e-01
7.538888888888889417e-01
7.538888888888889417e-01
7.538888888888889417e-01
7.538888888888889417e-01
7.538888888888889417e-01
7.536111111111111205e-01
7.533333333333332993e-01
7.527777777777777679e-01
7.527777777777777679e-01
7.527777777777777679e-01
7.522222222222222365e-01
7.519444444444444153e-01
7.516666666666667052e-01
7.516666666666667052e-01
7.513888888888888840e-01
7.513888888888888840e-01
7.513888888888888840e-01
7.513888888888888840e-01
7.513888888888888840e-01
7.511111111111110628e-01
7.508333333333333526e-01
7.505555555555555314e-01
7.502777777777778212e-01
7.500000000000000000e-01
7.500000000000000000e-01
7.500000000000000000e-01
7.497222222222221788e-01
7.494444444444444686e-01
7.494444444444444686e-01
7.491666666666666474e-01
7.491666666666666474e-01
7.483333333333332948e-01
7.483333333333332948e-01
7.483333333333332948e-01
7.483333333333332948e-01
7.480555555555555847e-01
7.477777777777777635e-01
7.475000000000000533e-01
7.472222222222222321e-01
7.472222222222222321e-01
7.469444444444444109e-01
7.466666666666667007e-01
7.463888888888888795e-01
7.463888888888888795e-01
7.461111111111110583e-01
7.458333333333333481e-01
7.455555555555555269e-01
7.452777777777778168e-01
7.449999999999999956e-01
7.449999999999999956e-01
7.447222222222221744e-01
7.444444444444444642e-01
7.441666666666666430e-01
7.438888888888889328e-01
7.438888888888889328e-01
7.438888888888889328e-01
7.436111111111111116e-01
7.433333333333332904e-01
7.433333333333332904e-01
7.433333333333332904e-01
7.433333333333332904e-01
7.430555555555555802e-01
7.425000000000000488e-01
7.422222222222222276e-01
7.419444444444444065e-01
7.419444444444444065e-01
7.416666666666666963e-01
7.416666666666666963e-01
7.416666666666666963e-01
7.413888888888888751e-01
7.411111111111111649e-01
7.408333333333333437e-01
7.405555555555555225e-01
7.402777777777778123e-01
7.399999999999999911e-01
7.399999999999999911e-01
7.388888888888889284e-01
7.386111111111111072e-01
7.383333333333332860e-01
7.380555555555555758e-01
7.377777777777777546e-01
7.377777777777777546e-01
7.375000000000000444e-01
7.372222222222222232e-01
7.369444444444444020e-01
7.369444444444444020e-01
7.363888888888888706e-01
7.358333333333333393e-01
7.355555555555555181e-01
7.352777777777778079e-01
7.349999999999999867e-01
7.347222222222222765e-01
7.344444444444444553e-01
7.344444444444444553e-01
7.344444444444444553e-01
7.344444444444444553e-01
7.344444444444444553e-01
7.341666666666666341e-01
7.341666666666666341e-01
7.338888888888889239e-01
7.338888888888889239e-01
7.338888888888889239e-01
7.336111111111111027e-01
7.336111111111111027e-01
7.333333333333332815e-01
7.330555555555555713e-01
7.330555555555555713e-01
7.325000000000000400e-01
7.325000000000000400e-01
7.322222222222222188e-01
7.319444444444443976e-01
7.319444444444443976e-01
7.316666666666666874e-01
7.311111111111111560e-01
7.308333333333333348e-01
7.305555555555555136e-01
7.305555555555555136e-01
7.302777777777778034e-01
7.299999999999999822e-01
7.297222222222222721e-01
7.294444444444444509e-01
7.291666666666666297e-01
7.291666666666666297e-01
7.291666666666666297e-01
7.288888888888889195e-01
7.286111111111110983e-01
7.283333333333333881e-01
7.280555555555555669e-01
7.277777777777777457e-01
7.275000000000000355e-01
7.272222222222222143e-01
7.269444444444443931e-01
7.266666666666666829e-01
7.263888888888888618e-01
7.263888888888888618e-01
7.261111111111111516e-01
7.258333333333333304e-01
7.255555555555555092e-01
7.255555555555555092e-01
7.252777777777777990e-01
7.249999999999999778e-01
7.249999999999999778e-01
7.249999999999999778e-01
7.247222222222222676e-01
7.244444444444444464e-01
7.241666666666666252e-01
7.238888888888889150e-01
7.236111111111110938e-01
7.233333333333333837e-01
7.233333333333333837e-01
7.233333333333333837e-01
7.233333333333333837e-01
7.230555555555555625e-01
7.230555555555555625e-01
7.230555555555555625e-01
7.230555555555555625e-01
7.230555555555555625e-01
7.230555555555555625e-01
7.225000000000000311e-01
7.225000000000000311e-01
7.222222222222222099e-01
7.222222222222222099e-01
7.219444444444444997e-01
7.216666666666666785e-01
7.213888888888888573e-01
7.211111111111111471e-01
7.208333333333333259e-01
7.208333333333333259e-01
7.205555555555555047e-01
7.205555555555555047e-01
7.205555555555555047e-01
7.202777777777777946e-01
7.202777777777777946e-01
7.202777777777777946e-01
7.199999999999999734e-01
7.197222222222222632e-01
7.197222222222222632e-01
7.194444444444444420e-01
7.191666666666666208e-01
7.191666666666666208e-01
7.191666666666666208e-01
7.191666666666666208e-01
7.188888888888889106e-01
7.186111111111110894e-01
7.183333333333333792e-01
7.175000000000000266e-01
7.166666666666666741e-01
7.163888888888888529e-01
7.155555555555555003e-01
7.155555555555555003e-01
7.152777777777777901e-01
7.149999999999999689e-01
7.147222222222222587e-01
7.144444444444444375e-01
7.141666666666666163e-01
7.138888888888889062e-01
7.133333333333333748e-01
7.133333333333333748e-01
7.133333333333333748e-01
7.130555555555555536e-01
7.127777777777777324e-01
7.125000000000000222e-01
7.122222222222222010e-01
7.119444444444444908e-01
7.116666666666666696e-01
7.116666666666666696e-01
7.111111111111111382e-01
7.108333333333333171e-01
7.105555555555556069e-01
7.105555555555556069e-01
7.102777777777777857e-01
7.099999999999999645e-01
7.097222222222222543e-01
7.063888888888888440e-01
7.061111111111111338e-01
7.058333333333333126e-01
7.058333333333333126e-01
7.055555555555556024e-01
7.052777777777777812e-01
7.049999999999999600e-01
7.047222222222222499e-01
7.044444444444444287e-01
7.038888888888888973e-01
7.036111111111110761e-01
7.036111111111110761e-01
7.033333333333333659e-01
7.030555555555555447e-01
7.027777777777777235e-01
7.025000000000000133e-01
7.022222222222221921e-01
7.011111111111111294e-01
7.008333333333333082e-01
7.008333333333333082e-01
7.005555555555555980e-01
7.002777777777777768e-01
6.997222222222222454e-01
6.994444444444444242e-01
6.991666666666667140e-01
6.988888888888888928e-01
6.988888888888888928e-01
6.986111111111110716e-01
6.983333333333333615e-01
6.980555555555555403e-01
6.977777777777778301e-01
6.977777777777778301e-01
6.975000000000000089e-01
6.972222222222221877e-01
6.969444444444444775e-01
6.966666666666666563e-01
6.966666666666666563e-01
6.944444444444444198e-01
6.941666666666667096e-01
6.938888888888888884e-01
6.936111111111110672e-01
6.933333333333333570e-01
6.930555555555555358e-01
6.927777777777778256e-01
6.927777777777778256e-01
6.927777777777778256e-01
6.925000000000000044e-01
6.922222222222221832e-01
6.916666666666666519e-01
6.913888888888889417e-01
6.908333333333332993e-01
6.905555555555555891e-01
6.902777777777777679e-01
6.899999999999999467e-01
6.888888888888888840e-01
6.888888888888888840e-01
6.886111111111110628e-01
6.883333333333333526e-01
6.883333333333333526e-01
6.880555555555555314e-01
6.877777777777778212e-01
6.875000000000000000e-01
6.872222222222221788e-01
6.869444444444444686e-01
6.866666666666666474e-01
6.861111111111111160e-01
6.858333333333332948e-01
6.852777777777777635e-01
6.844444444444444109e-01
6.841666666666667007e-01
6.838888888888888795e-01
6.836111111111110583e-01
6.827777777777778168e-01
6.824999999999999956e-01
6.822222222222221744e-01
6.822222222222221744e-01
6.819444444444444642e-01
6.816666666666666430e-01
6.808333333333332904e-01
6.805555555555555802e-01
6.805555555555555802e-01
6.802777777777777590e-01
6.802777777777777590e-01
6.800000000000000488e-01
6.800000000000000488e-01
6.800000000000000488e-01
6.797222222222222276e-01
6.794444444444444065e-01
6.791666666666666963e-01
6.788888888888888751e-01
6.786111111111111649e-01
6.783333333333333437e-01
6.783333333333333437e-01
6.780555555555555225e-01
6.777777777777778123e-01
6.777777777777778123e-01
6.774999999999999911e-01
6.772222222222221699e-01
6.769444444444444597e-01
6.769444444444444597e-01
6.766666666666666385e-01
6.766666666666666385e-01
6.755555555555555758e-01
6.752777777777777546e-01
6.750000000000000444e-01
6.747222222222222232e-01
6.744444444444444020e-01
6.738888888888888706e-01
6.736111111111111605e-01
6.733333333333333393e-01
6.733333333333333393e-01
6.730555555555555181e-01
6.730555555555555181e-01
6.727777777777778079e-01
6.722222222222222765e-01
6.719444444444444553e-01
6.716666666666666341e-01
6.713888888888889239e-01
6.711111111111111027e-01
6.708333333333332815e-01
6.705555555555555713e-01
6.702777777777777501e-01
6.702777777777777501e-01
6.700000000000000400e-01
6.700000000000000400e-01
6.697222222222222188e-01
6.694444444444443976e-01
6.691666666666666874e-01
6.688888888888888662e-01
6.686111111111111560e-01
6.686111111111111560e-01
6.680555555555555136e-01
6.677777777777778034e-01
6.674999999999999822e-01
6.666666666666666297e-01
6.663888888888889195e-01
6.661111111111110983e-01
6.658333333333333881e-01
6.655555555555555669e-01
6.652777777777777457e-01
6.652777777777777457e-01
6.650000000000000355e-01
6.647222222222222143e-01
6.647222222222222143e-01
6.644444444444443931e-01
6.644444444444443931e-01
6.641666666666666829e-01
6.638888888888888618e-01
6.633333333333333304e-01
6.630555555555555092e-01
6.627777777777777990e-01
6.624999999999999778e-01
6.622222222222222676e-01
6.619444444444444464e-01
6.616666666666666252e-01
6.613888888888889150e-01
6.611111111111110938e-01
6.608333333333333837e-01
6.605555555555555625e-01
6.602777777777777413e-01
6.600000000000000311e-01
6.597222222222222099e-01
6.594444444444444997e-01
6.594444444444444997e-01
6.591666666666666785e-01
6.588888888888888573e-01
6.586111111111111471e-01
6.580555555555555047e-01
6.569444444444444420e-01
6.566666666666666208e-01
6.563888888888889106e-01
6.561111111111110894e-01
6.558333333333333792e-01
6.555555555555555580e-01
6.552777777777777368e-01
6.547222222222222054e-01
6.544444444444444953e-01
6.541666666666666741e-01
6.538888888888888529e-01
6.538888888888888529e-01
6.536111111111111427e-01
6.530555555555555003e-01
6.527777777777777901e-01
6.516666666666666163e-01
6.513888888888889062e-01
6.511111111111110850e-01
6.508333333333333748e-01
6.505555555555555536e-01
6.505555555555555536e-01
6.505555555555555536e-01
6.502777777777777324e-01
6.500000000000000222e-01
6.497222222222222010e-01
6.494444444444444908e-01
6.486111111111111382e-01
6.483333333333333171e-01
6.477777777777777857e-01
6.474999999999999645e-01
6.472222222222222543e-01
6.469444444444444331e-01
6.466666666666666119e-01
6.461111111111110805e-01
6.461111111111110805e-01
6.458333333333333703e-01
6.427777777777777812e-01
6.424999999999999600e-01
6.422222222222222499e-01
6.422222222222222499e-01
6.419444444444444287e-01
6.416666666666667185e-01
6.413888888888888973e-01
6.405555555555555447e-01
6.402777777777777235e-01
6.400000000000000133e-01
6.397222222222221921e-01
6.394444444444444819e-01
6.391666666666666607e-01
6.388888888888888395e-01
6.386111111111111294e-01
6.383333333333333082e-01
6.383333333333333082e-01
6.361111111111110716e-01
6.361111111111110716e-01
6.355555555555555403e-01
6.352777777777778301e-01
6.347222222222221877e-01
6.344444444444444775e-01
6.327777777777777724e-01
6.324999999999999512e-01
6.322222222222222410e-01
6.319444444444444198e-01
6.316666666666667096e-01
6.313888888888888884e-01
6.311111111111110672e-01
6.308333333333333570e-01
6.308333333333333570e-01
6.308333333333333570e-01
6.305555555555555358e-01
6.288888888888889417e-01
6.288888888888889417e-01
6.286111111111111205e-01
6.283333333333332993e-01
6.274999999999999467e-01
6.272222222222222365e-01
6.269444444444444153e-01
6.266666666666667052e-01
6.263888888888888840e-01
6.261111111111110628e-01
6.258333333333333526e-01
6.258333333333333526e-01
6.258333333333333526e-01
6.255555555555555314e-01
6.252777777777778212e-01
6.250000000000000000e-01
6.247222222222221788e-01
6.244444444444444686e-01
6.241666666666666474e-01
6.238888888888889372e-01
6.238888888888889372e-01
6.238888888888889372e-01
6.236111111111111160e-01
6.233333333333332948e-01
6.227777777777777635e-01
6.225000000000000533e-01
6.225000000000000533e-01
6.222222222222222321e-01
6.219444444444444109e-01
6.219444444444444109e-01
6.216666666666667007e-01
6.211111111111110583e-01
6.208333333333333481e-01
6.205555555555555269e-01
6.202777777777778168e-01
6.202777777777778168e-01
6.199999999999999956e-01
6.199999999999999956e-01
6.197222222222221744e-01
6.197222222222221744e-01
6.197222222222221744e-01
6.197222222222221744e-01
6.191666666666666430e-01
6.186111111111111116e-01
6.180555555555555802e-01
6.180555555555555802e-01
6.180555555555555802e-01
6.180555555555555802e-01
6.177777777777777590e-01
6.175000000000000488e-01
6.172222222222222276e-01
6.169444444444444065e-01
6.161111111111111649e-01
6.158333333333333437e-01
6.152777777777778123e-01
6.149999999999999911e-01
6.147222222222221699e-01
6.147222222222221699e-01
6.147222222222221699e-01
6.144444444444444597e-01
6.141666666666666385e-01
6.136111111111111072e-01
6.130555555555555758e-01
6.127777777777777546e-01
6.125000000000000444e-01
6.122222222222222232e-01
6.122222222222222232e-01
6.122222222222222232e-01
6.111111111111111605e-01
6.108333333333333393e-01
6.105555555555555181e-01
6.102777777777778079e-01
6.102777777777778079e-01
6.097222222222222765e-01
6.094444444444444553e-01
6.091666666666666341e-01
6.088888888888889239e-01
6.086111111111111027e-01
6.086111111111111027e-01
6.083333333333332815e-01
6.080555555555555713e-01
6.080555555555555713e-01
6.080555555555555713e-01
6.075000000000000400e-01
6.072222222222222188e-01
6.072222222222222188e-01
6.069444444444443976e-01
6.066666666666666874e-01
6.066666666666666874e-01
6.066666666666666874e-01
6.066666666666666874e-01
6.063888888888888662e-01
6.063888888888888662e-01
6.063888888888888662e-01
6.063888888888888662e-01
6.063888888888888662e-01
6.061111111111111560e-01
6.061111111111111560e-01
6.058333333333333348e-01
6.055555555555555136e-01
6.055555555555555136e-01
6.052777777777778034e-01
6.052777777777778034e-01
6.049999999999999822e-01
6.047222222222222721e-01
6.044444444444444509e-01
6.041666666666666297e-01
6.030555555555555669e-01
6.030555555555555669e-01
6.027777777777777457e-01
6.025000000000000355e-01
6.025000000000000355e-01
6.025000000000000355e-01
6.025000000000000355e-01
6.022222222222222143e-01
6.019444444444443931e-01
6.016666666666666829e-01
6.013888888888888618e-01
6.011111111111111516e-01
6.011111111111111516e-01
6.008333333333333304e-01
6.008333333333333304e-01
6.005555555555555092e-01
6.005555555555555092e-01
6.002777777777777990e-01
5.999999999999999778e-01
5.999999999999999778e-01
5.999999999999999778e-01
5.997222222222222676e-01
5.994444444444444464e-01
5.991666666666666252e-01
5.988888888888889150e-01
5.986111111111110938e-01
5.983333333333333837e-01
5.977777777777777413e-01
5.977777777777777413e-01
5.975000000000000311e-01
5.975000000000000311e-01
5.972222222222222099e-01
5.972222222222222099e-01
5.969444444444444997e-01
5.969444444444444997e-01
5.969444444444444997e-01
5.966666666666666785e-01
5.966666666666666785e-01
5.963888888888888573e-01
5.961111111111111471e-01
5.961111111111111471e-01
5.961111111111111471e-01
5.961111111111111471e-01
5.961111111111111471e-01
5.958333333333333259e-01
5.958333333333333259e-01
5.955555555555555047e-01
5.952777777777777946e-01
5.949999999999999734e-01
5.949999999999999734e-01
5.949999999999999734e-01
5.947222222222222632e-01
5.947222222222222632e-01
5.944444444444444420e-01
5.941666666666666208e-01
5.938888888888889106e-01
5.936111111111110894e-01
5.933333333333333792e-01
5.930555555555555580e-01
5.925000000000000266e-01
5.925000000000000266e-01
5.922222222222222054e-01
5.922222222222222054e-01
5.922222222222222054e-01
5.919444444444444953e-01
5.916666666666666741e-01
5.913888888888888529e-01
5.911111111111111427e-01
5.908333333333333215e-01
5.905555555555555003e-01
5.905555555555555003e-01
5.902777777777777901e-01
5.899999999999999689e-01
5.899999999999999689e-01
5.897222222222222587e-01
5.894444444444444375e-01
5.894444444444444375e-01
5.894444444444444375e-01
5.891666666666666163e-01
5.888888888888889062e-01
5.886111111111110850e-01
5.886111111111110850e-01
5.886111111111110850e-01
5.883333333333333748e-01
5.883333333333333748e-01
5.883333333333333748e-01
5.880555555555555536e-01
5.880555555555555536e-01
5.877777777777777324e-01
5.877777777777777324e-01
5.875000000000000222e-01
5.872222222222222010e-01
5.869444444444444908e-01
5.866666666666666696e-01
5.863888888888888484e-01
5.863888888888888484e-01
5.861111111111111382e-01
5.858333333333333171e-01
5.855555555555556069e-01
5.855555555555556069e-01
5.855555555555556069e-01
5.855555555555556069e-01
5.852777777777777857e-01
5.849999999999999645e-01
5.849999999999999645e-01
5.849999999999999645e-01
5.849999999999999645e-01
5.849999999999999645e-01
5.849999999999999645e-01
5.849999999999999645e-01
5.849999999999999645e-01
5.847222222222222543e-01
5.844444444444444331e-01
5.841666666666666119e-01
5.838888888888889017e-01
5.838888888888889017e-01
5.838888888888889017e-01
5.836111111111110805e-01
5.836111111111110805e-01
5.833333333333333703e-01
5.833333333333333703e-01
5.830555555555555491e-01
5.830555555555555491e-01
5.827777777777777279e-01
5.825000000000000178e-01
5.825000000000000178e-01
5.825000000000000178e-01
5.822222222222221966e-01
5.819444444444444864e-01
5.816666666666666652e-01
5.816666666666666652e-01
5.816666666666666652e-01
5.813888888888888440e-01
5.811111111111111338e-01
5.808333333333333126e-01
5.808333333333333126e-01
5.805555555555556024e-01
5.805555555555556024e-01
5.805555555555556024e-01
5.802777777777777812e-01
5.799999999999999600e-01
5.797222222222222499e-01
5.797222222222222499e-01
5.797222222222222499e-01
5.794444444444444287e-01
5.794444444444444287e-01
5.791666666666667185e-01
5.788888888888888973e-01
5.786111111111110761e-01
5.783333333333333659e-01
5.783333333333333659e-01
5.783333333333333659e-01
5.783333333333333659e-01
5.783333333333333659e-01
5.783333333333333659e-01
5.780555555555555447e-01
5.777777777777777235e-01
5.775000000000000133e-01
5.775000000000000133e-01
5.775000000000000133e-01
5.775000000000000133e-01
5.775000000000000133e-01
5.772222222222221921e-01
5.772222222222221921e-01
5.769444444444444819e-01
5.766666666666666607e-01
5.766666666666666607e-01
5.763888888888888395e-01
5.761111111111111294e-01
5.761111111111111294e-01
5.761111111111111294e-01
5.761111111111111294e-01
5.761111111111111294e-01
5.758333333333333082e-01
5.755555555555555980e-01
5.752777777777777768e-01
5.749999999999999556e-01
5.749999999999999556e-01
5.747222222222222454e-01
5.747222222222222454e-01
5.744444444444444242e-01
5.744444444444444242e-01
5.741666666666667140e-01
5.741666666666667140e-01
5.741666666666667140e-01
5.741666666666667140e-01
5.738888888888888928e-01
5.738888888888888928e-01
5.736111111111110716e-01
5.733333333333333615e-01
5.730555555555555403e-01
5.727777777777778301e-01
5.727777777777778301e-01
5.725000000000000089e-01
5.725000000000000089e-01
5.722222222222221877e-01
5.719444444444444775e-01
5.716666666666666563e-01
5.713888888888888351e-01
5.711111111111111249e-01
5.711111111111111249e-01
5.711111111111111249e-01
5.708333333333333037e-01
5.705555555555555935e-01
5.702777777777777724e-01
5.699999999999999512e-01
5.699999999999999512e-01
5.697222222222222410e-01
5.694444444444444198e-01
5.691666666666667096e-01
5.688888888888888884e-01
5.686111111111110672e-01
5.683333333333333570e-01
5.680555555555555358e-01
5.677777777777778256e-01
5.675000000000000044e-01
5.672222222222221832e-01
5.672222222222221832e-01
5.669444444444444731e-01
5.666666666666666519e-01
5.666666666666666519e-01
5.666666666666666519e-01
5.663888888888889417e-01
5.661111111111111205e-01
5.658333333333332993e-01
5.655555555555555891e-01
5.652777777777777679e-01
5.649999999999999467e-01
5.647222222222222365e-01
5.644444444444444153e-01
5.641666666666667052e-01
5.641666666666667052e-01
5.638888888888888840e-01
5.636111111111110628e-01
5.636111111111110628e-01
5.633333333333333526e-01
5.630555555555555314e-01
5.630555555555555314e-01
5.627777777777778212e-01
5.625000000000000000e-01
5.622222222222221788e-01
5.619444444444444686e-01
5.616666666666666474e-01
5.613888888888889372e-01
5.611111111111111160e-01
5.608333333333332948e-01
5.605555555555555847e-01
5.602777777777777635e-01
5.600000000000000533e-01
5.600000000000000533e-01
5.597222222222222321e-01
5.594444444444444109e-01
5.591666666666667007e-01
5.591666666666667007e-01
5.588888888888888795e-01
5.588888888888888795e-01
5.588888888888888795e-01
5.586111111111110583e-01
5.583333333333333481e-01
5.577777777777778168e-01
5.574999999999999956e-01
5.574999999999999956e-01
5.572222222222221744e-01
5.569444444444444642e-01
5.569444444444444642e-01
5.566666666666666430e-01
5.563888888888889328e-01
5.558333333333332904e-01
5.558333333333332904e-01
5.555555555555555802e-01
5.552777777777777590e-01
5.550000000000000488e-01
5.550000000000000488e-01
5.547222222222222276e-01
5.544444444444444065e-01
5.541666666666666963e-01
5.538888888888888751e-01
5.536111111111111649e-01
5.536111111111111649e-01
5.533333333333333437e-01
5.530555555555555225e-01
5.527777777777778123e-01
5.524999999999999911e-01
5.522222222222221699e-01
5.522222222222221699e-01
5.519444444444444597e-01
5.516666666666666385e-01
5.516666666666666385e-01
5.513888888888889284e-01
5.511111111111111072e-01
5.511111111111111072e-01
5.511111111111111072e-01
5.508333333333332860e-01
5.505555555555555758e-01
5.505555555555555758e-01
5.502777777777777546e-01
5.483333333333333393e-01
5.483333333333333393e-01
5.483333333333333393e-01
5.480555555555555181e-01
5.477777777777778079e-01
5.474999999999999867e-01
5.472222222222222765e-01
5.469444444444444553e-01
5.466666666666666341e-01
5.463888888888889239e-01
5.458333333333332815e-01
5.458333333333332815e-01
5.458333333333332815e-01
5.455555555555555713e-01
5.455555555555555713e-01
5.455555555555555713e-01
5.455555555555555713e-01
5.455555555555555713e-01
5.452777777777777501e-01
5.452777777777777501e-01
5.450000000000000400e-01
5.447222222222222188e-01
5.441666666666666874e-01
5.436111111111111560e-01
5.436111111111111560e-01
5.433333333333333348e-01
5.427777777777778034e-01
5.424999999999999822e-01
5.424999999999999822e-01
5.422222222222222721e-01
5.419444444444444509e-01
5.416666666666666297e-01
5.411111111111110983e-01
5.408333333333333881e-01
5.391666666666666829e-01
5.391666666666666829e-01
5.391666666666666829e-01
5.388888888888888618e-01
5.388888888888888618e-01
5.386111111111111516e-01
5.377777777777777990e-01
5.374999999999999778e-01
5.372222222222222676e-01
5.350000000000000311e-01
5.344444444444444997e-01
5.338888888888888573e-01
5.333333333333333259e-01
5.316666666666666208e-01
5.308333333333333792e-01
5.294444444444444953e-01
5.291666666666666741e-01
5.288888888888888529e-01
5.280555555555555003e-01
5.274999999999999689e-01
5.269444444444444375e-01
5.244444444444444908e-01
5.233333333333333171e-01
5.219444444444444331e-01
5.213888888888889017e-01
5.194444444444444864e-01
5.147222222222221921e-01
5.061111111111110672e-01
4.997222222222222343e-01
4.902777777777777568e-01
4.749999999999999778e-01
0.000000000000000000e+00
