1.000000000000000000e+00
9.906172839506173222e-01
9.901234567901234795e-01
9.901234567901234795e-01
9.901234567901234795e-01
9.901234567901234795e-01
9.901234567901234795e-01
9.901234567901234795e-01
9.901234567901234795e-01
9.901234567901234795e-01
9.898765432098765027e-01
9.898765432098765027e-01
9.898765432098765027e-01
9.898765432098765027e-01
9.898765432098765027e-01
9.898765432098765027e-01
9.898765432098765027e-01
9.898765432098765027e-01
9.898765432098765027e-01
9.898765432098765027e-01
9.898765432098765027e-01
9.898765432098765027e-01
9.898765432098765027e-01
9.898765432098765027e-01
9.898765432098765027e-01
9.898765432098765027e-01
9.898765432098765027e-01
9.898765432098765027e-01
9.898765432098765027e-01
9.898765432098765027e-01
9.898765432098765027e-01
9.898765432098765027e-01
9.898765432098765027e-01
9.898765432098765027e-01
9.898765432098765027e-01
9.898765432098765027e-01
9.898765432098765027e-01
9.898765432098765027e-01
9.898765432098765027e-01
9.896296296296296369e-01
9.896296296296296369e-01
9.896296296296296369e-01
9.896296296296296369e-01
9.896296296296296369e-01
9.896296296296296369e-01
9.896296296296296369e-01
9.896296296296296369e-01
9.896296296296296369e-01
9.896296296296296369e-01
9.896296296296296369e-01
9.896296296296296369e-01
9.896296296296296369e-01
9.896296296296296369e-01
9.896296296296296369e-01
9.896296296296296369e-01
9.896296296296296369e-01
9.896296296296296369e-01
9.896296296296296369e-01
9.896296296296296369e-01
9.896296296296296369e-01
9.896296296296296369e-01
9.896296296296296369e-01
9.896296296296296369e-01
9.893827160493827710e-01
9.891358024691357942e-01
9.891358024691357942e-01
9.891358024691357942e-01
9.891358024691357942e-01
9.891358024691357942e-01
9.891358024691357942e-01
9.891358024691357942e-01
9.876543209876542662e-01
9.874074074074074003e-01
9.874074074074074003e-01
9.874074074074074003e-01
9.874074074074074003e-01
9.874074074074074003e-01
9.874074074074074003e-01
9.874074074074074003e-01
9.874074074074074003e-01
9.869135802469135577e-01
9.866666666666666918e-01
9.864197530864197150e-01
9.864197530864197150e-01
9.861728395061728492e-01
9.861728395061728492e-01
9.861728395061728492e-01
9.861728395061728492e-01
9.861728395061728492e-01
9.861728395061728492e-01
9.861728395061728492e-01
9.861728395061728492e-01
9.861728395061728492e-01
9.861728395061728492e-01
9.861728395061728492e-01
9.861728395061728492e-01
9.861728395061728492e-01
9.861728395061728492e-01
9.861728395061728492e-01
9.861728395061728492e-01
9.861728395061728492e-01
9.859259259259258723e-01
9.856790123456790065e-01
9.856790123456790065e-01
9.856790123456790065e-01
9.856790123456790065e-01
9.856790123456790065e-01
9.856790123456790065e-01
9.856790123456790065e-01
9.854320987654321407e-01
9.854320987654321407e-01
9.854320987654321407e-01
9.854320987654321407e-01
9.854320987654321407e-01
9.854320987654321407e-01
9.854320987654321407e-01
9.854320987654321407e-01
9.854320987654321407e-01
9.854320987654321407e-01
9.854320987654321407e-01
9.854320987654321407e-01
9.854320987654321407e-01
9.854320987654321407e-01
9.851851851851851638e-01
9.851851851851851638e-01
9.851851851851851638e-01
9.849382716049382980e-01
9.849382716049382980e-01
9.849382716049382980e-01
9.849382716049382980e-01
9.849382716049382980e-01
9.849382716049382980e-01
9.849382716049382980e-01
9.849382716049382980e-01
9.849382716049382980e-01
9.849382716049382980e-01
9.849382716049382980e-01
9.849382716049382980e-01
9.846913580246913211e-01
9.846913580246913211e-01
9.846913580246913211e-01
9.846913580246913211e-01
9.846913580246913211e-01
9.846913580246913211e-01
9.846913580246913211e-01
9.844444444444444553e-01
9.844444444444444553e-01
9.844444444444444553e-01
9.844444444444444553e-01
9.844444444444444553e-01
9.844444444444444553e-01
9.844444444444444553e-01
9.844444444444444553e-01
9.844444444444444553e-01
9.841975308641974785e-01
9.841975308641974785e-01
9.841975308641974785e-01
9.841975308641974785e-01
9.841975308641974785e-01
9.841975308641974785e-01
9.841975308641974785e-01
9.841975308641974785e-01
9.841975308641974785e-01
9.841975308641974785e-01
9.841975308641974785e-01
9.841975308641974785e-01
9.841975308641974785e-01
9.841975308641974785e-01
9.841975308641974785e-01
9.841975308641974785e-01
9.841975308641974785e-01
9.839506172839506126e-01
9.839506172839506126e-01
9.839506172839506126e-01
9.839506172839506126e-01
9.837037037037037468e-01
9.837037037037037468e-01
9.837037037037037468e-01
9.834567901234567699e-01
9.832098765432099041e-01
9.832098765432099041e-01
9.832098765432099041e-01
9.832098765432099041e-01
9.829629629629629273e-01
9.829629629629629273e-01
9.829629629629629273e-01
9.827160493827160614e-01
9.827160493827160614e-01
9.827160493827160614e-01
9.827160493827160614e-01
9.827160493827160614e-01
9.827160493827160614e-01
9.827160493827160614e-01
9.827160493827160614e-01
9.827160493827160614e-01
9.827160493827160614e-01
9.827160493827160614e-01
9.827160493827160614e-01
9.827160493827160614e-01
9.827160493827160614e-01
9.827160493827160614e-01
9.827160493827160614e-01
9.827160493827160614e-01
9.827160493827160614e-01
9.827160493827160614e-01
9.827160493827160614e-01
9.827160493827160614e-01
9.827160493827160614e-01
9.824691358024690846e-01
9.824691358024690846e-01
9.824691358024690846e-01
9.824691358024690846e-01
9.824691358024690846e-01
9.824691358024690846e-01
9.822222222222222188e-01
9.822222222222222188e-01
9.819753086419753529e-01
9.817283950617283761e-01
9.817283950617283761e-01
9.817283950617283761e-01
9.817283950617283761e-01
9.817283950617283761e-01
9.817283950617283761e-01
9.817283950617283761e-01
9.817283950617283761e-01
9.817283950617283761e-01
9.817283950617283761e-01
9.817283950617283761e-01
9.814814814814815103e-01
9.812345679012345334e-01
9.812345679012345334e-01
9.809876543209876676e-01
9.809876543209876676e-01
9.809876543209876676e-01
9.809876543209876676e-01
9.809876543209876676e-01
9.809876543209876676e-01
9.809876543209876676e-01
9.807407407407406907e-01
9.807407407407406907e-01
9.807407407407406907e-01
9.807407407407406907e-01
9.807407407407406907e-01
9.807407407407406907e-01
9.807407407407406907e-01
9.807407407407406907e-01
9.807407407407406907e-01
9.807407407407406907e-01
9.807407407407406907e-01
9.807407407407406907e-01
9.807407407407406907e-01
9.804938271604938249e-01
9.804938271604938249e-01
9.804938271604938249e-01
9.804938271604938249e-01
9.804938271604938249e-01
9.804938271604938249e-01
9.804938271604938249e-01
9.804938271604938249e-01
9.804938271604938249e-01
9.804938271604938249e-01
9.804938271604938249e-01
9.804938271604938249e-01
9.804938271604938249e-01
9.804938271604938249e-01
9.804938271604938249e-01
9.804938271604938249e-01
9.804938271604938249e-01
9.804938271604938249e-01
9.804938271604938249e-01
9.804938271604938249e-01
9.804938271604938249e-01
9.804938271604938249e-01
9.804938271604938249e-01
9.804938271604938249e-01
9.804938271604938249e-01
9.804938271604938249e-01
9.802469135802469591e-01
9.799999999999999822e-01
9.799999999999999822e-01
9.799999999999999822e-01
9.799999999999999822e-01
9.799999999999999822e-01
9.799999999999999822e-01
9.799999999999999822e-01
9.799999999999999822e-01
9.799999999999999822e-01
9.799999999999999822e-01
9.799999999999999822e-01
9.799999999999999822e-01
9.799999999999999822e-01
9.799999999999999822e-01
9.799999999999999822e-01
9.799999999999999822e-01
9.799999999999999822e-01
9.797530864197531164e-01
9.797530864197531164e-01
9.797530864197531164e-01
9.797530864197531164e-01
9.795061728395061396e-01
9.792592592592592737e-01
9.792592592592592737e-01
9.792592592592592737e-01
9.790123456790122969e-01
9.790123456790122969e-01
9.790123456790122969e-01
9.790123456790122969e-01
9.787654320987654311e-01
9.787654320987654311e-01
9.787654320987654311e-01
9.785185185185185652e-01
9.785185185185185652e-01
9.782716049382715884e-01
9.780246913580247226e-01
9.777777777777777457e-01
9.775308641975308799e-01
9.775308641975308799e-01
9.772839506172839030e-01
9.770370370370370372e-01
9.767901234567901714e-01
9.767901234567901714e-01
9.765432098765431945e-01
9.765432098765431945e-01
9.765432098765431945e-01
9.762962962962963287e-01
9.762962962962963287e-01
9.760493827160493518e-01
9.760493827160493518e-01
9.760493827160493518e-01
9.758024691358024860e-01
9.758024691358024860e-01
9.758024691358024860e-01
9.758024691358024860e-01
9.758024691358024860e-01
9.755555555555555092e-01
9.755555555555555092e-01
9.755555555555555092e-01
9.753086419753086433e-01
9.750617283950617775e-01
9.750617283950617775e-01
9.750617283950617775e-01
9.750617283950617775e-01
9.750617283950617775e-01
9.750617283950617775e-01
9.750617283950617775e-01
9.750617283950617775e-01
9.750617283950617775e-01
9.750617283950617775e-01
9.750617283950617775e-01
9.750617283950617775e-01
9.750617283950617775e-01
9.748148148148148007e-01
9.748148148148148007e-01
9.748148148148148007e-01
9.748148148148148007e-01
9.748148148148148007e-01
9.748148148148148007e-01
9.748148148148148007e-01
9.745679012345679348e-01
9.745679012345679348e-01
9.745679012345679348e-01
9.745679012345679348e-01
9.745679012345679348e-01
9.743209876543209580e-01
9.740740740740740922e-01
9.740740740740740922e-01
9.740740740740740922e-01
9.740740740740740922e-01
9.740740740740740922e-01
9.740740740740740922e-01
9.740740740740740922e-01
9.740740740740740922e-01
9.738271604938271153e-01
9.735802469135802495e-01
9.733333333333333837e-01
9.733333333333333837e-01
9.733333333333333837e-01
9.733333333333333837e-01
9.733333333333333837e-01
9.733333333333333837e-01
9.733333333333333837e-01
9.733333333333333837e-01
9.733333333333333837e-01
9.730864197530864068e-01
9.730864197530864068e-01
9.730864197530864068e-01
9.730864197530864068e-01
9.730864197530864068e-01
9.730864197530864068e-01
9.716049382716049898e-01
9.716049382716049898e-01
9.713580246913580130e-01
9.711111111111111471e-01
9.711111111111111471e-01
9.711111111111111471e-01
9.711111111111111471e-01
9.711111111111111471e-01
9.708641975308641703e-01
9.708641975308641703e-01
9.708641975308641703e-01
9.708641975308641703e-01
9.708641975308641703e-01
9.708641975308641703e-01
9.708641975308641703e-01
9.708641975308641703e-01
9.708641975308641703e-01
9.708641975308641703e-01
9.708641975308641703e-01
9.708641975308641703e-01
9.706172839506173045e-01
9.706172839506173045e-01
9.706172839506173045e-01
9.706172839506173045e-01
9.706172839506173045e-01
9.706172839506173045e-01
9.706172839506173045e-01
9.706172839506173045e-01
9.703703703703703276e-01
9.703703703703703276e-01
9.703703703703703276e-01
9.701234567901234618e-01
9.701234567901234618e-01
9.701234567901234618e-01
9.701234567901234618e-01
9.698765432098765960e-01
9.698765432098765960e-01
9.698765432098765960e-01
9.698765432098765960e-01
9.696296296296296191e-01
9.696296296296296191e-01
9.696296296296296191e-01
9.696296296296296191e-01
9.693827160493827533e-01
9.693827160493827533e-01
9.693827160493827533e-01
9.693827160493827533e-01
9.693827160493827533e-01
9.693827160493827533e-01
9.693827160493827533e-01
9.691358024691357764e-01
9.688888888888889106e-01
9.686419753086419338e-01
9.686419753086419338e-01
9.686419753086419338e-01
9.686419753086419338e-01
9.681481481481482021e-01
9.681481481481482021e-01
9.679012345679012252e-01
9.679012345679012252e-01
9.679012345679012252e-01
9.679012345679012252e-01
9.676543209876543594e-01
9.674074074074073826e-01
9.674074074074073826e-01
9.674074074074073826e-01
9.671604938271605167e-01
9.671604938271605167e-01
9.671604938271605167e-01
9.671604938271605167e-01
9.671604938271605167e-01
9.666666666666666741e-01
9.666666666666666741e-01
9.666666666666666741e-01
9.664197530864198082e-01
9.661728395061728314e-01
9.661728395061728314e-01
9.661728395061728314e-01
9.659259259259259656e-01
9.659259259259259656e-01
9.656790123456789887e-01
9.654320987654321229e-01
9.651851851851851460e-01
9.651851851851851460e-01
9.651851851851851460e-01
9.651851851851851460e-01
9.651851851851851460e-01
9.651851851851851460e-01
9.651851851851851460e-01
9.651851851851851460e-01
9.651851851851851460e-01
9.651851851851851460e-01
9.651851851851851460e-01
9.651851851851851460e-01
9.651851851851851460e-01
9.649382716049382802e-01
9.649382716049382802e-01
9.646913580246913034e-01
9.646913580246913034e-01
9.644444444444444375e-01
9.641975308641975717e-01
9.641975308641975717e-01
9.641975308641975717e-01
9.641975308641975717e-01
9.641975308641975717e-01
9.641975308641975717e-01
9.641975308641975717e-01
9.641975308641975717e-01
9.641975308641975717e-01
9.641975308641975717e-01
9.639506172839505949e-01
9.637037037037037290e-01
9.637037037037037290e-01
9.637037037037037290e-01
9.637037037037037290e-01
9.637037037037037290e-01
9.634567901234567522e-01
9.624691358024691779e-01
9.624691358024691779e-01
9.624691358024691779e-01
9.624691358024691779e-01
9.622222222222222010e-01
9.622222222222222010e-01
9.622222222222222010e-01
9.622222222222222010e-01
9.614814814814814925e-01
9.612345679012345157e-01
9.612345679012345157e-01
9.612345679012345157e-01
9.609876543209876498e-01
9.609876543209876498e-01
9.609876543209876498e-01
9.609876543209876498e-01
9.609876543209876498e-01
9.609876543209876498e-01
9.609876543209876498e-01
9.609876543209876498e-01
9.607407407407407840e-01
9.607407407407407840e-01
9.607407407407407840e-01
9.607407407407407840e-01
9.602469135802469413e-01
9.602469135802469413e-01
9.602469135802469413e-01
9.602469135802469413e-01
9.602469135802469413e-01
9.602469135802469413e-01
9.602469135802469413e-01
9.602469135802469413e-01
9.602469135802469413e-01
9.602469135802469413e-01
9.602469135802469413e-01
9.602469135802469413e-01
9.602469135802469413e-01
9.602469135802469413e-01
9.602469135802469413e-01
9.602469135802469413e-01
9.602469135802469413e-01
9.602469135802469413e-01
9.602469135802469413e-01
9.602469135802469413e-01
9.602469135802469413e-01
9.602469135802469413e-01
9.602469135802469413e-01
9.602469135802469413e-01
9.602469135802469413e-01
9.602469135802469413e-01
9.602469135802469413e-01
9.602469135802469413e-01
9.602469135802469413e-01
9.602469135802469413e-01
9.602469135802469413e-01
9.602469135802469413e-01
9.602469135802469413e-01
9.602469135802469413e-01
9.595061728395061218e-01
9.595061728395061218e-01
9.592592592592592560e-01
9.590123456790123901e-01
9.590123456790123901e-01
9.590123456790123901e-01
9.590123456790123901e-01
9.590123456790123901e-01
9.590123456790123901e-01
9.590123456790123901e-01
9.582716049382715706e-01
9.582716049382715706e-01
9.582716049382715706e-01
9.582716049382715706e-01
9.580246913580247048e-01
9.580246913580247048e-01
9.580246913580247048e-01
9.580246913580247048e-01
9.580246913580247048e-01
9.580246913580247048e-01
9.580246913580247048e-01
9.580246913580247048e-01
9.580246913580247048e-01
9.580246913580247048e-01
9.580246913580247048e-01
9.577777777777777279e-01
9.577777777777777279e-01
9.577777777777777279e-01
9.577777777777777279e-01
9.575308641975308621e-01
9.575308641975308621e-01
9.575308641975308621e-01
9.575308641975308621e-01
9.575308641975308621e-01
9.575308641975308621e-01
9.575308641975308621e-01
9.575308641975308621e-01
9.575308641975308621e-01
9.575308641975308621e-01
9.575308641975308621e-01
9.575308641975308621e-01
9.575308641975308621e-01
9.575308641975308621e-01
9.575308641975308621e-01
9.572839506172839963e-01
9.572839506172839963e-01
9.572839506172839963e-01
9.572839506172839963e-01
9.572839506172839963e-01
9.572839506172839963e-01
9.572839506172839963e-01
9.572839506172839963e-01
9.572839506172839963e-01
9.572839506172839963e-01
9.572839506172839963e-01
9.572839506172839963e-01
9.572839506172839963e-01
9.572839506172839963e-01
9.572839506172839963e-01
9.572839506172839963e-01
9.572839506172839963e-01
9.570370370370370194e-01
9.570370370370370194e-01
9.570370370370370194e-01
9.570370370370370194e-01
9.570370370370370194e-01
9.570370370370370194e-01
9.570370370370370194e-01
9.570370370370370194e-01
9.570370370370370194e-01
9.570370370370370194e-01
9.570370370370370194e-01
9.570370370370370194e-01
9.570370370370370194e-01
9.570370370370370194e-01
9.570370370370370194e-01
9.570370370370370194e-01
9.570370370370370194e-01
9.567901234567901536e-01
9.565432098765431768e-01
9.565432098765431768e-01
9.565432098765431768e-01
9.565432098765431768e-01
9.565432098765431768e-01
9.565432098765431768e-01
9.565432098765431768e-01
9.565432098765431768e-01
9.565432098765431768e-01
9.565432098765431768e-01
9.562962962962963109e-01
9.560493827160493341e-01
9.560493827160493341e-01
9.560493827160493341e-01
9.558024691358024683e-01
9.558024691358024683e-01
9.558024691358024683e-01
9.558024691358024683e-01
9.558024691358024683e-01
9.558024691358024683e-01
9.558024691358024683e-01
9.555555555555556024e-01
9.555555555555556024e-01
9.555555555555556024e-01
9.555555555555556024e-01
9.555555555555556024e-01
9.555555555555556024e-01
9.555555555555556024e-01
9.555555555555556024e-01
9.555555555555556024e-01
9.553086419753086256e-01
9.553086419753086256e-01
9.553086419753086256e-01
9.553086419753086256e-01
9.553086419753086256e-01
9.553086419753086256e-01
9.550617283950617598e-01
9.550617283950617598e-01
9.550617283950617598e-01
9.550617283950617598e-01
9.550617283950617598e-01
9.550617283950617598e-01
9.550617283950617598e-01
9.550617283950617598e-01
9.550617283950617598e-01
9.550617283950617598e-01
9.550617283950617598e-01
9.550617283950617598e-01
9.550617283950617598e-01
9.550617283950617598e-01
9.548148148148147829e-01
9.548148148148147829e-01
9.548148148148147829e-01
9.548148148148147829e-01
9.548148148148147829e-01
9.548148148148147829e-01
9.548148148148147829e-01
9.545679012345679171e-01
9.545679012345679171e-01
9.543209876543209402e-01
9.543209876543209402e-01
9.543209876543209402e-01
9.543209876543209402e-01
9.543209876543209402e-01
9.543209876543209402e-01
9.543209876543209402e-01
9.543209876543209402e-01
9.543209876543209402e-01
9.543209876543209402e-01
9.543209876543209402e-01
9.540740740740740744e-01
9.540740740740740744e-01
9.540740740740740744e-01
9.540740740740740744e-01
9.540740740740740744e-01
9.538271604938272086e-01
9.538271604938272086e-01
9.538271604938272086e-01
9.538271604938272086e-01
9.538271604938272086e-01
9.538271604938272086e-01
9.538271604938272086e-01
9.538271604938272086e-01
9.538271604938272086e-01
9.538271604938272086e-01
9.538271604938272086e-01
9.538271604938272086e-01
9.538271604938272086e-01
9.535802469135802317e-01
9.535802469135802317e-01
9.535802469135802317e-01
9.535802469135802317e-01
9.535802469135802317e-01
9.533333333333333659e-01
9.530864197530863891e-01
9.530864197530863891e-01
9.530864197530863891e-01
9.530864197530863891e-01
9.528395061728395232e-01
9.525925925925925464e-01
9.525925925925925464e-01
9.525925925925925464e-01
9.525925925925925464e-01
9.525925925925925464e-01
9.520987654320988147e-01
9.520987654320988147e-01
9.518518518518518379e-01
9.518518518518518379e-01
9.518518518518518379e-01
9.513580246913579952e-01
9.513580246913579952e-01
9.513580246913579952e-01
9.513580246913579952e-01
9.513580246913579952e-01
9.513580246913579952e-01
9.513580246913579952e-01
9.513580246913579952e-01
9.513580246913579952e-01
9.513580246913579952e-01
9.513580246913579952e-01
9.511111111111111294e-01
9.511111111111111294e-01
9.501234567901234440e-01
9.501234567901234440e-01
9.501234567901234440e-01
9.501234567901234440e-01
9.501234567901234440e-01
9.501234567901234440e-01
9.501234567901234440e-01
9.501234567901234440e-01
9.501234567901234440e-01
9.501234567901234440e-01
9.501234567901234440e-01
9.501234567901234440e-01
9.501234567901234440e-01
9.501234567901234440e-01
9.501234567901234440e-01
9.501234567901234440e-01
9.501234567901234440e-01
9.501234567901234440e-01
9.501234567901234440e-01
9.501234567901234440e-01
9.501234567901234440e-01
9.498765432098765782e-01
9.498765432098765782e-01
9.498765432098765782e-01
9.498765432098765782e-01
9.498765432098765782e-01
9.498765432098765782e-01
9.498765432098765782e-01
9.496296296296296013e-01
9.496296296296296013e-01
9.496296296296296013e-01
9.496296296296296013e-01
9.493827160493827355e-01
9.493827160493827355e-01
9.493827160493827355e-01
9.493827160493827355e-01
9.493827160493827355e-01
9.493827160493827355e-01
9.493827160493827355e-01
9.493827160493827355e-01
9.493827160493827355e-01
9.493827160493827355e-01
9.493827160493827355e-01
9.493827160493827355e-01
9.493827160493827355e-01
9.491358024691357587e-01
9.488888888888888928e-01
9.488888888888888928e-01
9.488888888888888928e-01
9.488888888888888928e-01
9.486419753086420270e-01
9.486419753086420270e-01
9.483950617283950502e-01
9.483950617283950502e-01
9.483950617283950502e-01
9.483950617283950502e-01
9.483950617283950502e-01
9.483950617283950502e-01
9.483950617283950502e-01
9.481481481481481843e-01
9.479012345679012075e-01
9.479012345679012075e-01
9.479012345679012075e-01
9.476543209876543417e-01
9.476543209876543417e-01
9.476543209876543417e-01
9.476543209876543417e-01
9.476543209876543417e-01
9.476543209876543417e-01
9.476543209876543417e-01
9.476543209876543417e-01
9.476543209876543417e-01
9.476543209876543417e-01
9.476543209876543417e-01
9.474074074074073648e-01
9.474074074074073648e-01
9.474074074074073648e-01
9.474074074074073648e-01
9.474074074074073648e-01
9.474074074074073648e-01
9.471604938271604990e-01
9.471604938271604990e-01
9.471604938271604990e-01
9.471604938271604990e-01
9.471604938271604990e-01
9.471604938271604990e-01
9.471604938271604990e-01
9.471604938271604990e-01
9.471604938271604990e-01
9.469135802469136332e-01
9.469135802469136332e-01
9.469135802469136332e-01
9.469135802469136332e-01
9.469135802469136332e-01
9.469135802469136332e-01
9.466666666666666563e-01
9.466666666666666563e-01
9.464197530864197905e-01
9.464197530864197905e-01
9.464197530864197905e-01
9.464197530864197905e-01
9.461728395061728136e-01
9.459259259259259478e-01
9.459259259259259478e-01
9.459259259259259478e-01
9.459259259259259478e-01
9.459259259259259478e-01
9.459259259259259478e-01
9.459259259259259478e-01
9.456790123456789710e-01
9.456790123456789710e-01
9.456790123456789710e-01
9.456790123456789710e-01
9.456790123456789710e-01
9.454320987654321051e-01
9.454320987654321051e-01
9.451851851851852393e-01
9.451851851851852393e-01
9.449382716049382624e-01
9.449382716049382624e-01
9.449382716049382624e-01
9.449382716049382624e-01
9.449382716049382624e-01
9.446913580246913966e-01
9.444444444444444198e-01
9.444444444444444198e-01
9.444444444444444198e-01
9.441975308641975539e-01
9.441975308641975539e-01
9.439506172839505771e-01
9.439506172839505771e-01
9.439506172839505771e-01
9.439506172839505771e-01
9.439506172839505771e-01
9.439506172839505771e-01
9.439506172839505771e-01
9.439506172839505771e-01
9.439506172839505771e-01
9.439506172839505771e-01
9.439506172839505771e-01
9.439506172839505771e-01
9.439506172839505771e-01
9.439506172839505771e-01
9.437037037037037113e-01
9.437037037037037113e-01
9.437037037037037113e-01
9.437037037037037113e-01
9.437037037037037113e-01
9.437037037037037113e-01
9.437037037037037113e-01
9.437037037037037113e-01
9.437037037037037113e-01
9.437037037037037113e-01
9.437037037037037113e-01
9.437037037037037113e-01
9.437037037037037113e-01
9.437037037037037113e-01
9.437037037037037113e-01
9.437037037037037113e-01
9.434567901234568454e-01
9.432098765432098686e-01
9.432098765432098686e-01
9.429629629629630028e-01
9.429629629629630028e-01
9.429629629629630028e-01
9.429629629629630028e-01
9.429629629629630028e-01
9.429629629629630028e-01
9.429629629629630028e-01
9.429629629629630028e-01
9.427160493827160259e-01
9.424691358024691601e-01
9.424691358024691601e-01
9.424691358024691601e-01
9.424691358024691601e-01
9.424691358024691601e-01
9.422222222222221832e-01
9.422222222222221832e-01
9.422222222222221832e-01
9.422222222222221832e-01
9.422222222222221832e-01
9.422222222222221832e-01
9.419753086419753174e-01
9.419753086419753174e-01
9.419753086419753174e-01
9.419753086419753174e-01
9.417283950617283406e-01
9.417283950617283406e-01
9.414814814814814747e-01
9.414814814814814747e-01
9.414814814814814747e-01
9.414814814814814747e-01
9.414814814814814747e-01
9.412345679012346089e-01
9.412345679012346089e-01
9.412345679012346089e-01
9.412345679012346089e-01
9.409876543209876321e-01
9.407407407407407662e-01
9.404938271604937894e-01
9.404938271604937894e-01
9.404938271604937894e-01
9.404938271604937894e-01
9.404938271604937894e-01
9.404938271604937894e-01
9.404938271604937894e-01
9.404938271604937894e-01
9.402469135802469236e-01
9.402469135802469236e-01
9.402469135802469236e-01
9.402469135802469236e-01
9.402469135802469236e-01
9.402469135802469236e-01
9.402469135802469236e-01
9.402469135802469236e-01
9.402469135802469236e-01
9.402469135802469236e-01
9.402469135802469236e-01
9.402469135802469236e-01
9.402469135802469236e-01
9.399999999999999467e-01
9.399999999999999467e-01
9.397530864197530809e-01
9.395061728395062151e-01
9.395061728395062151e-01
9.395061728395062151e-01
9.395061728395062151e-01
9.395061728395062151e-01
9.395061728395062151e-01
9.395061728395062151e-01
9.392592592592592382e-01
9.392592592592592382e-01
9.392592592592592382e-01
9.392592592592592382e-01
9.390123456790123724e-01
9.387654320987653955e-01
9.387654320987653955e-01
9.387654320987653955e-01
9.387654320987653955e-01
9.387654320987653955e-01
9.387654320987653955e-01
9.387654320987653955e-01
9.387654320987653955e-01
9.387654320987653955e-01
9.385185185185185297e-01
9.385185185185185297e-01
9.385185185185185297e-01
9.385185185185185297e-01
9.385185185185185297e-01
9.385185185185185297e-01
9.382716049382715529e-01
9.382716049382715529e-01
9.382716049382715529e-01
9.382716049382715529e-01
9.382716049382715529e-01
9.382716049382715529e-01
9.382716049382715529e-01
9.382716049382715529e-01
9.382716049382715529e-01
9.377777777777778212e-01
9.377777777777778212e-01
9.375308641975308444e-01
9.375308641975308444e-01
9.375308641975308444e-01
9.375308641975308444e-01
9.375308641975308444e-01
9.372839506172839785e-01
9.372839506172839785e-01
9.367901234567901358e-01
9.367901234567901358e-01
9.367901234567901358e-01
9.365432098765431590e-01
9.362962962962962932e-01
9.362962962962962932e-01
9.362962962962962932e-01
9.362962962962962932e-01
9.362962962962962932e-01
9.362962962962962932e-01
9.360493827160494273e-01
9.360493827160494273e-01
9.360493827160494273e-01
9.360493827160494273e-01
9.360493827160494273e-01
9.358024691358024505e-01
9.358024691358024505e-01
9.358024691358024505e-01
9.358024691358024505e-01
9.358024691358024505e-01
9.355555555555555847e-01
9.355555555555555847e-01
9.355555555555555847e-01
9.355555555555555847e-01
9.355555555555555847e-01
9.348148148148147651e-01
9.345679012345678993e-01
9.345679012345678993e-01
9.345679012345678993e-01
9.345679012345678993e-01
9.345679012345678993e-01
9.345679012345678993e-01
9.345679012345678993e-01
9.345679012345678993e-01
9.345679012345678993e-01
9.345679012345678993e-01
9.343209876543210335e-01
9.343209876543210335e-01
9.340740740740740566e-01
9.340740740740740566e-01
9.338271604938271908e-01
9.338271604938271908e-01
9.338271604938271908e-01
9.338271604938271908e-01
9.335802469135802140e-01
9.333333333333333481e-01
9.330864197530863713e-01
9.330864197530863713e-01
9.330864197530863713e-01
9.330864197530863713e-01
9.328395061728395055e-01
9.328395061728395055e-01
9.325925925925926396e-01
9.325925925925926396e-01
9.323456790123456628e-01
9.323456790123456628e-01
9.320987654320987970e-01
9.320987654320987970e-01
9.320987654320987970e-01
9.318518518518518201e-01
9.318518518518518201e-01
9.318518518518518201e-01
9.316049382716049543e-01
9.313580246913579774e-01
9.313580246913579774e-01
9.313580246913579774e-01
9.313580246913579774e-01
9.311111111111111116e-01
9.311111111111111116e-01
9.311111111111111116e-01
9.308641975308642458e-01
9.308641975308642458e-01
9.308641975308642458e-01
9.308641975308642458e-01
9.308641975308642458e-01
9.308641975308642458e-01
9.308641975308642458e-01
9.308641975308642458e-01
9.308641975308642458e-01
9.308641975308642458e-01
9.308641975308642458e-01
9.308641975308642458e-01
9.308641975308642458e-01
9.308641975308642458e-01
9.306172839506172689e-01
9.306172839506172689e-01
9.306172839506172689e-01
9.306172839506172689e-01
9.303703703703704031e-01
9.303703703703704031e-01
9.303703703703704031e-01
9.303703703703704031e-01
9.303703703703704031e-01
9.303703703703704031e-01
9.303703703703704031e-01
9.303703703703704031e-01
9.303703703703704031e-01
9.303703703703704031e-01
9.303703703703704031e-01
9.303703703703704031e-01
9.301234567901234263e-01
9.301234567901234263e-01
9.298765432098765604e-01
9.298765432098765604e-01
9.298765432098765604e-01
9.296296296296295836e-01
9.293827160493827177e-01
9.293827160493827177e-01
9.293827160493827177e-01
9.293827160493827177e-01
9.293827160493827177e-01
9.293827160493827177e-01
9.291358024691358519e-01
9.288888888888888751e-01
9.286419753086420092e-01
9.286419753086420092e-01
9.286419753086420092e-01
9.286419753086420092e-01
9.286419753086420092e-01
9.286419753086420092e-01
9.286419753086420092e-01
9.286419753086420092e-01
9.286419753086420092e-01
9.283950617283950324e-01
9.281481481481481666e-01
9.281481481481481666e-01
9.281481481481481666e-01
9.281481481481481666e-01
9.281481481481481666e-01
9.281481481481481666e-01
9.279012345679011897e-01
9.279012345679011897e-01
9.279012345679011897e-01
9.279012345679011897e-01
9.279012345679011897e-01
9.276543209876543239e-01
9.276543209876543239e-01
9.276543209876543239e-01
9.276543209876543239e-01
9.276543209876543239e-01
9.276543209876543239e-01
9.274074074074074581e-01
9.274074074074074581e-01
9.274074074074074581e-01
9.274074074074074581e-01
9.271604938271604812e-01
9.269135802469136154e-01
9.269135802469136154e-01
9.269135802469136154e-01
9.269135802469136154e-01
9.269135802469136154e-01
9.269135802469136154e-01
9.269135802469136154e-01
9.266666666666666385e-01
9.266666666666666385e-01
9.264197530864197727e-01
9.261728395061727959e-01
9.261728395061727959e-01
9.261728395061727959e-01
9.261728395061727959e-01
9.261728395061727959e-01
9.261728395061727959e-01
9.261728395061727959e-01
9.261728395061727959e-01
9.261728395061727959e-01
9.261728395061727959e-01
9.261728395061727959e-01
9.261728395061727959e-01
9.259259259259259300e-01
9.259259259259259300e-01
9.259259259259259300e-01
9.256790123456790642e-01
9.256790123456790642e-01
9.256790123456790642e-01
9.256790123456790642e-01
9.256790123456790642e-01
9.256790123456790642e-01
9.254320987654320874e-01
9.254320987654320874e-01
9.254320987654320874e-01
9.251851851851852215e-01
9.251851851851852215e-01
9.249382716049382447e-01
9.249382716049382447e-01
9.246913580246913789e-01
9.246913580246913789e-01
9.246913580246913789e-01
9.244444444444444020e-01
9.244444444444444020e-01
9.241975308641975362e-01
9.241975308641975362e-01
9.241975308641975362e-01
9.241975308641975362e-01
9.241975308641975362e-01
9.241975308641975362e-01
9.239506172839506704e-01
9.237037037037036935e-01
9.237037037037036935e-01
9.237037037037036935e-01
9.237037037037036935e-01
9.237037037037036935e-01
9.237037037037036935e-01
9.237037037037036935e-01
9.237037037037036935e-01
9.237037037037036935e-01
9.237037037037036935e-01
9.237037037037036935e-01
9.237037037037036935e-01
9.237037037037036935e-01
9.237037037037036935e-01
9.237037037037036935e-01
9.234567901234568277e-01
9.232098765432098508e-01
9.232098765432098508e-01
9.232098765432098508e-01
9.229629629629629850e-01
9.229629629629629850e-01
9.229629629629629850e-01
9.229629629629629850e-01
9.229629629629629850e-01
9.227160493827160082e-01
9.227160493827160082e-01
9.227160493827160082e-01
9.227160493827160082e-01
9.227160493827160082e-01
9.227160493827160082e-01
9.227160493827160082e-01
9.227160493827160082e-01
9.227160493827160082e-01
9.224691358024691423e-01
9.224691358024691423e-01
9.224691358024691423e-01
9.224691358024691423e-01
9.222222222222222765e-01
9.222222222222222765e-01
9.222222222222222765e-01
9.222222222222222765e-01
9.222222222222222765e-01
9.222222222222222765e-01
9.222222222222222765e-01
9.222222222222222765e-01
9.222222222222222765e-01
9.222222222222222765e-01
9.222222222222222765e-01
9.222222222222222765e-01
9.222222222222222765e-01
9.222222222222222765e-01
9.222222222222222765e-01
9.222222222222222765e-01
9.222222222222222765e-01
9.222222222222222765e-01
9.222222222222222765e-01
9.222222222222222765e-01
9.217283950617284338e-01
9.217283950617284338e-01
9.217283950617284338e-01
9.217283950617284338e-01
9.217283950617284338e-01
9.214814814814814570e-01
9.212345679012345911e-01
9.212345679012345911e-01
9.212345679012345911e-01
9.212345679012345911e-01
9.212345679012345911e-01
9.212345679012345911e-01
9.212345679012345911e-01
9.212345679012345911e-01
9.212345679012345911e-01
9.212345679012345911e-01
9.212345679012345911e-01
9.212345679012345911e-01
9.212345679012345911e-01
9.212345679012345911e-01
9.212345679012345911e-01
9.212345679012345911e-01
9.209876543209876143e-01
9.209876543209876143e-01
9.209876543209876143e-01
9.209876543209876143e-01
9.207407407407407485e-01
9.207407407407407485e-01
9.207407407407407485e-01
9.207407407407407485e-01
9.207407407407407485e-01
9.207407407407407485e-01
9.204938271604938826e-01
9.204938271604938826e-01
9.204938271604938826e-01
9.204938271604938826e-01
9.204938271604938826e-01
9.204938271604938826e-01
9.204938271604938826e-01
9.202469135802469058e-01
9.202469135802469058e-01
9.202469135802469058e-01
9.202469135802469058e-01
9.202469135802469058e-01
9.202469135802469058e-01
9.202469135802469058e-01
9.202469135802469058e-01
9.202469135802469058e-01
9.202469135802469058e-01
9.202469135802469058e-01
9.202469135802469058e-01
9.202469135802469058e-01
9.202469135802469058e-01
9.197530864197530631e-01
9.197530864197530631e-01
9.197530864197530631e-01
9.195061728395061973e-01
9.195061728395061973e-01
9.195061728395061973e-01
9.195061728395061973e-01
9.195061728395061973e-01
9.195061728395061973e-01
9.195061728395061973e-01
9.195061728395061973e-01
9.195061728395061973e-01
9.195061728395061973e-01
9.195061728395061973e-01
9.192592592592592204e-01
9.190123456790123546e-01
9.190123456790123546e-01
9.190123456790123546e-01
9.190123456790123546e-01
9.190123456790123546e-01
9.190123456790123546e-01
9.190123456790123546e-01
9.190123456790123546e-01
9.187654320987653778e-01
9.187654320987653778e-01
9.185185185185185119e-01
9.185185185185185119e-01
9.185185185185185119e-01
9.185185185185185119e-01
9.185185185185185119e-01
9.185185185185185119e-01
9.182716049382716461e-01
9.180246913580246693e-01
9.180246913580246693e-01
9.180246913580246693e-01
9.177777777777778034e-01
9.177777777777778034e-01
9.177777777777778034e-01
9.167901234567901181e-01
9.167901234567901181e-01
9.167901234567901181e-01
9.165432098765432523e-01
9.162962962962962754e-01
9.162962962962962754e-01
9.162962962962962754e-01
9.162962962962962754e-01
9.162962962962962754e-01
9.162962962962962754e-01
9.162962962962962754e-01
9.162962962962962754e-01
9.162962962962962754e-01
9.162962962962962754e-01
9.162962962962962754e-01
9.160493827160494096e-01
9.158024691358024327e-01
9.158024691358024327e-01
9.158024691358024327e-01
9.158024691358024327e-01
9.158024691358024327e-01
9.158024691358024327e-01
9.158024691358024327e-01
9.158024691358024327e-01
9.158024691358024327e-01
9.158024691358024327e-01
9.155555555555555669e-01
9.155555555555555669e-01
9.155555555555555669e-01
9.155555555555555669e-01
9.155555555555555669e-01
9.153086419753085901e-01
9.150617283950617242e-01
9.150617283950617242e-01
9.148148148148148584e-01
9.145679012345678816e-01
9.145679012345678816e-01
9.145679012345678816e-01
9.143209876543210157e-01
9.143209876543210157e-01
9.143209876543210157e-01
9.140740740740740389e-01
9.140740740740740389e-01
9.140740740740740389e-01
9.138271604938271730e-01
9.138271604938271730e-01
9.138271604938271730e-01
9.138271604938271730e-01
9.138271604938271730e-01
9.135802469135801962e-01
9.135802469135801962e-01
9.135802469135801962e-01
9.135802469135801962e-01
9.135802469135801962e-01
9.135802469135801962e-01
9.135802469135801962e-01
9.135802469135801962e-01
9.135802469135801962e-01
9.135802469135801962e-01
9.135802469135801962e-01
9.135802469135801962e-01
9.133333333333333304e-01
9.133333333333333304e-01
9.133333333333333304e-01
9.133333333333333304e-01
9.133333333333333304e-01
9.133333333333333304e-01
9.130864197530864645e-01
9.128395061728394877e-01
9.125925925925926219e-01
9.125925925925926219e-01
9.125925925925926219e-01
9.125925925925926219e-01
9.125925925925926219e-01
9.125925925925926219e-01
9.123456790123456450e-01
9.123456790123456450e-01
9.123456790123456450e-01
9.123456790123456450e-01
9.123456790123456450e-01
9.123456790123456450e-01
9.123456790123456450e-01
9.123456790123456450e-01
9.123456790123456450e-01
9.123456790123456450e-01
9.123456790123456450e-01
9.123456790123456450e-01
9.123456790123456450e-01
9.120987654320987792e-01
9.118518518518518023e-01
9.118518518518518023e-01
9.118518518518518023e-01
9.118518518518518023e-01
9.116049382716049365e-01
9.116049382716049365e-01
9.113580246913580707e-01
9.113580246913580707e-01
9.113580246913580707e-01
9.113580246913580707e-01
9.111111111111110938e-01
9.111111111111110938e-01
9.111111111111110938e-01
9.111111111111110938e-01
9.108641975308642280e-01
9.108641975308642280e-01
9.108641975308642280e-01
9.108641975308642280e-01
9.108641975308642280e-01
9.108641975308642280e-01
9.103703703703703853e-01
9.103703703703703853e-01
9.101234567901234085e-01
9.098765432098765427e-01
9.098765432098765427e-01
9.098765432098765427e-01
9.098765432098765427e-01
9.098765432098765427e-01
9.098765432098765427e-01
9.096296296296296768e-01
9.093827160493827000e-01
9.093827160493827000e-01
9.093827160493827000e-01
9.093827160493827000e-01
9.093827160493827000e-01
9.093827160493827000e-01
9.093827160493827000e-01
9.093827160493827000e-01
9.093827160493827000e-01
9.093827160493827000e-01
9.093827160493827000e-01
9.093827160493827000e-01
9.093827160493827000e-01
9.093827160493827000e-01
9.093827160493827000e-01
9.091358024691358342e-01
9.088888888888888573e-01
9.086419753086419915e-01
9.086419753086419915e-01
9.083950617283950146e-01
9.083950617283950146e-01
9.083950617283950146e-01
9.081481481481481488e-01
9.081481481481481488e-01
9.081481481481481488e-01
9.079012345679012830e-01
9.076543209876543061e-01
9.076543209876543061e-01
9.076543209876543061e-01
9.076543209876543061e-01
9.074074074074074403e-01
9.074074074074074403e-01
9.074074074074074403e-01
9.074074074074074403e-01
9.074074074074074403e-01
9.071604938271604635e-01
9.071604938271604635e-01
9.071604938271604635e-01
9.071604938271604635e-01
9.069135802469135976e-01
9.069135802469135976e-01
9.069135802469135976e-01
9.066666666666666208e-01
9.064197530864197550e-01
9.061728395061728891e-01
9.061728395061728891e-01
9.061728395061728891e-01
9.059259259259259123e-01
9.059259259259259123e-01
9.056790123456790464e-01
9.056790123456790464e-01
9.056790123456790464e-01
9.056790123456790464e-01
9.056790123456790464e-01
9.056790123456790464e-01
9.056790123456790464e-01
9.056790123456790464e-01
9.056790123456790464e-01
9.056790123456790464e-01
9.056790123456790464e-01
9.054320987654320696e-01
9.051851851851852038e-01
9.049382716049382269e-01
9.049382716049382269e-01
9.046913580246913611e-01
9.044444444444444953e-01
9.044444444444444953e-01
9.044444444444444953e-01
9.044444444444444953e-01
9.044444444444444953e-01
9.041975308641975184e-01
9.041975308641975184e-01
9.041975308641975184e-01
9.039506172839506526e-01
9.039506172839506526e-01
9.039506172839506526e-01
9.037037037037036757e-01
9.037037037037036757e-01
9.034567901234568099e-01
9.034567901234568099e-01
9.034567901234568099e-01
9.034567901234568099e-01
9.034567901234568099e-01
9.032098765432098331e-01
9.032098765432098331e-01
9.029629629629629672e-01
9.029629629629629672e-01
9.027160493827161014e-01
9.027160493827161014e-01
9.027160493827161014e-01
9.027160493827161014e-01
9.027160493827161014e-01
9.027160493827161014e-01
9.024691358024691246e-01
9.022222222222222587e-01
9.022222222222222587e-01
9.022222222222222587e-01
9.022222222222222587e-01
9.022222222222222587e-01
9.022222222222222587e-01
9.022222222222222587e-01
9.022222222222222587e-01
9.012345679012345734e-01
9.009876543209877076e-01
9.007407407407407307e-01
9.004938271604938649e-01
9.004938271604938649e-01
9.004938271604938649e-01
9.004938271604938649e-01
9.004938271604938649e-01
9.002469135802468880e-01
9.002469135802468880e-01
9.000000000000000222e-01
8.997530864197530454e-01
8.997530864197530454e-01
8.997530864197530454e-01
8.997530864197530454e-01
8.997530864197530454e-01
8.997530864197530454e-01
8.995061728395061795e-01
8.995061728395061795e-01
8.995061728395061795e-01
8.992592592592593137e-01
8.990123456790123369e-01
8.987654320987654710e-01
8.985185185185184942e-01
8.982716049382716283e-01
8.980246913580246515e-01
8.977777777777777857e-01
8.977777777777777857e-01
8.977777777777777857e-01
8.977777777777777857e-01
8.977777777777777857e-01
8.977777777777777857e-01
8.977777777777777857e-01
8.975308641975308088e-01
8.975308641975308088e-01
8.972839506172839430e-01
8.967901234567901003e-01
8.965432098765432345e-01
8.962962962962962576e-01
8.962962962962962576e-01
8.958024691358024150e-01
8.955555555555555491e-01
8.953086419753086833e-01
8.950617283950617065e-01
8.948148148148148406e-01
8.948148148148148406e-01
8.945679012345678638e-01
8.945679012345678638e-01
8.945679012345678638e-01
8.945679012345678638e-01
8.945679012345678638e-01
8.943209876543209980e-01
8.940740740740740211e-01
8.940740740740740211e-01
8.933333333333333126e-01
8.933333333333333126e-01
8.933333333333333126e-01
8.933333333333333126e-01
8.933333333333333126e-01
8.933333333333333126e-01
8.933333333333333126e-01
8.930864197530864468e-01
8.928395061728394699e-01
8.928395061728394699e-01
8.925925925925926041e-01
8.925925925925926041e-01
8.923456790123456273e-01
8.923456790123456273e-01
8.923456790123456273e-01
8.923456790123456273e-01
8.920987654320987614e-01
8.920987654320987614e-01
8.920987654320987614e-01
8.918518518518518956e-01
8.918518518518518956e-01
8.918518518518518956e-01
8.918518518518518956e-01
8.916049382716049188e-01
8.916049382716049188e-01
8.916049382716049188e-01
8.916049382716049188e-01
8.916049382716049188e-01
8.916049382716049188e-01
8.913580246913580529e-01
8.913580246913580529e-01
8.913580246913580529e-01
8.913580246913580529e-01
8.911111111111110761e-01
8.911111111111110761e-01
8.911111111111110761e-01
8.911111111111110761e-01
8.911111111111110761e-01
8.911111111111110761e-01
8.911111111111110761e-01
8.908641975308642103e-01
8.908641975308642103e-01
8.908641975308642103e-01
8.908641975308642103e-01
8.906172839506172334e-01
8.906172839506172334e-01
8.906172839506172334e-01
8.906172839506172334e-01
8.906172839506172334e-01
8.903703703703703676e-01
8.903703703703703676e-01
8.901234567901235017e-01
8.898765432098765249e-01
8.896296296296296591e-01
8.896296296296296591e-01
8.896296296296296591e-01
8.896296296296296591e-01
8.893827160493826822e-01
8.893827160493826822e-01
8.891358024691358164e-01
8.888888888888888395e-01
8.888888888888888395e-01
8.888888888888888395e-01
8.886419753086419737e-01
8.883950617283951079e-01
8.879012345679012652e-01
8.876543209876542884e-01
8.876543209876542884e-01
8.876543209876542884e-01
8.876543209876542884e-01
8.874074074074074225e-01
8.874074074074074225e-01
8.871604938271604457e-01
8.869135802469135799e-01
8.869135802469135799e-01
8.866666666666667140e-01
8.866666666666667140e-01
8.861728395061728714e-01
8.861728395061728714e-01
8.861728395061728714e-01
8.861728395061728714e-01
8.861728395061728714e-01
8.861728395061728714e-01
8.832098765432099263e-01
8.832098765432099263e-01
8.832098765432099263e-01
8.829629629629629495e-01
8.829629629629629495e-01
8.829629629629629495e-01
8.829629629629629495e-01
8.827160493827160836e-01
8.824691358024691068e-01
8.822222222222222410e-01
8.822222222222222410e-01
8.819753086419752641e-01
8.819753086419752641e-01
8.817283950617283983e-01
8.817283950617283983e-01
8.817283950617283983e-01
8.814814814814815325e-01
8.814814814814815325e-01
8.814814814814815325e-01
8.814814814814815325e-01
8.814814814814815325e-01
8.814814814814815325e-01
8.812345679012345556e-01
8.809876543209876898e-01
8.807407407407407129e-01
8.807407407407407129e-01
8.807407407407407129e-01
8.807407407407407129e-01
8.807407407407407129e-01
8.807407407407407129e-01
8.807407407407407129e-01
8.804938271604938471e-01
8.804938271604938471e-01
8.804938271604938471e-01
8.804938271604938471e-01
8.804938271604938471e-01
8.787654320987654533e-01
8.787654320987654533e-01
8.787654320987654533e-01
8.787654320987654533e-01
8.785185185185184764e-01
8.785185185185184764e-01
8.785185185185184764e-01
8.785185185185184764e-01
8.780246913580247448e-01
8.777777777777777679e-01
8.775308641975309021e-01
8.775308641975309021e-01
8.775308641975309021e-01
8.775308641975309021e-01
8.772839506172839252e-01
8.770370370370370594e-01
8.767901234567900826e-01
8.767901234567900826e-01
8.765432098765432167e-01
8.765432098765432167e-01
8.765432098765432167e-01
8.765432098765432167e-01
8.765432098765432167e-01
8.762962962962963509e-01
8.762962962962963509e-01
8.758024691358025082e-01
8.750617283950616887e-01
8.750617283950616887e-01
8.748148148148148229e-01
8.748148148148148229e-01
8.740740740740741144e-01
8.738271604938271375e-01
8.735802469135802717e-01
8.735802469135802717e-01
8.733333333333332948e-01
8.730864197530864290e-01
8.730864197530864290e-01
8.730864197530864290e-01
8.728395061728394522e-01
8.728395061728394522e-01
8.728395061728394522e-01
8.725925925925925863e-01
8.711111111111110583e-01
8.711111111111110583e-01
8.711111111111110583e-01
8.708641975308641925e-01
8.706172839506173267e-01
8.703703703703703498e-01
8.703703703703703498e-01
8.701234567901234840e-01
8.701234567901234840e-01
8.701234567901234840e-01
8.701234567901234840e-01
8.701234567901234840e-01
8.698765432098765071e-01
8.696296296296296413e-01
8.696296296296296413e-01
8.693827160493826645e-01
8.693827160493826645e-01
8.691358024691357986e-01
8.691358024691357986e-01
8.691358024691357986e-01
8.688888888888889328e-01
8.686419753086419560e-01
8.683950617283950901e-01
8.683950617283950901e-01
8.681481481481481133e-01
8.679012345679012475e-01
8.676543209876542706e-01
8.674074074074074048e-01
8.671604938271605389e-01
8.669135802469135621e-01
8.666666666666666963e-01
8.664197530864197194e-01
8.661728395061728536e-01
8.661728395061728536e-01
8.659259259259258767e-01
8.659259259259258767e-01
8.659259259259258767e-01
8.656790123456790109e-01
8.656790123456790109e-01
8.656790123456790109e-01
8.656790123456790109e-01
8.656790123456790109e-01
8.654320987654321451e-01
8.654320987654321451e-01
8.651851851851851682e-01
8.649382716049383024e-01
8.646913580246913256e-01
8.644444444444444597e-01
8.644444444444444597e-01
8.641975308641974829e-01
8.639506172839506171e-01
8.637037037037037512e-01
8.634567901234567744e-01
8.634567901234567744e-01
8.634567901234567744e-01
8.634567901234567744e-01
8.634567901234567744e-01
8.634567901234567744e-01
8.634567901234567744e-01
8.634567901234567744e-01
8.634567901234567744e-01
8.634567901234567744e-01
8.634567901234567744e-01
8.634567901234567744e-01
8.634567901234567744e-01
8.634567901234567744e-01
8.632098765432099086e-01
8.632098765432099086e-01
8.629629629629629317e-01
8.629629629629629317e-01
8.629629629629629317e-01
8.629629629629629317e-01
8.629629629629629317e-01
8.629629629629629317e-01
8.627160493827160659e-01
8.624691358024690890e-01
8.622222222222222232e-01
8.622222222222222232e-01
8.622222222222222232e-01
8.619753086419753574e-01
8.619753086419753574e-01
8.619753086419753574e-01
8.619753086419753574e-01
8.619753086419753574e-01
8.614814814814815147e-01
8.612345679012345379e-01
8.612345679012345379e-01
8.609876543209876720e-01
8.607407407407406952e-01
8.604938271604938294e-01
8.602469135802469635e-01
8.599999999999999867e-01
8.599999999999999867e-01
8.599999999999999867e-01
8.599999999999999867e-01
8.597530864197531209e-01
8.595061728395061440e-01
8.595061728395061440e-01
8.595061728395061440e-01
8.595061728395061440e-01
8.592592592592592782e-01
8.592592592592592782e-01
8.592592592592592782e-01
8.592592592592592782e-01
8.592592592592592782e-01
8.590123456790123013e-01
8.587654320987654355e-01
8.582716049382715928e-01
8.580246913580247270e-01
8.577777777777777501e-01
8.575308641975308843e-01
8.575308641975308843e-01
8.575308641975308843e-01
8.575308641975308843e-01
8.572839506172839075e-01
8.572839506172839075e-01
8.570370370370370416e-01
8.570370370370370416e-01
8.570370370370370416e-01
8.567901234567901758e-01
8.565432098765431990e-01
8.565432098765431990e-01
8.565432098765431990e-01
8.562962962962963331e-01
8.560493827160493563e-01
8.560493827160493563e-01
8.558024691358024905e-01
8.558024691358024905e-01
8.558024691358024905e-01
8.555555555555555136e-01
8.555555555555555136e-01
8.555555555555555136e-01
8.555555555555555136e-01
8.555555555555555136e-01
8.555555555555555136e-01
8.553086419753086478e-01
8.550617283950617820e-01
8.550617283950617820e-01
8.548148148148148051e-01
8.545679012345679393e-01
8.540740740740740966e-01
8.540740740740740966e-01
8.540740740740740966e-01
8.540740740740740966e-01
8.540740740740740966e-01
8.538271604938271198e-01
8.538271604938271198e-01
8.538271604938271198e-01
8.538271604938271198e-01
8.535802469135802539e-01
8.533333333333333881e-01
8.530864197530864113e-01
8.530864197530864113e-01
8.530864197530864113e-01
8.528395061728395454e-01
8.525925925925925686e-01
8.525925925925925686e-01
8.523456790123457028e-01
8.523456790123457028e-01
8.520987654320987259e-01
8.520987654320987259e-01
8.520987654320987259e-01
8.520987654320987259e-01
8.520987654320987259e-01
8.518518518518518601e-01
8.516049382716048832e-01
8.513580246913580174e-01
8.513580246913580174e-01
8.513580246913580174e-01
8.511111111111111516e-01
8.511111111111111516e-01
8.508641975308641747e-01
8.506172839506173089e-01
8.503703703703703320e-01
8.501234567901234662e-01
8.498765432098764894e-01
8.493827160493827577e-01
8.486419753086419382e-01
8.483950617283950724e-01
8.481481481481480955e-01
8.479012345679012297e-01
8.479012345679012297e-01
8.476543209876543639e-01
8.474074074074073870e-01
8.474074074074073870e-01
8.474074074074073870e-01
8.471604938271605212e-01
8.471604938271605212e-01
8.469135802469135443e-01
8.466666666666666785e-01
8.464197530864197017e-01
8.461728395061728358e-01
8.459259259259259700e-01
8.456790123456789932e-01
8.454320987654321273e-01
8.451851851851851505e-01
8.451851851851851505e-01
8.449382716049382847e-01
8.449382716049382847e-01
8.446913580246913078e-01
8.444444444444444420e-01
8.441975308641975762e-01
8.439506172839505993e-01
8.434567901234567566e-01
8.432098765432098908e-01
8.432098765432098908e-01
8.432098765432098908e-01
8.432098765432098908e-01
8.429629629629629139e-01
8.429629629629629139e-01
8.429629629629629139e-01
8.427160493827160481e-01
8.427160493827160481e-01
8.424691358024691823e-01
8.422222222222222054e-01
8.419753086419753396e-01
8.419753086419753396e-01
8.417283950617283628e-01
8.414814814814814969e-01
8.414814814814814969e-01
8.412345679012345201e-01
8.409876543209876543e-01
8.407407407407407884e-01
8.407407407407407884e-01
8.407407407407407884e-01
8.404938271604938116e-01
8.402469135802469458e-01
8.399999999999999689e-01
8.397530864197531031e-01
8.397530864197531031e-01
8.395061728395061262e-01
8.395061728395061262e-01
8.395061728395061262e-01
8.395061728395061262e-01
8.395061728395061262e-01
8.395061728395061262e-01
8.395061728395061262e-01
8.392592592592592604e-01
8.392592592592592604e-01
8.392592592592592604e-01
8.390123456790123946e-01
8.390123456790123946e-01
8.390123456790123946e-01
8.390123456790123946e-01
8.390123456790123946e-01
8.390123456790123946e-01
8.390123456790123946e-01
8.387654320987654177e-01
8.387654320987654177e-01
8.387654320987654177e-01
8.387654320987654177e-01
8.385185185185185519e-01
8.385185185185185519e-01
8.385185185185185519e-01
8.382716049382715751e-01
8.382716049382715751e-01
8.380246913580247092e-01
8.377777777777777324e-01
8.377777777777777324e-01
8.377777777777777324e-01
8.377777777777777324e-01
8.375308641975308666e-01
8.375308641975308666e-01
8.372839506172840007e-01
8.372839506172840007e-01
8.372839506172840007e-01
8.372839506172840007e-01
8.372839506172840007e-01
8.372839506172840007e-01
8.372839506172840007e-01
8.372839506172840007e-01
8.372839506172840007e-01
8.370370370370370239e-01
8.367901234567901581e-01
8.365432098765431812e-01
8.362962962962963154e-01
8.362962962962963154e-01
8.362962962962963154e-01
8.360493827160493385e-01
8.360493827160493385e-01
8.360493827160493385e-01
8.360493827160493385e-01
8.358024691358024727e-01
8.358024691358024727e-01
8.355555555555556069e-01
8.355555555555556069e-01
8.353086419753086300e-01
8.353086419753086300e-01
8.353086419753086300e-01
8.353086419753086300e-01
8.350617283950617642e-01
8.350617283950617642e-01
8.348148148148147873e-01
8.345679012345679215e-01
8.345679012345679215e-01
8.345679012345679215e-01
8.343209876543209447e-01
8.340740740740740788e-01
8.340740740740740788e-01
8.340740740740740788e-01
8.338271604938272130e-01
8.335802469135802362e-01
8.330864197530863935e-01
8.328395061728395277e-01
8.325925925925925508e-01
8.325925925925925508e-01
8.325925925925925508e-01
8.323456790123456850e-01
8.320987654320988192e-01
8.318518518518518423e-01
8.318518518518518423e-01
8.318518518518518423e-01
8.316049382716049765e-01
8.316049382716049765e-01
8.313580246913579996e-01
8.313580246913579996e-01
8.313580246913579996e-01
8.311111111111111338e-01
8.311111111111111338e-01
8.308641975308641570e-01
8.306172839506172911e-01
8.306172839506172911e-01
8.306172839506172911e-01
8.306172839506172911e-01
8.303703703703704253e-01
8.301234567901234485e-01
8.298765432098765826e-01
8.296296296296296058e-01
8.293827160493827400e-01
8.291358024691357631e-01
8.288888888888888973e-01
8.288888888888888973e-01
8.286419753086419204e-01
8.283950617283950546e-01
8.283950617283950546e-01
8.281481481481481888e-01
8.281481481481481888e-01
8.279012345679012119e-01
8.279012345679012119e-01
8.276543209876543461e-01
8.276543209876543461e-01
8.276543209876543461e-01
8.274074074074073692e-01
8.269135802469135266e-01
8.266666666666666607e-01
8.266666666666666607e-01
8.264197530864197949e-01
8.261728395061728181e-01
8.259259259259259522e-01
8.256790123456789754e-01
8.254320987654321096e-01
8.254320987654321096e-01
8.254320987654321096e-01
8.254320987654321096e-01
8.251851851851851327e-01
8.249382716049382669e-01
8.246913580246914011e-01
8.244444444444444242e-01
8.241975308641975584e-01
8.239506172839505815e-01
8.239506172839505815e-01
8.237037037037037157e-01
8.234567901234567389e-01
8.232098765432098730e-01
8.229629629629630072e-01
8.227160493827160304e-01
8.227160493827160304e-01
8.227160493827160304e-01
8.224691358024691645e-01
8.222222222222221877e-01
8.222222222222221877e-01
8.222222222222221877e-01
8.222222222222221877e-01
8.219753086419753219e-01
8.219753086419753219e-01
8.214814814814814792e-01
8.214814814814814792e-01
8.212345679012346134e-01
8.212345679012346134e-01
8.209876543209876365e-01
8.209876543209876365e-01
8.207407407407407707e-01
8.207407407407407707e-01
8.207407407407407707e-01
8.207407407407407707e-01
8.207407407407407707e-01
8.204938271604937938e-01
8.204938271604937938e-01
8.202469135802469280e-01
8.202469135802469280e-01
8.199999999999999512e-01
8.197530864197530853e-01
8.195061728395062195e-01
8.192592592592592426e-01
8.190123456790123768e-01
8.190123456790123768e-01
8.190123456790123768e-01
8.187654320987654000e-01
8.187654320987654000e-01
8.187654320987654000e-01
8.185185185185185341e-01
8.172839506172839830e-01
8.170370370370370061e-01
8.167901234567901403e-01
8.165432098765431634e-01
8.162962962962962976e-01
8.162962962962962976e-01
8.160493827160494318e-01
8.160493827160494318e-01
8.158024691358024549e-01
8.155555555555555891e-01
8.153086419753086123e-01
8.150617283950617464e-01
8.148148148148147696e-01
8.148148148148147696e-01
8.145679012345679038e-01
8.143209876543210379e-01
8.143209876543210379e-01
8.143209876543210379e-01
8.143209876543210379e-01
8.140740740740740611e-01
8.140740740740740611e-01
8.138271604938271953e-01
8.135802469135802184e-01
8.133333333333333526e-01
8.130864197530863757e-01
8.128395061728395099e-01
8.128395061728395099e-01
8.128395061728395099e-01
8.128395061728395099e-01
8.128395061728395099e-01
8.128395061728395099e-01
8.128395061728395099e-01
8.128395061728395099e-01
8.128395061728395099e-01
8.128395061728395099e-01
8.128395061728395099e-01
8.125925925925926441e-01
8.123456790123456672e-01
8.120987654320988014e-01
8.118518518518518245e-01
8.116049382716049587e-01
8.116049382716049587e-01
8.113580246913579819e-01
8.113580246913579819e-01
8.113580246913579819e-01
8.113580246913579819e-01
8.108641975308642502e-01
8.108641975308642502e-01
8.106172839506172734e-01
8.103703703703704075e-01
8.103703703703704075e-01
8.101234567901234307e-01
8.098765432098765649e-01
8.098765432098765649e-01
8.098765432098765649e-01
8.096296296296295880e-01
8.093827160493827222e-01
8.093827160493827222e-01
8.093827160493827222e-01
8.091358024691358564e-01
8.091358024691358564e-01
8.091358024691358564e-01
8.091358024691358564e-01
8.091358024691358564e-01
8.088888888888888795e-01
8.088888888888888795e-01
8.088888888888888795e-01
8.088888888888888795e-01
8.088888888888888795e-01
8.088888888888888795e-01
8.086419753086420137e-01
8.086419753086420137e-01
8.083950617283950368e-01
8.083950617283950368e-01
8.081481481481481710e-01
8.081481481481481710e-01
8.079012345679011942e-01
8.079012345679011942e-01
8.079012345679011942e-01
8.076543209876543283e-01
8.074074074074074625e-01
8.071604938271604857e-01
8.071604938271604857e-01
8.071604938271604857e-01
8.071604938271604857e-01
8.069135802469136198e-01
8.066666666666666430e-01
8.066666666666666430e-01
8.066666666666666430e-01
8.066666666666666430e-01
8.064197530864197772e-01
8.061728395061728003e-01
8.061728395061728003e-01
8.061728395061728003e-01
8.061728395061728003e-01
8.059259259259259345e-01
8.056790123456789576e-01
8.054320987654320918e-01
8.054320987654320918e-01
8.054320987654320918e-01
8.051851851851852260e-01
8.051851851851852260e-01
8.051851851851852260e-01
8.051851851851852260e-01
8.049382716049382491e-01
8.046913580246913833e-01
8.046913580246913833e-01
8.046913580246913833e-01
8.044444444444444065e-01
8.041975308641975406e-01
8.041975308641975406e-01
8.039506172839505638e-01
8.037037037037036979e-01
8.034567901234568321e-01
8.032098765432098553e-01
8.029629629629629894e-01
8.027160493827160126e-01
8.024691358024691468e-01
8.022222222222221699e-01
8.022222222222221699e-01
8.019753086419753041e-01
8.017283950617284383e-01
8.017283950617284383e-01
8.014814814814814614e-01
8.014814814814814614e-01
8.012345679012345956e-01
8.009876543209876187e-01
8.009876543209876187e-01
8.009876543209876187e-01
8.009876543209876187e-01
8.007407407407407529e-01
8.007407407407407529e-01
8.007407407407407529e-01
8.007407407407407529e-01
8.004938271604937761e-01
8.002469135802469102e-01
8.000000000000000444e-01
7.997530864197530676e-01
7.995061728395062017e-01
7.992592592592592249e-01
7.990123456790123591e-01
7.990123456790123591e-01
7.987654320987653822e-01
7.985185185185185164e-01
7.982716049382716506e-01
7.980246913580246737e-01
7.980246913580246737e-01
7.980246913580246737e-01
7.980246913580246737e-01
7.977777777777778079e-01
7.977777777777778079e-01
7.977777777777778079e-01
7.977777777777778079e-01
7.975308641975308310e-01
7.975308641975308310e-01
7.975308641975308310e-01
7.972839506172839652e-01
7.972839506172839652e-01
7.972839506172839652e-01
7.970370370370369884e-01
7.967901234567901225e-01
7.965432098765432567e-01
7.962962962962962798e-01
7.962962962962962798e-01
7.960493827160494140e-01
7.958024691358024372e-01
7.955555555555555713e-01
7.948148148148148628e-01
7.945679012345678860e-01
7.943209876543210202e-01
7.940740740740740433e-01
7.938271604938271775e-01
7.935802469135802006e-01
7.933333333333333348e-01
7.933333333333333348e-01
7.928395061728394921e-01
7.925925925925926263e-01
7.923456790123456495e-01
7.920987654320987836e-01
7.920987654320987836e-01
7.920987654320987836e-01
7.918518518518518068e-01
7.918518518518518068e-01
7.916049382716049410e-01
7.916049382716049410e-01
7.913580246913580751e-01
7.906172839506172556e-01
7.903703703703703898e-01
7.901234567901234129e-01
7.898765432098765471e-01
7.896296296296296813e-01
7.893827160493827044e-01
7.891358024691358386e-01
7.891358024691358386e-01
7.886419753086419959e-01
7.883950617283950191e-01
7.879012345679012874e-01
7.876543209876543106e-01
7.876543209876543106e-01
7.874074074074074447e-01
7.874074074074074447e-01
7.871604938271604679e-01
7.871604938271604679e-01
7.869135802469136021e-01
7.866666666666666252e-01
7.866666666666666252e-01
7.864197530864197594e-01
7.864197530864197594e-01
7.864197530864197594e-01
7.861728395061728936e-01
7.859259259259259167e-01
7.856790123456790509e-01
7.854320987654320740e-01
7.851851851851852082e-01
7.849382716049382314e-01
7.846913580246913655e-01
7.844444444444444997e-01
7.844444444444444997e-01
7.841975308641975229e-01
7.841975308641975229e-01
7.839506172839506570e-01
7.837037037037036802e-01
7.834567901234568144e-01
7.832098765432098375e-01
7.829629629629629717e-01
7.829629629629629717e-01
7.827160493827159948e-01
7.827160493827159948e-01
7.824691358024691290e-01
7.822222222222222632e-01
7.817283950617284205e-01
7.814814814814814437e-01
7.809876543209876010e-01
7.807407407407407351e-01
7.807407407407407351e-01
7.804938271604938693e-01
7.802469135802468925e-01
7.800000000000000266e-01
7.785185185185184986e-01
7.782716049382716328e-01
7.780246913580246559e-01
7.780246913580246559e-01
7.777777777777777901e-01
7.777777777777777901e-01
7.775308641975308133e-01
7.772839506172839474e-01
7.772839506172839474e-01
7.772839506172839474e-01
7.770370370370370816e-01
7.767901234567901048e-01
7.767901234567901048e-01
7.762962962962962621e-01
7.760493827160493963e-01
7.760493827160493963e-01
7.758024691358024194e-01
7.758024691358024194e-01
7.758024691358024194e-01
7.758024691358024194e-01
7.755555555555555536e-01
7.755555555555555536e-01
7.753086419753086878e-01
7.753086419753086878e-01
7.750617283950617109e-01
7.750617283950617109e-01
7.750617283950617109e-01
7.748148148148148451e-01
7.745679012345678682e-01
7.743209876543210024e-01
7.740740740740740256e-01
7.738271604938271597e-01
7.738271604938271597e-01
7.730864197530864512e-01
7.728395061728394744e-01
7.728395061728394744e-01
7.728395061728394744e-01
7.725925925925926085e-01
7.723456790123456317e-01
7.723456790123456317e-01
7.723456790123456317e-01
7.723456790123456317e-01
7.720987654320987659e-01
7.718518518518519000e-01
7.718518518518519000e-01
7.718518518518519000e-01
7.716049382716049232e-01
7.713580246913580574e-01
7.711111111111110805e-01
7.711111111111110805e-01
7.711111111111110805e-01
7.711111111111110805e-01
7.711111111111110805e-01
7.708641975308642147e-01
7.706172839506172378e-01
7.703703703703703720e-01
7.701234567901235062e-01
7.701234567901235062e-01
7.698765432098765293e-01
7.696296296296296635e-01
7.696296296296296635e-01
7.693827160493826867e-01
7.693827160493826867e-01
7.693827160493826867e-01
7.693827160493826867e-01
7.691358024691358208e-01
7.688888888888888440e-01
7.688888888888888440e-01
7.688888888888888440e-01
7.688888888888888440e-01
7.688888888888888440e-01
7.686419753086419782e-01
7.686419753086419782e-01
7.686419753086419782e-01
7.686419753086419782e-01
7.686419753086419782e-01
7.681481481481481355e-01
7.681481481481481355e-01
7.676543209876542928e-01
7.674074074074074270e-01
7.674074074074074270e-01
7.671604938271604501e-01
7.669135802469135843e-01
7.666666666666667185e-01
7.666666666666667185e-01
7.664197530864197416e-01
7.661728395061728758e-01
7.656790123456790331e-01
7.654320987654320563e-01
7.651851851851851904e-01
7.651851851851851904e-01
7.651851851851851904e-01
7.651851851851851904e-01
7.651851851851851904e-01
7.649382716049383246e-01
7.649382716049383246e-01
7.646913580246913478e-01
7.644444444444444819e-01
7.641975308641975051e-01
7.639506172839506393e-01
7.637037037037036624e-01
7.634567901234567966e-01
7.634567901234567966e-01
7.634567901234567966e-01
7.632098765432099308e-01
7.629629629629629539e-01
7.627160493827160881e-01
7.627160493827160881e-01
7.624691358024691112e-01
7.622222222222222454e-01
7.619753086419752686e-01
7.617283950617284027e-01
7.614814814814815369e-01
7.614814814814815369e-01
7.612345679012345601e-01
7.612345679012345601e-01
7.609876543209876942e-01
7.607407407407407174e-01
7.607407407407407174e-01
7.607407407407407174e-01
7.607407407407407174e-01
7.604938271604938516e-01
7.604938271604938516e-01
7.604938271604938516e-01
7.597530864197530320e-01
7.595061728395061662e-01
7.592592592592593004e-01
7.592592592592593004e-01
7.590123456790123235e-01
7.587654320987654577e-01
7.585185185185184809e-01
7.582716049382716150e-01
7.580246913580246382e-01
7.577777777777777724e-01
7.575308641975309065e-01
7.572839506172839297e-01
7.570370370370370638e-01
7.567901234567900870e-01
7.565432098765432212e-01
7.565432098765432212e-01
7.565432098765432212e-01
7.562962962962962443e-01
7.562962962962962443e-01
7.560493827160493785e-01
7.558024691358025127e-01
7.558024691358025127e-01
7.555555555555555358e-01
7.553086419753086700e-01
7.553086419753086700e-01
7.550617283950616931e-01
7.548148148148148273e-01
7.543209876543209846e-01
7.533333333333332993e-01
7.530864197530864335e-01
7.528395061728394566e-01
7.525925925925925908e-01
7.525925925925925908e-01
7.525925925925925908e-01
7.525925925925925908e-01
7.525925925925925908e-01
7.523456790123457250e-01
7.520987654320987481e-01
7.516049382716049054e-01
7.516049382716049054e-01
7.516049382716049054e-01
7.511111111111110628e-01
7.508641975308641969e-01
7.506172839506173311e-01
7.506172839506173311e-01
7.503703703703703543e-01
7.503703703703703543e-01
7.503703703703703543e-01
7.503703703703703543e-01
7.503703703703703543e-01
7.501234567901234884e-01
7.498765432098765116e-01
7.496296296296296457e-01
7.493827160493826689e-01
7.491358024691358031e-01
7.491358024691358031e-01
7.491358024691358031e-01
7.488888888888889372e-01
7.486419753086419604e-01
7.486419753086419604e-01
7.483950617283950946e-01
7.483950617283950946e-01
7.476543209876542750e-01
7.476543209876542750e-01
7.476543209876542750e-01
7.476543209876542750e-01
7.474074074074074092e-01
7.471604938271605434e-01
7.469135802469135665e-01
7.466666666666667007e-01
7.466666666666667007e-01
7.464197530864197239e-01
7.461728395061728580e-01
7.459259259259258812e-01
7.459259259259258812e-01
7.456790123456790154e-01
7.454320987654321495e-01
7.451851851851851727e-01
7.449382716049383069e-01
7.446913580246913300e-01
7.444444444444444642e-01
7.444444444444444642e-01
7.444444444444444642e-01
7.441975308641974873e-01
7.439506172839506215e-01
7.437037037037037557e-01
7.432098765432099130e-01
7.432098765432099130e-01
7.432098765432099130e-01
7.429629629629629362e-01
7.427160493827160703e-01
7.427160493827160703e-01
7.427160493827160703e-01
7.427160493827160703e-01
7.424691358024690935e-01
7.419753086419753618e-01
7.417283950617283850e-01
7.417283950617283850e-01
7.414814814814815191e-01
7.414814814814815191e-01
7.412345679012345423e-01
7.412345679012345423e-01
7.412345679012345423e-01
7.409876543209876765e-01
7.407407407407406996e-01
7.404938271604938338e-01
7.402469135802469680e-01
7.399999999999999911e-01
7.397530864197531253e-01
7.397530864197531253e-01
7.387654320987654399e-01
7.385185185185184631e-01
7.382716049382715973e-01
7.380246913580247314e-01
7.377777777777777546e-01
7.375308641975308888e-01
7.375308641975308888e-01
7.372839506172839119e-01
7.370370370370370461e-01
7.367901234567900692e-01
7.365432098765432034e-01
7.360493827160493607e-01
7.360493827160493607e-01
7.355555555555555181e-01
7.350617283950616754e-01
7.348148148148148096e-01
7.345679012345679437e-01
7.343209876543209669e-01
7.340740740740741010e-01
7.338271604938271242e-01
7.338271604938271242e-01
7.338271604938271242e-01
7.338271604938271242e-01
7.338271604938271242e-01
7.335802469135802584e-01
7.333333333333332815e-01
7.333333333333332815e-01
7.330864197530864157e-01
7.330864197530864157e-01
7.330864197530864157e-01
7.328395061728395499e-01
7.328395061728395499e-01
7.325925925925925730e-01
7.323456790123457072e-01
7.323456790123457072e-01
7.318518518518518645e-01
7.318518518518518645e-01
7.318518518518518645e-01
7.316049382716048877e-01
7.313580246913580218e-01
7.313580246913580218e-01
7.311111111111111560e-01
7.306172839506173133e-01
7.303703703703703365e-01
7.301234567901234707e-01
7.301234567901234707e-01
7.298765432098764938e-01
7.296296296296296280e-01
7.293827160493827622e-01
7.291358024691357853e-01
7.288888888888889195e-01
7.288888888888889195e-01
7.288888888888889195e-01
7.286419753086419426e-01
7.283950617283950768e-01
7.281481481481481000e-01
7.279012345679012341e-01
7.276543209876543683e-01
7.274074074074073915e-01
7.271604938271605256e-01
7.269135802469135488e-01
7.266666666666666829e-01
7.264197530864197061e-01
7.261728395061728403e-01
7.259259259259259744e-01
7.259259259259259744e-01
7.256790123456789976e-01
7.254320987654321318e-01
7.251851851851851549e-01
7.249382716049382891e-01
7.249382716049382891e-01
7.246913580246913122e-01
7.244444444444444464e-01
7.244444444444444464e-01
7.244444444444444464e-01
7.241975308641975806e-01
7.239506172839506037e-01
7.239506172839506037e-01
7.237037037037037379e-01
7.234567901234567611e-01
7.232098765432098952e-01
7.229629629629629184e-01
7.229629629629629184e-01
7.229629629629629184e-01
7.229629629629629184e-01
7.229629629629629184e-01
7.227160493827160526e-01
7.227160493827160526e-01
7.227160493827160526e-01
7.227160493827160526e-01
7.227160493827160526e-01
7.227160493827160526e-01
7.222222222222222099e-01
7.222222222222222099e-01
7.219753086419753441e-01
7.219753086419753441e-01
7.217283950617283672e-01
7.214814814814815014e-01
7.212345679012345245e-01
7.209876543209876587e-01
7.207407407407407929e-01
7.207407407407407929e-01
7.204938271604938160e-01
7.204938271604938160e-01
7.204938271604938160e-01
7.202469135802469502e-01
7.202469135802469502e-01
7.202469135802469502e-01
7.199999999999999734e-01
7.197530864197531075e-01
7.197530864197531075e-01
7.197530864197531075e-01
7.195061728395061307e-01
7.192592592592592649e-01
7.192592592592592649e-01
7.192592592592592649e-01
7.192592592592592649e-01
7.190123456790123990e-01
7.187654320987654222e-01
7.185185185185185563e-01
7.182716049382715795e-01
7.180246913580247137e-01
7.177777777777777368e-01
7.170370370370370283e-01
7.162962962962963198e-01
7.160493827160493430e-01
7.153086419753086345e-01
7.153086419753086345e-01
7.150617283950617686e-01
7.148148148148147918e-01
7.145679012345679260e-01
7.143209876543209491e-01
7.140740740740740833e-01
7.138271604938271064e-01
7.135802469135802406e-01
7.133333333333333748e-01
7.130864197530863979e-01
7.128395061728395321e-01
7.125925925925925553e-01
7.120987654320987126e-01
7.120987654320987126e-01
7.120987654320987126e-01
7.118518518518518468e-01
7.116049382716049809e-01
7.113580246913580041e-01
7.111111111111111382e-01
7.108641975308641614e-01
7.106172839506172956e-01
7.106172839506172956e-01
7.101234567901234529e-01
7.098765432098765871e-01
7.096296296296296102e-01
7.096296296296296102e-01
7.093827160493827444e-01
7.091358024691357675e-01
7.088888888888889017e-01
7.054320987654321140e-01
7.051851851851851372e-01
7.049382716049382713e-01
7.049382716049382713e-01
7.046913580246914055e-01
7.044444444444444287e-01
7.039506172839505860e-01
7.037037037037037202e-01
7.034567901234567433e-01
7.029629629629630116e-01
7.027160493827160348e-01
7.024691358024691690e-01
7.024691358024691690e-01
7.022222222222221921e-01
7.019753086419753263e-01
7.017283950617283494e-01
7.014814814814814836e-01
7.012345679012346178e-01
7.002469135802469324e-01
6.999999999999999556e-01
6.999999999999999556e-01
6.997530864197530898e-01
6.995061728395062239e-01
6.990123456790123813e-01
6.987654320987654044e-01
6.985185185185185386e-01
6.982716049382715617e-01
6.982716049382715617e-01
6.980246913580246959e-01
6.977777777777778301e-01
6.975308641975308532e-01
6.972839506172839874e-01
6.972839506172839874e-01
6.970370370370370106e-01
6.967901234567901447e-01
6.965432098765431679e-01
6.962962962962963021e-01
6.960493827160494362e-01
6.960493827160494362e-01
6.940740740740740655e-01
6.935802469135802228e-01
6.933333333333333570e-01
6.930864197530863802e-01
6.928395061728395143e-01
6.925925925925925375e-01
6.923456790123456717e-01
6.920987654320988058e-01
6.920987654320988058e-01
6.920987654320988058e-01
6.918518518518518290e-01
6.916049382716049632e-01
6.911111111111111205e-01
6.908641975308641436e-01
6.903703703703704120e-01
6.901234567901234351e-01
6.898765432098765693e-01
6.896296296296295925e-01
6.886419753086420181e-01
6.886419753086420181e-01
6.883950617283950413e-01
6.881481481481481755e-01
6.881481481481481755e-01
6.879012345679011986e-01
6.876543209876543328e-01
6.874074074074073559e-01
6.871604938271604901e-01
6.869135802469136243e-01
6.866666666666666474e-01
6.861728395061728047e-01
6.859259259259259389e-01
6.851851851851852304e-01
6.846913580246913877e-01
6.839506172839505682e-01
6.837037037037037024e-01
6.834567901234568366e-01
6.832098765432098597e-01
6.824691358024691512e-01
6.822222222222221744e-01
6.822222222222221744e-01
6.819753086419753085e-01
6.819753086419753085e-01
6.817283950617284427e-01
6.814814814814814659e-01
6.807407407407407574e-01
6.804938271604937805e-01
6.804938271604937805e-01
6.802469135802469147e-01
6.802469135802469147e-01
6.800000000000000488e-01
6.800000000000000488e-01
6.800000000000000488e-01
6.797530864197530720e-01
6.795061728395062062e-01
6.792592592592592293e-01
6.792592592592592293e-01
6.790123456790123635e-01
6.787654320987653866e-01
6.782716049382716550e-01
6.780246913580246781e-01
6.780246913580246781e-01
6.777777777777778123e-01
6.775308641975308355e-01
6.775308641975308355e-01
6.772839506172839696e-01
6.770370370370369928e-01
6.767901234567901270e-01
6.765432098765432611e-01
6.765432098765432611e-01
6.762962962962962843e-01
6.762962962962962843e-01
6.760493827160494185e-01
6.750617283950617331e-01
6.748148148148148673e-01
6.745679012345678904e-01
6.743209876543210246e-01
6.740740740740740478e-01
6.735802469135802051e-01
6.733333333333333393e-01
6.730864197530864734e-01
6.730864197530864734e-01
6.728395061728394966e-01
6.728395061728394966e-01
6.725925925925926308e-01
6.723456790123456539e-01
6.716049382716049454e-01
6.713580246913580796e-01
6.711111111111111027e-01
6.708641975308642369e-01
6.706172839506172600e-01
6.703703703703703942e-01
6.701234567901234174e-01
6.701234567901234174e-01
6.698765432098765515e-01
6.698765432098765515e-01
6.696296296296295747e-01
6.696296296296295747e-01
6.693827160493827089e-01
6.691358024691358430e-01
6.688888888888888662e-01
6.686419753086420004e-01
6.683950617283950235e-01
6.683950617283950235e-01
6.679012345679011808e-01
6.676543209876543150e-01
6.674074074074074492e-01
6.664197530864197638e-01
6.661728395061727870e-01
6.659259259259259212e-01
6.656790123456790553e-01
6.654320987654320785e-01
6.651851851851852127e-01
6.649382716049382358e-01
6.649382716049382358e-01
6.649382716049382358e-01
6.646913580246913700e-01
6.644444444444443931e-01
6.644444444444443931e-01
6.641975308641975273e-01
6.641975308641975273e-01
6.639506172839506615e-01
6.637037037037036846e-01
6.632098765432098419e-01
6.629629629629629761e-01
6.627160493827159993e-01
6.624691358024691334e-01
6.622222222222222676e-01
6.619753086419752908e-01
6.617283950617284249e-01
6.612345679012345823e-01
6.609876543209876054e-01
6.607407407407407396e-01
6.604938271604938738e-01
6.602469135802468969e-01
6.600000000000000311e-01
6.597530864197530542e-01
6.595061728395061884e-01
6.592592592592592116e-01
6.592592592592592116e-01
6.590123456790123457e-01
6.587654320987654799e-01
6.585185185185185031e-01
6.582716049382716372e-01
6.577777777777777946e-01
6.567901234567901092e-01
6.565432098765432434e-01
6.565432098765432434e-01
6.562962962962962665e-01
6.560493827160494007e-01
6.558024691358024238e-01
6.555555555555555580e-01
6.553086419753086922e-01
6.545679012345678727e-01
6.543209876543210068e-01
6.540740740740740300e-01
6.538271604938271642e-01
6.538271604938271642e-01
6.535802469135802983e-01
6.530864197530864557e-01
6.528395061728394788e-01
6.518518518518519045e-01
6.516049382716049276e-01
6.513580246913580618e-01
6.511111111111110850e-01
6.508641975308642191e-01
6.508641975308642191e-01
6.508641975308642191e-01
6.506172839506172423e-01
6.503703703703703765e-01
6.501234567901235106e-01
6.498765432098765338e-01
6.491358024691358253e-01
6.488888888888888484e-01
6.486419753086419826e-01
6.481481481481481399e-01
6.479012345679012741e-01
6.476543209876542972e-01
6.474074074074074314e-01
6.471604938271604546e-01
6.466666666666666119e-01
6.466666666666666119e-01
6.464197530864197461e-01
6.434567901234568010e-01
6.432098765432098242e-01
6.429629629629629584e-01
6.429629629629629584e-01
6.427160493827160925e-01
6.424691358024691157e-01
6.422222222222222499e-01
6.414814814814814303e-01
6.412345679012345645e-01
6.409876543209876987e-01
6.407407407407407218e-01
6.404938271604938560e-01
6.402469135802468791e-01
6.400000000000000133e-01
6.397530864197530365e-01
6.395061728395061706e-01
6.395061728395061706e-01
6.372839506172839341e-01
6.372839506172839341e-01
6.367901234567900914e-01
6.365432098765432256e-01
6.358024691358025171e-01
6.355555555555555403e-01
6.338271604938271464e-01
6.335802469135802806e-01
6.333333333333333037e-01
6.330864197530864379e-01
6.328395061728394611e-01
6.325925925925925952e-01
6.323456790123457294e-01
6.320987654320987525e-01
6.318518518518518867e-01
6.313580246913580440e-01
6.313580246913580440e-01
6.313580246913580440e-01
6.311111111111110672e-01
6.308641975308642014e-01
6.293827160493826733e-01
6.293827160493826733e-01
6.291358024691358075e-01
6.291358024691358075e-01
6.291358024691358075e-01
6.288888888888889417e-01
6.281481481481481222e-01
6.276543209876542795e-01
6.274074074074074137e-01
6.271604938271605478e-01
6.269135802469135710e-01
6.266666666666667052e-01
6.264197530864197283e-01
6.264197530864197283e-01
6.261728395061728625e-01
6.261728395061728625e-01
6.259259259259258856e-01
6.256790123456790198e-01
6.251851851851851771e-01
6.249382716049383113e-01
6.246913580246913344e-01
6.244444444444444686e-01
6.241975308641974918e-01
6.239506172839506259e-01
6.239506172839506259e-01
6.239506172839506259e-01
6.237037037037036491e-01
6.234567901234567833e-01
6.229629629629629406e-01
6.227160493827160748e-01
6.227160493827160748e-01
6.224691358024690979e-01
6.222222222222222321e-01
6.222222222222222321e-01
6.219753086419752552e-01
6.214814814814815236e-01
6.212345679012345467e-01
6.209876543209876809e-01
6.207407407407407041e-01
6.207407407407407041e-01
6.204938271604938382e-01
6.204938271604938382e-01
6.202469135802468614e-01
6.202469135802468614e-01
6.202469135802468614e-01
6.202469135802468614e-01
6.197530864197531297e-01
6.192592592592592871e-01
6.187654320987654444e-01
6.187654320987654444e-01
6.187654320987654444e-01
6.187654320987654444e-01
6.185185185185184675e-01
6.182716049382716017e-01
6.180246913580247359e-01
6.177777777777777590e-01
6.175308641975308932e-01
6.167901234567900737e-01
6.165432098765432078e-01
6.160493827160493652e-01
6.155555555555555225e-01
6.153086419753086567e-01
6.150617283950616798e-01
6.150617283950616798e-01
6.150617283950616798e-01
6.148148148148148140e-01
6.145679012345679482e-01
6.140740740740741055e-01
6.135802469135802628e-01
6.133333333333332860e-01
6.130864197530864201e-01
6.128395061728395543e-01
6.125925925925925775e-01
6.123456790123457116e-01
6.123456790123457116e-01
6.123456790123457116e-01
6.113580246913580263e-01
6.111111111111111605e-01
6.108641975308641836e-01
6.106172839506173178e-01
6.103703703703703409e-01
6.103703703703703409e-01
6.103703703703703409e-01
6.098765432098764983e-01
6.096296296296296324e-01
6.093827160493827666e-01
6.091358024691357897e-01
6.088888888888889239e-01
6.086419753086419471e-01
6.086419753086419471e-01
6.083950617283950812e-01
6.081481481481481044e-01
6.081481481481481044e-01
6.081481481481481044e-01
6.076543209876543727e-01
6.074074074074073959e-01
6.074074074074073959e-01
6.071604938271605301e-01
6.069135802469135532e-01
6.069135802469135532e-01
6.069135802469135532e-01
6.069135802469135532e-01
6.066666666666666874e-01
6.066666666666666874e-01
6.066666666666666874e-01
6.066666666666666874e-01
6.066666666666666874e-01
6.064197530864197105e-01
6.064197530864197105e-01
6.061728395061728447e-01
6.059259259259259789e-01
6.059259259259259789e-01
6.056790123456790020e-01
6.054320987654321362e-01
6.054320987654321362e-01
6.051851851851851594e-01
6.049382716049382935e-01
6.046913580246913167e-01
6.044444444444444509e-01
6.029629629629629228e-01
6.029629629629629228e-01
6.027160493827160570e-01
6.024691358024691912e-01
6.024691358024691912e-01
6.024691358024691912e-01
6.024691358024691912e-01
6.022222222222222143e-01
6.019753086419753485e-01
6.017283950617283717e-01
6.014814814814815058e-01
6.012345679012345290e-01
6.012345679012345290e-01
6.009876543209876631e-01
6.009876543209876631e-01
6.007407407407406863e-01
6.004938271604938205e-01
6.004938271604938205e-01
6.002469135802469546e-01
5.999999999999999778e-01
5.999999999999999778e-01
5.999999999999999778e-01
5.997530864197531120e-01
5.995061728395061351e-01
5.992592592592592693e-01
5.990123456790122924e-01
5.987654320987654266e-01
5.985185185185185608e-01
5.982716049382715839e-01
5.977777777777777413e-01
5.977777777777777413e-01
5.972839506172838986e-01
5.972839506172838986e-01
5.970370370370370328e-01
5.967901234567901669e-01
5.967901234567901669e-01
5.965432098765431901e-01
5.965432098765431901e-01
5.965432098765431901e-01
5.962962962962963243e-01
5.962962962962963243e-01
5.960493827160493474e-01
5.958024691358024816e-01
5.958024691358024816e-01
5.958024691358024816e-01
5.958024691358024816e-01
5.958024691358024816e-01
5.955555555555555047e-01
5.955555555555555047e-01
5.953086419753086389e-01
5.950617283950617731e-01
5.948148148148147962e-01
5.948148148148147962e-01
5.948148148148147962e-01
5.945679012345679304e-01
5.945679012345679304e-01
5.943209876543209536e-01
5.940740740740740877e-01
5.938271604938271109e-01
5.935802469135802450e-01
5.933333333333333792e-01
5.930864197530864024e-01
5.925925925925925597e-01
5.925925925925925597e-01
5.923456790123456939e-01
5.923456790123456939e-01
5.923456790123456939e-01
5.920987654320987170e-01
5.918518518518518512e-01
5.916049382716049854e-01
5.913580246913580085e-01
5.911111111111111427e-01
5.908641975308641658e-01
5.908641975308641658e-01
5.906172839506173000e-01
5.903703703703703232e-01
5.901234567901234573e-01
5.898765432098765915e-01
5.898765432098765915e-01
5.896296296296296147e-01
5.893827160493827488e-01
5.893827160493827488e-01
5.893827160493827488e-01
5.891358024691357720e-01
5.888888888888889062e-01
5.886419753086419293e-01
5.886419753086419293e-01
5.886419753086419293e-01
5.886419753086419293e-01
5.883950617283950635e-01
5.883950617283950635e-01
5.883950617283950635e-01
5.883950617283950635e-01
5.881481481481481977e-01
5.881481481481481977e-01
5.879012345679012208e-01
5.879012345679012208e-01
5.876543209876543550e-01
5.874074074074073781e-01
5.871604938271605123e-01
5.869135802469135355e-01
5.866666666666666696e-01
5.866666666666666696e-01
5.864197530864198038e-01
5.861728395061728270e-01
5.859259259259259611e-01
5.859259259259259611e-01
5.859259259259259611e-01
5.859259259259259611e-01
5.856790123456789843e-01
5.854320987654321184e-01
5.851851851851851416e-01
5.851851851851851416e-01
5.851851851851851416e-01
5.851851851851851416e-01
5.851851851851851416e-01
5.851851851851851416e-01
5.851851851851851416e-01
5.851851851851851416e-01
5.849382716049382758e-01
5.846913580246914099e-01
5.844444444444444331e-01
5.841975308641975673e-01
5.839506172839505904e-01
5.839506172839505904e-01
5.839506172839505904e-01
5.837037037037037246e-01
5.834567901234567477e-01
5.834567901234567477e-01
5.832098765432098819e-01
5.832098765432098819e-01
5.829629629629630161e-01
5.829629629629630161e-01
5.827160493827160392e-01
5.824691358024691734e-01
5.824691358024691734e-01
5.824691358024691734e-01
5.822222222222221966e-01
5.819753086419753307e-01
5.817283950617283539e-01
5.817283950617283539e-01
5.817283950617283539e-01
5.814814814814814881e-01
5.812345679012346222e-01
5.809876543209876454e-01
5.809876543209876454e-01
5.807407407407407796e-01
5.807407407407407796e-01
5.807407407407407796e-01
5.804938271604938027e-01
5.802469135802469369e-01
5.799999999999999600e-01
5.797530864197530942e-01
5.797530864197530942e-01
5.795061728395061174e-01
5.795061728395061174e-01
5.792592592592592515e-01
5.792592592592592515e-01
5.790123456790123857e-01
5.787654320987654089e-01
5.785185185185185430e-01
5.782716049382715662e-01
5.782716049382715662e-01
5.782716049382715662e-01
5.782716049382715662e-01
5.782716049382715662e-01
5.782716049382715662e-01
5.780246913580247003e-01
5.777777777777777235e-01
5.777777777777777235e-01
5.775308641975308577e-01
5.775308641975308577e-01
5.775308641975308577e-01
5.775308641975308577e-01
5.775308641975308577e-01
5.775308641975308577e-01
5.772839506172839918e-01
5.772839506172839918e-01
5.770370370370370150e-01
5.767901234567901492e-01
5.767901234567901492e-01
5.765432098765431723e-01
5.762962962962963065e-01
5.762962962962963065e-01
5.760493827160493296e-01
5.760493827160493296e-01
5.760493827160493296e-01
5.760493827160493296e-01
5.758024691358024638e-01
5.755555555555555980e-01
5.753086419753086211e-01
5.750617283950617553e-01
5.748148148148147785e-01
5.748148148148147785e-01
5.745679012345679126e-01
5.745679012345679126e-01
5.743209876543209358e-01
5.743209876543209358e-01
5.740740740740740700e-01
5.740740740740740700e-01
5.740740740740740700e-01
5.738271604938272041e-01
5.738271604938272041e-01
5.735802469135802273e-01
5.735802469135802273e-01
5.733333333333333615e-01
5.730864197530863846e-01
5.728395061728395188e-01
5.725925925925925419e-01
5.723456790123456761e-01
5.720987654320988103e-01
5.720987654320988103e-01
5.718518518518518334e-01
5.718518518518518334e-01
5.718518518518518334e-01
5.716049382716049676e-01
5.713580246913579908e-01
5.711111111111111249e-01
5.708641975308641481e-01
5.706172839506172823e-01
5.706172839506172823e-01
5.706172839506172823e-01
5.703703703703704164e-01
5.701234567901234396e-01
5.698765432098765737e-01
5.696296296296295969e-01
5.693827160493827311e-01
5.693827160493827311e-01
5.691358024691357542e-01
5.688888888888888884e-01
5.686419753086420226e-01
5.683950617283950457e-01
5.681481481481481799e-01
5.679012345679012030e-01
5.676543209876543372e-01
5.674074074074073604e-01
5.671604938271604945e-01
5.671604938271604945e-01
5.669135802469136287e-01
5.669135802469136287e-01
5.666666666666666519e-01
5.664197530864197860e-01
5.664197530864197860e-01
5.664197530864197860e-01
5.661728395061728092e-01
5.659259259259259434e-01
5.656790123456789665e-01
5.654320987654321007e-01
5.651851851851852349e-01
5.649382716049382580e-01
5.646913580246913922e-01
5.644444444444444153e-01
5.641975308641975495e-01
5.641975308641975495e-01
5.639506172839505727e-01
5.634567901234568410e-01
5.634567901234568410e-01
5.632098765432098642e-01
5.629629629629629983e-01
5.629629629629629983e-01
5.627160493827160215e-01
5.624691358024691556e-01
5.622222222222221788e-01
5.619753086419753130e-01
5.617283950617284471e-01
5.614814814814814703e-01
5.612345679012346045e-01
5.609876543209876276e-01
5.607407407407407618e-01
5.604938271604937849e-01
5.602469135802469191e-01
5.602469135802469191e-01
5.600000000000000533e-01
5.597530864197530764e-01
5.595061728395062106e-01
5.595061728395062106e-01
5.592592592592592338e-01
5.592592592592592338e-01
5.592592592592592338e-01
5.592592592592592338e-01
5.590123456790123679e-01
5.587654320987653911e-01
5.582716049382716594e-01
5.580246913580246826e-01
5.580246913580246826e-01
5.577777777777778168e-01
5.575308641975308399e-01
5.575308641975308399e-01
5.572839506172839741e-01
5.570370370370369972e-01
5.565432098765431546e-01
5.565432098765431546e-01
5.562962962962962887e-01
5.560493827160494229e-01
5.558024691358024461e-01
5.555555555555555802e-01
5.553086419753086034e-01
5.550617283950617376e-01
5.550617283950617376e-01
5.548148148148147607e-01
5.545679012345678949e-01
5.543209876543210290e-01
5.540740740740740522e-01
5.538271604938271864e-01
5.538271604938271864e-01
5.535802469135802095e-01
5.533333333333333437e-01
5.530864197530863668e-01
5.528395061728395010e-01
5.525925925925926352e-01
5.523456790123456583e-01
5.523456790123456583e-01
5.520987654320987925e-01
5.518518518518518157e-01
5.518518518518518157e-01
5.518518518518518157e-01
5.516049382716049498e-01
5.513580246913579730e-01
5.513580246913579730e-01
5.513580246913579730e-01
5.511111111111111072e-01
5.508641975308642413e-01
5.508641975308642413e-01
5.506172839506172645e-01
5.503703703703703987e-01
5.503703703703703987e-01
5.486419753086420048e-01
5.486419753086420048e-01
5.486419753086420048e-01
5.486419753086420048e-01
5.486419753086420048e-01
5.483950617283950280e-01
5.481481481481481621e-01
5.479012345679011853e-01
5.476543209876543195e-01
5.474074074074074536e-01
5.471604938271604768e-01
5.469135802469136109e-01
5.464197530864197683e-01
5.464197530864197683e-01
5.464197530864197683e-01
5.461728395061727914e-01
5.461728395061727914e-01
5.461728395061727914e-01
5.461728395061727914e-01
5.461728395061727914e-01
5.459259259259259256e-01
5.456790123456790598e-01
5.456790123456790598e-01
5.454320987654320829e-01
5.449382716049382402e-01
5.444444444444443976e-01
5.439506172839506659e-01
5.437037037037036891e-01
5.437037037037036891e-01
5.437037037037036891e-01
5.434567901234568232e-01
5.429629629629629806e-01
5.427160493827160037e-01
5.427160493827160037e-01
5.424691358024691379e-01
5.422222222222222721e-01
5.419753086419752952e-01
5.414814814814814525e-01
5.412345679012345867e-01
5.397530864197530587e-01
5.397530864197530587e-01
5.397530864197530587e-01
5.395061728395061929e-01
5.395061728395061929e-01
5.392592592592592160e-01
5.385185185185185075e-01
5.380246913580246648e-01
5.377777777777777990e-01
5.375308641975308221e-01
5.355555555555555625e-01
5.353086419753086966e-01
5.348148148148148540e-01
5.343209876543210113e-01
5.338271604938271686e-01
5.323456790123456406e-01
5.316049382716049321e-01
5.303703703703703809e-01
5.301234567901234040e-01
5.298765432098765382e-01
5.291358024691358297e-01
5.286419753086419870e-01
5.281481481481481444e-01
5.246913580246913567e-01
5.237037037037036713e-01
5.214814814814814348e-01
5.207407407407407263e-01
5.187654320987654666e-01
5.145679012345678593e-01
5.066666666666667096e-01
5.000000000000000000e-01
4.908641975308641880e-01
4.755555555555555647e-01
0.000000000000000000e+00
