1.000000000000000000e+00
9.888888888888889284e-01
9.888888888888889284e-01
9.888888888888889284e-01
9.888888888888889284e-01
9.888888888888889284e-01
9.888888888888889284e-01
9.888888888888889284e-01
9.888888888888889284e-01
9.888888888888889284e-01
9.888888888888889284e-01
9.888888888888889284e-01
9.888888888888889284e-01
9.888888888888889284e-01
9.888888888888889284e-01
9.888888888888889284e-01
9.888888888888889284e-01
9.888888888888889284e-01
9.888888888888889284e-01
9.888888888888889284e-01
9.888888888888889284e-01
9.888888888888889284e-01
9.866666666666666918e-01
9.866666666666666918e-01
9.866666666666666918e-01
9.866666666666666918e-01
9.866666666666666918e-01
9.866666666666666918e-01
9.866666666666666918e-01
9.866666666666666918e-01
9.866666666666666918e-01
9.844444444444444553e-01
9.844444444444444553e-01
9.822222222222222188e-01
9.822222222222222188e-01
9.822222222222222188e-01
9.822222222222222188e-01
9.822222222222222188e-01
9.822222222222222188e-01
9.822222222222222188e-01
9.822222222222222188e-01
9.822222222222222188e-01
9.822222222222222188e-01
9.822222222222222188e-01
9.822222222222222188e-01
9.822222222222222188e-01
9.822222222222222188e-01
9.822222222222222188e-01
9.822222222222222188e-01
9.822222222222222188e-01
9.822222222222222188e-01
9.822222222222222188e-01
9.822222222222222188e-01
9.822222222222222188e-01
9.822222222222222188e-01
9.822222222222222188e-01
9.822222222222222188e-01
9.822222222222222188e-01
9.822222222222222188e-01
9.822222222222222188e-01
9.799999999999999822e-01
9.799999999999999822e-01
9.799999999999999822e-01
9.799999999999999822e-01
9.777777777777777457e-01
9.777777777777777457e-01
9.777777777777777457e-01
9.777777777777777457e-01
9.777777777777777457e-01
9.755555555555555092e-01
9.733333333333333837e-01
9.733333333333333837e-01
9.733333333333333837e-01
9.733333333333333837e-01
9.733333333333333837e-01
9.711111111111111471e-01
9.711111111111111471e-01
9.711111111111111471e-01
9.711111111111111471e-01
9.711111111111111471e-01
9.711111111111111471e-01
9.711111111111111471e-01
9.688888888888889106e-01
9.688888888888889106e-01
9.688888888888889106e-01
9.688888888888889106e-01
9.688888888888889106e-01
9.688888888888889106e-01
9.688888888888889106e-01
9.688888888888889106e-01
9.688888888888889106e-01
9.666666666666666741e-01
9.644444444444444375e-01
9.644444444444444375e-01
9.622222222222222010e-01
9.622222222222222010e-01
9.622222222222222010e-01
9.622222222222222010e-01
9.622222222222222010e-01
9.622222222222222010e-01
9.622222222222222010e-01
9.599999999999999645e-01
9.599999999999999645e-01
9.577777777777777279e-01
9.577777777777777279e-01
9.577777777777777279e-01
9.577777777777777279e-01
9.577777777777777279e-01
9.577777777777777279e-01
9.577777777777777279e-01
9.577777777777777279e-01
9.577777777777777279e-01
9.577777777777777279e-01
9.577777777777777279e-01
9.577777777777777279e-01
9.577777777777777279e-01
9.577777777777777279e-01
9.577777777777777279e-01
9.577777777777777279e-01
9.577777777777777279e-01
9.577777777777777279e-01
9.577777777777777279e-01
9.577777777777777279e-01
9.577777777777777279e-01
9.577777777777777279e-01
9.555555555555556024e-01
9.555555555555556024e-01
9.555555555555556024e-01
9.555555555555556024e-01
9.555555555555556024e-01
9.555555555555556024e-01
9.533333333333333659e-01
9.533333333333333659e-01
9.533333333333333659e-01
9.533333333333333659e-01
9.533333333333333659e-01
9.533333333333333659e-01
9.533333333333333659e-01
9.533333333333333659e-01
9.533333333333333659e-01
9.533333333333333659e-01
9.511111111111111294e-01
9.511111111111111294e-01
9.511111111111111294e-01
9.511111111111111294e-01
9.488888888888888928e-01
9.488888888888888928e-01
9.466666666666666563e-01
9.444444444444444198e-01
9.444444444444444198e-01
9.444444444444444198e-01
9.444444444444444198e-01
9.444444444444444198e-01
9.444444444444444198e-01
9.444444444444444198e-01
9.444444444444444198e-01
9.444444444444444198e-01
9.444444444444444198e-01
9.444444444444444198e-01
9.422222222222221832e-01
9.422222222222221832e-01
9.422222222222221832e-01
9.422222222222221832e-01
9.422222222222221832e-01
9.422222222222221832e-01
9.422222222222221832e-01
9.422222222222221832e-01
9.422222222222221832e-01
9.399999999999999467e-01
9.399999999999999467e-01
9.399999999999999467e-01
9.399999999999999467e-01
9.399999999999999467e-01
9.377777777777778212e-01
9.377777777777778212e-01
9.377777777777778212e-01
9.377777777777778212e-01
9.355555555555555847e-01
9.355555555555555847e-01
9.355555555555555847e-01
9.355555555555555847e-01
9.333333333333333481e-01
9.333333333333333481e-01
9.333333333333333481e-01
9.333333333333333481e-01
9.333333333333333481e-01
9.333333333333333481e-01
9.333333333333333481e-01
9.333333333333333481e-01
9.333333333333333481e-01
9.333333333333333481e-01
9.333333333333333481e-01
9.333333333333333481e-01
9.333333333333333481e-01
9.333333333333333481e-01
9.333333333333333481e-01
9.333333333333333481e-01
9.333333333333333481e-01
9.333333333333333481e-01
9.333333333333333481e-01
9.333333333333333481e-01
9.311111111111111116e-01
9.311111111111111116e-01
9.288888888888888751e-01
9.288888888888888751e-01
9.288888888888888751e-01
9.288888888888888751e-01
9.288888888888888751e-01
9.288888888888888751e-01
9.288888888888888751e-01
9.288888888888888751e-01
9.288888888888888751e-01
9.288888888888888751e-01
9.288888888888888751e-01
9.288888888888888751e-01
9.288888888888888751e-01
9.288888888888888751e-01
9.266666666666666385e-01
9.244444444444444020e-01
9.244444444444444020e-01
9.222222222222222765e-01
9.222222222222222765e-01
9.222222222222222765e-01
9.222222222222222765e-01
9.222222222222222765e-01
9.200000000000000400e-01
9.200000000000000400e-01
9.200000000000000400e-01
9.200000000000000400e-01
9.200000000000000400e-01
9.200000000000000400e-01
9.177777777777778034e-01
9.155555555555555669e-01
9.133333333333333304e-01
9.133333333333333304e-01
9.111111111111110938e-01
9.111111111111110938e-01
9.111111111111110938e-01
9.111111111111110938e-01
9.088888888888888573e-01
9.066666666666666208e-01
9.044444444444444953e-01
9.022222222222222587e-01
9.022222222222222587e-01
9.022222222222222587e-01
9.000000000000000222e-01
9.000000000000000222e-01
8.977777777777777857e-01
8.955555555555555491e-01
8.933333333333333126e-01
8.911111111111110761e-01
8.911111111111110761e-01
8.911111111111110761e-01
8.888888888888888395e-01
8.888888888888888395e-01
8.888888888888888395e-01
8.866666666666667140e-01
8.866666666666667140e-01
8.866666666666667140e-01
8.866666666666667140e-01
8.844444444444444775e-01
8.844444444444444775e-01
8.844444444444444775e-01
8.822222222222222410e-01
8.800000000000000044e-01
8.800000000000000044e-01
8.777777777777777679e-01
8.777777777777777679e-01
8.755555555555555314e-01
8.733333333333332948e-01
8.733333333333332948e-01
8.733333333333332948e-01
8.733333333333332948e-01
8.733333333333332948e-01
8.733333333333332948e-01
8.733333333333332948e-01
8.711111111111110583e-01
8.688888888888889328e-01
8.666666666666666963e-01
8.644444444444444597e-01
8.644444444444444597e-01
8.644444444444444597e-01
8.622222222222222232e-01
8.622222222222222232e-01
8.622222222222222232e-01
8.599999999999999867e-01
8.577777777777777501e-01
8.555555555555555136e-01
8.533333333333333881e-01
8.511111111111111516e-01
8.511111111111111516e-01
8.488888888888889150e-01
8.488888888888889150e-01
8.466666666666666785e-01
8.444444444444444420e-01
8.444444444444444420e-01
8.444444444444444420e-01
8.444444444444444420e-01
8.444444444444444420e-01
8.444444444444444420e-01
8.444444444444444420e-01
8.444444444444444420e-01
8.422222222222222054e-01
8.422222222222222054e-01
8.399999999999999689e-01
8.399999999999999689e-01
8.399999999999999689e-01
8.399999999999999689e-01
8.377777777777777324e-01
8.355555555555556069e-01
8.355555555555556069e-01
8.333333333333333703e-01
8.311111111111111338e-01
8.311111111111111338e-01
8.311111111111111338e-01
8.288888888888888973e-01
8.266666666666666607e-01
8.266666666666666607e-01
8.244444444444444242e-01
8.244444444444444242e-01
8.244444444444444242e-01
8.222222222222221877e-01
8.222222222222221877e-01
8.222222222222221877e-01
8.222222222222221877e-01
8.222222222222221877e-01
8.222222222222221877e-01
8.222222222222221877e-01
8.199999999999999512e-01
8.177777777777778256e-01
8.177777777777778256e-01
8.155555555555555891e-01
8.133333333333333526e-01
8.111111111111111160e-01
8.088888888888888795e-01
8.066666666666666430e-01
8.044444444444444065e-01
8.022222222222221699e-01
8.000000000000000444e-01
7.977777777777778079e-01
7.955555555555555713e-01
7.933333333333333348e-01
7.911111111111110983e-01
7.888888888888888618e-01
7.888888888888888618e-01
7.866666666666666252e-01
7.822222222222222632e-01
7.822222222222222632e-01
7.800000000000000266e-01
7.800000000000000266e-01
7.777777777777777901e-01
7.777777777777777901e-01
7.755555555555555536e-01
7.733333333333333171e-01
7.733333333333333171e-01
7.733333333333333171e-01
7.711111111111110805e-01
7.688888888888888440e-01
7.666666666666667185e-01
7.644444444444444819e-01
7.644444444444444819e-01
7.622222222222222454e-01
7.600000000000000089e-01
7.600000000000000089e-01
7.577777777777777724e-01
7.555555555555555358e-01
7.555555555555555358e-01
7.533333333333332993e-01
7.511111111111110628e-01
7.488888888888889372e-01
7.466666666666667007e-01
7.466666666666667007e-01
7.444444444444444642e-01
7.444444444444444642e-01
7.422222222222222276e-01
7.399999999999999911e-01
7.377777777777777546e-01
7.355555555555555181e-01
7.333333333333332815e-01
7.311111111111111560e-01
7.311111111111111560e-01
7.288888888888889195e-01
7.266666666666666829e-01
7.244444444444444464e-01
7.222222222222222099e-01
7.222222222222222099e-01
7.222222222222222099e-01
7.199999999999999734e-01
7.177777777777777368e-01
7.177777777777777368e-01
7.177777777777777368e-01
7.155555555555555003e-01
7.133333333333333748e-01
7.111111111111111382e-01
7.088888888888889017e-01
7.088888888888889017e-01
7.044444444444444287e-01
7.022222222222221921e-01
6.999999999999999556e-01
6.999999999999999556e-01
6.977777777777778301e-01
6.933333333333333570e-01
6.911111111111111205e-01
6.888888888888888840e-01
6.866666666666666474e-01
6.844444444444444109e-01
6.822222222222221744e-01
6.822222222222221744e-01
6.777777777777778123e-01
6.755555555555555758e-01
6.733333333333333393e-01
6.711111111111111027e-01
6.688888888888888662e-01
6.666666666666666297e-01
6.644444444444443931e-01
6.622222222222222676e-01
6.622222222222222676e-01
6.600000000000000311e-01
6.577777777777777946e-01
6.555555555555555580e-01
6.511111111111110850e-01
6.488888888888888484e-01
6.466666666666666119e-01
6.444444444444444864e-01
6.400000000000000133e-01
6.377777777777777768e-01
6.355555555555555403e-01
6.333333333333333037e-01
6.288888888888889417e-01
6.266666666666667052e-01
6.266666666666667052e-01
6.244444444444444686e-01
6.199999999999999956e-01
6.177777777777777590e-01
6.177777777777777590e-01
6.155555555555555225e-01
6.133333333333332860e-01
6.111111111111111605e-01
6.088888888888889239e-01
6.088888888888889239e-01
6.066666666666666874e-01
6.044444444444444509e-01
6.022222222222222143e-01
5.999999999999999778e-01
5.977777777777777413e-01
5.955555555555555047e-01
5.955555555555555047e-01
5.933333333333333792e-01
5.933333333333333792e-01
5.911111111111111427e-01
5.888888888888889062e-01
5.866666666666666696e-01
5.866666666666666696e-01
5.844444444444444331e-01
5.844444444444444331e-01
5.844444444444444331e-01
5.844444444444444331e-01
5.822222222222221966e-01
5.799999999999999600e-01
5.777777777777777235e-01
5.777777777777777235e-01
5.777777777777777235e-01
5.755555555555555980e-01
5.755555555555555980e-01
5.733333333333333615e-01
5.711111111111111249e-01
5.688888888888888884e-01
5.666666666666666519e-01
5.644444444444444153e-01
5.622222222222221788e-01
5.600000000000000533e-01
5.577777777777778168e-01
5.577777777777778168e-01
5.555555555555555802e-01
5.533333333333333437e-01
5.511111111111111072e-01
5.488888888888888706e-01
5.488888888888888706e-01
5.466666666666666341e-01
5.444444444444443976e-01
5.444444444444443976e-01
5.422222222222222721e-01
5.400000000000000355e-01
5.266666666666666163e-01
5.244444444444444908e-01
5.177777777777777812e-01
5.088888888888888351e-01
5.066666666666667096e-01
4.977777777777777635e-01
4.911111111111111094e-01
4.799999999999999822e-01
0.000000000000000000e+00
