1.000000000000000000e+00
9.903703703703703454e-01
9.896296296296296369e-01
9.896296296296296369e-01
9.896296296296296369e-01
9.896296296296296369e-01
9.896296296296296369e-01
9.896296296296296369e-01
9.896296296296296369e-01
9.896296296296296369e-01
9.896296296296296369e-01
9.896296296296296369e-01
9.896296296296296369e-01
9.896296296296296369e-01
9.896296296296296369e-01
9.896296296296296369e-01
9.896296296296296369e-01
9.896296296296296369e-01
9.896296296296296369e-01
9.896296296296296369e-01
9.896296296296296369e-01
9.888888888888889284e-01
9.888888888888889284e-01
9.888888888888889284e-01
9.888888888888889284e-01
9.888888888888889284e-01
9.888888888888889284e-01
9.888888888888889284e-01
9.888888888888889284e-01
9.888888888888889284e-01
9.888888888888889284e-01
9.888888888888889284e-01
9.888888888888889284e-01
9.888888888888889284e-01
9.888888888888889284e-01
9.888888888888889284e-01
9.888888888888889284e-01
9.888888888888889284e-01
9.874074074074074003e-01
9.874074074074074003e-01
9.874074074074074003e-01
9.866666666666666918e-01
9.859259259259258723e-01
9.851851851851851638e-01
9.851851851851851638e-01
9.851851851851851638e-01
9.851851851851851638e-01
9.851851851851851638e-01
9.851851851851851638e-01
9.851851851851851638e-01
9.851851851851851638e-01
9.851851851851851638e-01
9.844444444444444553e-01
9.844444444444444553e-01
9.837037037037037468e-01
9.837037037037037468e-01
9.837037037037037468e-01
9.837037037037037468e-01
9.837037037037037468e-01
9.837037037037037468e-01
9.829629629629629273e-01
9.829629629629629273e-01
9.829629629629629273e-01
9.829629629629629273e-01
9.829629629629629273e-01
9.822222222222222188e-01
9.822222222222222188e-01
9.822222222222222188e-01
9.822222222222222188e-01
9.822222222222222188e-01
9.822222222222222188e-01
9.822222222222222188e-01
9.822222222222222188e-01
9.822222222222222188e-01
9.822222222222222188e-01
9.822222222222222188e-01
9.822222222222222188e-01
9.822222222222222188e-01
9.822222222222222188e-01
9.822222222222222188e-01
9.822222222222222188e-01
9.822222222222222188e-01
9.822222222222222188e-01
9.822222222222222188e-01
9.822222222222222188e-01
9.822222222222222188e-01
9.814814814814815103e-01
9.814814814814815103e-01
9.814814814814815103e-01
9.814814814814815103e-01
9.814814814814815103e-01
9.814814814814815103e-01
9.814814814814815103e-01
9.814814814814815103e-01
9.814814814814815103e-01
9.807407407407406907e-01
9.807407407407406907e-01
9.807407407407406907e-01
9.807407407407406907e-01
9.807407407407406907e-01
9.807407407407406907e-01
9.807407407407406907e-01
9.807407407407406907e-01
9.807407407407406907e-01
9.807407407407406907e-01
9.799999999999999822e-01
9.799999999999999822e-01
9.799999999999999822e-01
9.799999999999999822e-01
9.799999999999999822e-01
9.799999999999999822e-01
9.799999999999999822e-01
9.799999999999999822e-01
9.799999999999999822e-01
9.799999999999999822e-01
9.799999999999999822e-01
9.799999999999999822e-01
9.799999999999999822e-01
9.799999999999999822e-01
9.799999999999999822e-01
9.799999999999999822e-01
9.799999999999999822e-01
9.799999999999999822e-01
9.799999999999999822e-01
9.799999999999999822e-01
9.799999999999999822e-01
9.799999999999999822e-01
9.799999999999999822e-01
9.799999999999999822e-01
9.792592592592592737e-01
9.792592592592592737e-01
9.792592592592592737e-01
9.792592592592592737e-01
9.792592592592592737e-01
9.792592592592592737e-01
9.792592592592592737e-01
9.785185185185185652e-01
9.777777777777777457e-01
9.770370370370370372e-01
9.770370370370370372e-01
9.762962962962963287e-01
9.755555555555555092e-01
9.748148148148148007e-01
9.748148148148148007e-01
9.748148148148148007e-01
9.748148148148148007e-01
9.740740740740740922e-01
9.740740740740740922e-01
9.740740740740740922e-01
9.740740740740740922e-01
9.740740740740740922e-01
9.740740740740740922e-01
9.740740740740740922e-01
9.740740740740740922e-01
9.733333333333333837e-01
9.733333333333333837e-01
9.733333333333333837e-01
9.733333333333333837e-01
9.733333333333333837e-01
9.725925925925925641e-01
9.718518518518518556e-01
9.718518518518518556e-01
9.718518518518518556e-01
9.711111111111111471e-01
9.703703703703703276e-01
9.703703703703703276e-01
9.703703703703703276e-01
9.703703703703703276e-01
9.703703703703703276e-01
9.703703703703703276e-01
9.703703703703703276e-01
9.703703703703703276e-01
9.703703703703703276e-01
9.681481481481482021e-01
9.681481481481482021e-01
9.681481481481482021e-01
9.674074074074073826e-01
9.674074074074073826e-01
9.674074074074073826e-01
9.674074074074073826e-01
9.674074074074073826e-01
9.674074074074073826e-01
9.674074074074073826e-01
9.666666666666666741e-01
9.666666666666666741e-01
9.666666666666666741e-01
9.659259259259259656e-01
9.659259259259259656e-01
9.651851851851851460e-01
9.651851851851851460e-01
9.651851851851851460e-01
9.651851851851851460e-01
9.651851851851851460e-01
9.651851851851851460e-01
9.651851851851851460e-01
9.651851851851851460e-01
9.651851851851851460e-01
9.651851851851851460e-01
9.651851851851851460e-01
9.644444444444444375e-01
9.644444444444444375e-01
9.644444444444444375e-01
9.637037037037037290e-01
9.629629629629629095e-01
9.629629629629629095e-01
9.629629629629629095e-01
9.622222222222222010e-01
9.622222222222222010e-01
9.622222222222222010e-01
9.622222222222222010e-01
9.614814814814814925e-01
9.607407407407407840e-01
9.607407407407407840e-01
9.607407407407407840e-01
9.599999999999999645e-01
9.592592592592592560e-01
9.592592592592592560e-01
9.592592592592592560e-01
9.592592592592592560e-01
9.585185185185185475e-01
9.577777777777777279e-01
9.577777777777777279e-01
9.577777777777777279e-01
9.577777777777777279e-01
9.577777777777777279e-01
9.577777777777777279e-01
9.577777777777777279e-01
9.577777777777777279e-01
9.577777777777777279e-01
9.577777777777777279e-01
9.577777777777777279e-01
9.577777777777777279e-01
9.577777777777777279e-01
9.577777777777777279e-01
9.577777777777777279e-01
9.577777777777777279e-01
9.577777777777777279e-01
9.577777777777777279e-01
9.570370370370370194e-01
9.570370370370370194e-01
9.562962962962963109e-01
9.562962962962963109e-01
9.562962962962963109e-01
9.562962962962963109e-01
9.555555555555556024e-01
9.555555555555556024e-01
9.555555555555556024e-01
9.555555555555556024e-01
9.555555555555556024e-01
9.555555555555556024e-01
9.555555555555556024e-01
9.555555555555556024e-01
9.555555555555556024e-01
9.555555555555556024e-01
9.555555555555556024e-01
9.555555555555556024e-01
9.555555555555556024e-01
9.555555555555556024e-01
9.555555555555556024e-01
9.555555555555556024e-01
9.555555555555556024e-01
9.555555555555556024e-01
9.555555555555556024e-01
9.548148148148147829e-01
9.548148148148147829e-01
9.548148148148147829e-01
9.548148148148147829e-01
9.548148148148147829e-01
9.548148148148147829e-01
9.548148148148147829e-01
9.548148148148147829e-01
9.548148148148147829e-01
9.548148148148147829e-01
9.548148148148147829e-01
9.548148148148147829e-01
9.548148148148147829e-01
9.548148148148147829e-01
9.548148148148147829e-01
9.548148148148147829e-01
9.548148148148147829e-01
9.548148148148147829e-01
9.548148148148147829e-01
9.548148148148147829e-01
9.548148148148147829e-01
9.548148148148147829e-01
9.548148148148147829e-01
9.548148148148147829e-01
9.548148148148147829e-01
9.548148148148147829e-01
9.548148148148147829e-01
9.548148148148147829e-01
9.548148148148147829e-01
9.548148148148147829e-01
9.548148148148147829e-01
9.548148148148147829e-01
9.548148148148147829e-01
9.548148148148147829e-01
9.548148148148147829e-01
9.548148148148147829e-01
9.548148148148147829e-01
9.540740740740740744e-01
9.540740740740740744e-01
9.540740740740740744e-01
9.525925925925925464e-01
9.525925925925925464e-01
9.525925925925925464e-01
9.525925925925925464e-01
9.525925925925925464e-01
9.525925925925925464e-01
9.518518518518518379e-01
9.503703703703704209e-01
9.503703703703704209e-01
9.503703703703704209e-01
9.503703703703704209e-01
9.503703703703704209e-01
9.503703703703704209e-01
9.503703703703704209e-01
9.503703703703704209e-01
9.503703703703704209e-01
9.503703703703704209e-01
9.503703703703704209e-01
9.496296296296296013e-01
9.496296296296296013e-01
9.496296296296296013e-01
9.496296296296296013e-01
9.496296296296296013e-01
9.496296296296296013e-01
9.496296296296296013e-01
9.496296296296296013e-01
9.496296296296296013e-01
9.496296296296296013e-01
9.496296296296296013e-01
9.496296296296296013e-01
9.496296296296296013e-01
9.496296296296296013e-01
9.496296296296296013e-01
9.496296296296296013e-01
9.496296296296296013e-01
9.496296296296296013e-01
9.496296296296296013e-01
9.496296296296296013e-01
9.496296296296296013e-01
9.496296296296296013e-01
9.496296296296296013e-01
9.496296296296296013e-01
9.488888888888888928e-01
9.488888888888888928e-01
9.488888888888888928e-01
9.488888888888888928e-01
9.488888888888888928e-01
9.481481481481481843e-01
9.481481481481481843e-01
9.481481481481481843e-01
9.481481481481481843e-01
9.481481481481481843e-01
9.474074074074073648e-01
9.474074074074073648e-01
9.474074074074073648e-01
9.474074074074073648e-01
9.466666666666666563e-01
9.459259259259259478e-01
9.459259259259259478e-01
9.459259259259259478e-01
9.459259259259259478e-01
9.459259259259259478e-01
9.459259259259259478e-01
9.451851851851852393e-01
9.451851851851852393e-01
9.444444444444444198e-01
9.444444444444444198e-01
9.444444444444444198e-01
9.444444444444444198e-01
9.444444444444444198e-01
9.444444444444444198e-01
9.444444444444444198e-01
9.444444444444444198e-01
9.444444444444444198e-01
9.437037037037037113e-01
9.437037037037037113e-01
9.437037037037037113e-01
9.437037037037037113e-01
9.437037037037037113e-01
9.437037037037037113e-01
9.437037037037037113e-01
9.429629629629630028e-01
9.422222222222221832e-01
9.422222222222221832e-01
9.422222222222221832e-01
9.422222222222221832e-01
9.422222222222221832e-01
9.414814814814814747e-01
9.407407407407407662e-01
9.407407407407407662e-01
9.407407407407407662e-01
9.399999999999999467e-01
9.399999999999999467e-01
9.392592592592592382e-01
9.392592592592592382e-01
9.392592592592592382e-01
9.392592592592592382e-01
9.392592592592592382e-01
9.392592592592592382e-01
9.392592592592592382e-01
9.392592592592592382e-01
9.392592592592592382e-01
9.392592592592592382e-01
9.392592592592592382e-01
9.385185185185185297e-01
9.385185185185185297e-01
9.385185185185185297e-01
9.385185185185185297e-01
9.385185185185185297e-01
9.377777777777778212e-01
9.377777777777778212e-01
9.377777777777778212e-01
9.377777777777778212e-01
9.377777777777778212e-01
9.377777777777778212e-01
9.370370370370370017e-01
9.362962962962962932e-01
9.362962962962962932e-01
9.362962962962962932e-01
9.362962962962962932e-01
9.355555555555555847e-01
9.355555555555555847e-01
9.355555555555555847e-01
9.348148148148147651e-01
9.340740740740740566e-01
9.340740740740740566e-01
9.340740740740740566e-01
9.340740740740740566e-01
9.340740740740740566e-01
9.340740740740740566e-01
9.340740740740740566e-01
9.325925925925926396e-01
9.325925925925926396e-01
9.325925925925926396e-01
9.325925925925926396e-01
9.318518518518518201e-01
9.318518518518518201e-01
9.311111111111111116e-01
9.311111111111111116e-01
9.311111111111111116e-01
9.311111111111111116e-01
9.303703703703704031e-01
9.296296296296295836e-01
9.296296296296295836e-01
9.296296296296295836e-01
9.288888888888888751e-01
9.288888888888888751e-01
9.288888888888888751e-01
9.281481481481481666e-01
9.281481481481481666e-01
9.281481481481481666e-01
9.274074074074074581e-01
9.274074074074074581e-01
9.274074074074074581e-01
9.274074074074074581e-01
9.274074074074074581e-01
9.274074074074074581e-01
9.274074074074074581e-01
9.274074074074074581e-01
9.274074074074074581e-01
9.274074074074074581e-01
9.274074074074074581e-01
9.274074074074074581e-01
9.274074074074074581e-01
9.274074074074074581e-01
9.274074074074074581e-01
9.274074074074074581e-01
9.266666666666666385e-01
9.266666666666666385e-01
9.266666666666666385e-01
9.266666666666666385e-01
9.266666666666666385e-01
9.266666666666666385e-01
9.266666666666666385e-01
9.266666666666666385e-01
9.259259259259259300e-01
9.251851851851852215e-01
9.251851851851852215e-01
9.251851851851852215e-01
9.251851851851852215e-01
9.251851851851852215e-01
9.251851851851852215e-01
9.244444444444444020e-01
9.244444444444444020e-01
9.244444444444444020e-01
9.244444444444444020e-01
9.244444444444444020e-01
9.237037037037036935e-01
9.237037037037036935e-01
9.237037037037036935e-01
9.229629629629629850e-01
9.229629629629629850e-01
9.229629629629629850e-01
9.229629629629629850e-01
9.222222222222222765e-01
9.222222222222222765e-01
9.222222222222222765e-01
9.222222222222222765e-01
9.214814814814814570e-01
9.214814814814814570e-01
9.214814814814814570e-01
9.214814814814814570e-01
9.214814814814814570e-01
9.214814814814814570e-01
9.214814814814814570e-01
9.214814814814814570e-01
9.214814814814814570e-01
9.207407407407407485e-01
9.207407407407407485e-01
9.207407407407407485e-01
9.207407407407407485e-01
9.200000000000000400e-01
9.200000000000000400e-01
9.200000000000000400e-01
9.200000000000000400e-01
9.200000000000000400e-01
9.200000000000000400e-01
9.200000000000000400e-01
9.200000000000000400e-01
9.200000000000000400e-01
9.200000000000000400e-01
9.200000000000000400e-01
9.200000000000000400e-01
9.200000000000000400e-01
9.200000000000000400e-01
9.192592592592592204e-01
9.192592592592592204e-01
9.185185185185185119e-01
9.185185185185185119e-01
9.185185185185185119e-01
9.185185185185185119e-01
9.185185185185185119e-01
9.185185185185185119e-01
9.185185185185185119e-01
9.185185185185185119e-01
9.185185185185185119e-01
9.177777777777778034e-01
9.177777777777778034e-01
9.177777777777778034e-01
9.177777777777778034e-01
9.177777777777778034e-01
9.177777777777778034e-01
9.177777777777778034e-01
9.177777777777778034e-01
9.177777777777778034e-01
9.170370370370369839e-01
9.162962962962962754e-01
9.162962962962962754e-01
9.148148148148148584e-01
9.148148148148148584e-01
9.148148148148148584e-01
9.148148148148148584e-01
9.148148148148148584e-01
9.148148148148148584e-01
9.148148148148148584e-01
9.148148148148148584e-01
9.140740740740740389e-01
9.140740740740740389e-01
9.140740740740740389e-01
9.133333333333333304e-01
9.125925925925926219e-01
9.118518518518518023e-01
9.118518518518518023e-01
9.118518518518518023e-01
9.118518518518518023e-01
9.118518518518518023e-01
9.118518518518518023e-01
9.118518518518518023e-01
9.118518518518518023e-01
9.118518518518518023e-01
9.118518518518518023e-01
9.118518518518518023e-01
9.118518518518518023e-01
9.118518518518518023e-01
9.111111111111110938e-01
9.103703703703703853e-01
9.103703703703703853e-01
9.103703703703703853e-01
9.103703703703703853e-01
9.103703703703703853e-01
9.103703703703703853e-01
9.103703703703703853e-01
9.096296296296296768e-01
9.088888888888888573e-01
9.088888888888888573e-01
9.088888888888888573e-01
9.088888888888888573e-01
9.081481481481481488e-01
9.074074074074074403e-01
9.074074074074074403e-01
9.074074074074074403e-01
9.066666666666666208e-01
9.059259259259259123e-01
9.059259259259259123e-01
9.059259259259259123e-01
9.059259259259259123e-01
9.059259259259259123e-01
9.059259259259259123e-01
9.059259259259259123e-01
9.051851851851852038e-01
9.051851851851852038e-01
9.051851851851852038e-01
9.044444444444444953e-01
9.044444444444444953e-01
9.044444444444444953e-01
9.037037037037036757e-01
9.037037037037036757e-01
9.037037037037036757e-01
9.037037037037036757e-01
9.029629629629629672e-01
9.029629629629629672e-01
9.022222222222222587e-01
9.022222222222222587e-01
9.022222222222222587e-01
9.022222222222222587e-01
9.014814814814814392e-01
9.007407407407407307e-01
9.007407407407407307e-01
9.000000000000000222e-01
8.992592592592593137e-01
8.985185185185184942e-01
8.985185185185184942e-01
8.985185185185184942e-01
8.977777777777777857e-01
8.970370370370370772e-01
8.970370370370370772e-01
8.970370370370370772e-01
8.962962962962962576e-01
8.955555555555555491e-01
8.955555555555555491e-01
8.955555555555555491e-01
8.955555555555555491e-01
8.940740740740740211e-01
8.940740740740740211e-01
8.940740740740740211e-01
8.940740740740740211e-01
8.933333333333333126e-01
8.933333333333333126e-01
8.933333333333333126e-01
8.933333333333333126e-01
8.925925925925926041e-01
8.918518518518518956e-01
8.918518518518518956e-01
8.918518518518518956e-01
8.911111111111110761e-01
8.903703703703703676e-01
8.896296296296296591e-01
8.888888888888888395e-01
8.888888888888888395e-01
8.888888888888888395e-01
8.888888888888888395e-01
8.881481481481481310e-01
8.881481481481481310e-01
8.881481481481481310e-01
8.881481481481481310e-01
8.881481481481481310e-01
8.874074074074074225e-01
8.874074074074074225e-01
8.874074074074074225e-01
8.874074074074074225e-01
8.866666666666667140e-01
8.866666666666667140e-01
8.866666666666667140e-01
8.859259259259258945e-01
8.851851851851851860e-01
8.844444444444444775e-01
8.844444444444444775e-01
8.829629629629629495e-01
8.822222222222222410e-01
8.822222222222222410e-01
8.814814814814815325e-01
8.814814814814815325e-01
8.814814814814815325e-01
8.800000000000000044e-01
8.800000000000000044e-01
8.800000000000000044e-01
8.800000000000000044e-01
8.800000000000000044e-01
8.800000000000000044e-01
8.800000000000000044e-01
8.800000000000000044e-01
8.800000000000000044e-01
8.800000000000000044e-01
8.800000000000000044e-01
8.800000000000000044e-01
8.785185185185184764e-01
8.785185185185184764e-01
8.785185185185184764e-01
8.785185185185184764e-01
8.777777777777777679e-01
8.777777777777777679e-01
8.770370370370370594e-01
8.762962962962963509e-01
8.755555555555555314e-01
8.748148148148148229e-01
8.740740740740741144e-01
8.740740740740741144e-01
8.725925925925925863e-01
8.725925925925925863e-01
8.725925925925925863e-01
8.725925925925925863e-01
8.718518518518518778e-01
8.718518518518518778e-01
8.711111111111110583e-01
8.703703703703703498e-01
8.696296296296296413e-01
8.696296296296296413e-01
8.688888888888889328e-01
8.688888888888889328e-01
8.681481481481481133e-01
8.674074074074074048e-01
8.666666666666666963e-01
8.659259259259258767e-01
8.651851851851851682e-01
8.644444444444444597e-01
8.644444444444444597e-01
8.644444444444444597e-01
8.637037037037037512e-01
8.637037037037037512e-01
8.637037037037037512e-01
8.637037037037037512e-01
8.629629629629629317e-01
8.629629629629629317e-01
8.629629629629629317e-01
8.629629629629629317e-01
8.629629629629629317e-01
8.629629629629629317e-01
8.629629629629629317e-01
8.622222222222222232e-01
8.614814814814815147e-01
8.614814814814815147e-01
8.607407407407406952e-01
8.607407407407406952e-01
8.599999999999999867e-01
8.592592592592592782e-01
8.592592592592592782e-01
8.585185185185185697e-01
8.585185185185185697e-01
8.585185185185185697e-01
8.585185185185185697e-01
8.577777777777777501e-01
8.577777777777777501e-01
8.577777777777777501e-01
8.570370370370370416e-01
8.570370370370370416e-01
8.562962962962963331e-01
8.562962962962963331e-01
8.562962962962963331e-01
8.555555555555555136e-01
8.548148148148148051e-01
8.548148148148148051e-01
8.548148148148148051e-01
8.548148148148148051e-01
8.540740740740740966e-01
8.533333333333333881e-01
8.525925925925925686e-01
8.518518518518518601e-01
8.511111111111111516e-01
8.503703703703703320e-01
8.496296296296296235e-01
8.488888888888889150e-01
8.481481481481480955e-01
8.474074074074073870e-01
8.466666666666666785e-01
8.466666666666666785e-01
8.459259259259259700e-01
8.459259259259259700e-01
8.451851851851851505e-01
8.451851851851851505e-01
8.444444444444444420e-01
8.437037037037037335e-01
8.437037037037037335e-01
8.437037037037037335e-01
8.437037037037037335e-01
8.437037037037037335e-01
8.437037037037037335e-01
8.437037037037037335e-01
8.437037037037037335e-01
8.437037037037037335e-01
8.437037037037037335e-01
8.437037037037037335e-01
8.437037037037037335e-01
8.429629629629629139e-01
8.429629629629629139e-01
8.422222222222222054e-01
8.422222222222222054e-01
8.422222222222222054e-01
8.422222222222222054e-01
8.422222222222222054e-01
8.422222222222222054e-01
8.422222222222222054e-01
8.422222222222222054e-01
8.414814814814814969e-01
8.407407407407407884e-01
8.399999999999999689e-01
8.392592592592592604e-01
8.392592592592592604e-01
8.392592592592592604e-01
8.385185185185185519e-01
8.385185185185185519e-01
8.377777777777777324e-01
8.370370370370370239e-01
8.370370370370370239e-01
8.362962962962963154e-01
8.362962962962963154e-01
8.362962962962963154e-01
8.355555555555556069e-01
8.348148148148147873e-01
8.340740740740740788e-01
8.333333333333333703e-01
8.333333333333333703e-01
8.325925925925925508e-01
8.318518518518518423e-01
8.311111111111111338e-01
8.303703703703704253e-01
8.296296296296296058e-01
8.288888888888888973e-01
8.288888888888888973e-01
8.288888888888888973e-01
8.281481481481481888e-01
8.281481481481481888e-01
8.281481481481481888e-01
8.281481481481481888e-01
8.274074074074073692e-01
8.274074074074073692e-01
8.266666666666666607e-01
8.266666666666666607e-01
8.259259259259259522e-01
8.251851851851851327e-01
8.244444444444444242e-01
8.244444444444444242e-01
8.237037037037037157e-01
8.229629629629630072e-01
8.222222222222221877e-01
8.214814814814814792e-01
8.214814814814814792e-01
8.207407407407407707e-01
8.199999999999999512e-01
8.192592592592592426e-01
8.192592592592592426e-01
8.192592592592592426e-01
8.192592592592592426e-01
8.192592592592592426e-01
8.192592592592592426e-01
8.185185185185185341e-01
8.177777777777778256e-01
8.170370370370370061e-01
8.170370370370370061e-01
8.170370370370370061e-01
8.155555555555555891e-01
8.155555555555555891e-01
8.155555555555555891e-01
8.148148148148147696e-01
8.140740740740740611e-01
8.140740740740740611e-01
8.133333333333333526e-01
8.125925925925926441e-01
8.125925925925926441e-01
8.125925925925926441e-01
8.125925925925926441e-01
8.125925925925926441e-01
8.125925925925926441e-01
8.125925925925926441e-01
8.125925925925926441e-01
8.125925925925926441e-01
8.125925925925926441e-01
8.118518518518518245e-01
8.111111111111111160e-01
8.111111111111111160e-01
8.111111111111111160e-01
8.111111111111111160e-01
8.111111111111111160e-01
8.111111111111111160e-01
8.103703703703704075e-01
8.096296296296295880e-01
8.096296296296295880e-01
8.088888888888888795e-01
8.081481481481481710e-01
8.074074074074074625e-01
8.066666666666666430e-01
8.059259259259259345e-01
8.059259259259259345e-01
8.051851851851852260e-01
8.051851851851852260e-01
8.044444444444444065e-01
8.044444444444444065e-01
8.037037037037036979e-01
8.029629629629629894e-01
8.022222222222221699e-01
8.014814814814814614e-01
8.007407407407407529e-01
8.000000000000000444e-01
7.992592592592592249e-01
7.985185185185185164e-01
7.977777777777778079e-01
7.977777777777778079e-01
7.970370370370369884e-01
7.948148148148148628e-01
7.940740740740740433e-01
7.933333333333333348e-01
7.925925925925926263e-01
7.918518518518518068e-01
7.911111111111110983e-01
7.903703703703703898e-01
7.896296296296296813e-01
7.896296296296296813e-01
7.888888888888888618e-01
7.881481481481481532e-01
7.881481481481481532e-01
7.874074074074074447e-01
7.866666666666666252e-01
7.859259259259259167e-01
7.851851851851852082e-01
7.844444444444444997e-01
7.837037037037036802e-01
7.829629629629629717e-01
7.822222222222222632e-01
7.814814814814814437e-01
7.814814814814814437e-01
7.785185185185184986e-01
7.785185185185184986e-01
7.785185185185184986e-01
7.777777777777777901e-01
7.770370370370370816e-01
7.770370370370370816e-01
7.762962962962962621e-01
7.748148148148148451e-01
7.740740740740740256e-01
7.740740740740740256e-01
7.740740740740740256e-01
7.740740740740740256e-01
7.733333333333333171e-01
7.725925925925926085e-01
7.725925925925926085e-01
7.725925925925926085e-01
7.725925925925926085e-01
7.725925925925926085e-01
7.718518518518519000e-01
7.711111111111110805e-01
7.703703703703703720e-01
7.703703703703703720e-01
7.703703703703703720e-01
7.696296296296296635e-01
7.688888888888888440e-01
7.688888888888888440e-01
7.688888888888888440e-01
7.688888888888888440e-01
7.688888888888888440e-01
7.681481481481481355e-01
7.674074074074074270e-01
7.666666666666667185e-01
7.666666666666667185e-01
7.659259259259258990e-01
7.651851851851851904e-01
7.644444444444444819e-01
7.644444444444444819e-01
7.637037037037036624e-01
7.629629629629629539e-01
7.622222222222222454e-01
7.614814814814815369e-01
7.607407407407407174e-01
7.600000000000000089e-01
7.600000000000000089e-01
7.592592592592593004e-01
7.592592592592593004e-01
7.570370370370370638e-01
7.562962962962962443e-01
7.562962962962962443e-01
7.555555555555555358e-01
7.548148148148148273e-01
7.540740740740741188e-01
7.533333333333332993e-01
7.533333333333332993e-01
7.533333333333332993e-01
7.525925925925925908e-01
7.518518518518518823e-01
7.511111111111110628e-01
7.503703703703703543e-01
7.496296296296296457e-01
7.481481481481481177e-01
7.481481481481481177e-01
7.481481481481481177e-01
7.474074074074074092e-01
7.474074074074074092e-01
7.474074074074074092e-01
7.466666666666667007e-01
7.459259259259258812e-01
7.459259259259258812e-01
7.451851851851851727e-01
7.451851851851851727e-01
7.444444444444444642e-01
7.444444444444444642e-01
7.444444444444444642e-01
7.437037037037037557e-01
7.437037037037037557e-01
7.437037037037037557e-01
7.429629629629629362e-01
7.414814814814815191e-01
7.414814814814815191e-01
7.414814814814815191e-01
7.407407407407406996e-01
7.399999999999999911e-01
7.392592592592592826e-01
7.392592592592592826e-01
7.377777777777777546e-01
7.370370370370370461e-01
7.362962962962963376e-01
7.362962962962963376e-01
7.348148148148148096e-01
7.340740740740741010e-01
7.333333333333332815e-01
7.325925925925925730e-01
7.325925925925925730e-01
7.325925925925925730e-01
7.318518518518518645e-01
7.318518518518518645e-01
7.311111111111111560e-01
7.303703703703703365e-01
7.303703703703703365e-01
7.296296296296296280e-01
7.288888888888889195e-01
7.288888888888889195e-01
7.281481481481481000e-01
7.274074074074073915e-01
7.266666666666666829e-01
7.259259259259259744e-01
7.251851851851851549e-01
7.244444444444444464e-01
7.237037037037037379e-01
7.229629629629629184e-01
7.222222222222222099e-01
7.222222222222222099e-01
7.214814814814815014e-01
7.214814814814815014e-01
7.214814814814815014e-01
7.214814814814815014e-01
7.207407407407407929e-01
7.199999999999999734e-01
7.192592592592592649e-01
7.192592592592592649e-01
7.192592592592592649e-01
7.185185185185185563e-01
7.177777777777777368e-01
7.177777777777777368e-01
7.170370370370370283e-01
7.155555555555555003e-01
7.148148148148147918e-01
7.140740740740740833e-01
7.133333333333333748e-01
7.133333333333333748e-01
7.125925925925925553e-01
7.118518518518518468e-01
7.111111111111111382e-01
7.103703703703703187e-01
7.074074074074073737e-01
7.066666666666666652e-01
7.059259259259259567e-01
7.051851851851851372e-01
7.044444444444444287e-01
7.029629629629630116e-01
7.022222222222221921e-01
6.999999999999999556e-01
6.992592592592592471e-01
6.992592592592592471e-01
6.985185185185185386e-01
6.977777777777778301e-01
6.977777777777778301e-01
6.977777777777778301e-01
6.962962962962963021e-01
6.955555555555555935e-01
6.955555555555555935e-01
6.948148148148147740e-01
6.940740740740740655e-01
6.925925925925925375e-01
6.918518518518518290e-01
6.911111111111111205e-01
6.903703703703704120e-01
6.896296296296295925e-01
6.888888888888888840e-01
6.874074074074073559e-01
6.866666666666666474e-01
6.859259259259259389e-01
6.851851851851852304e-01
6.844444444444444109e-01
6.837037037037037024e-01
6.829629629629629939e-01
6.829629629629629939e-01
6.822222222222221744e-01
6.814814814814814659e-01
6.807407407407407574e-01
6.807407407407407574e-01
6.800000000000000488e-01
6.792592592592592293e-01
6.792592592592592293e-01
6.785185185185185208e-01
6.785185185185185208e-01
6.770370370370369928e-01
6.762962962962962843e-01
6.755555555555555758e-01
6.748148148148148673e-01
6.740740740740740478e-01
6.740740740740740478e-01
6.733333333333333393e-01
6.725925925925926308e-01
6.718518518518518112e-01
6.711111111111111027e-01
6.703703703703703942e-01
6.696296296296295747e-01
6.688888888888888662e-01
6.681481481481481577e-01
6.674074074074074492e-01
6.666666666666666297e-01
6.659259259259259212e-01
6.651851851851852127e-01
6.644444444444443931e-01
6.637037037037036846e-01
6.629629629629629761e-01
6.622222222222222676e-01
6.614814814814814481e-01
6.607407407407407396e-01
6.607407407407407396e-01
6.600000000000000311e-01
6.570370370370370861e-01
6.562962962962962665e-01
6.555555555555555580e-01
6.548148148148148495e-01
6.533333333333333215e-01
6.525925925925926130e-01
6.525925925925926130e-01
6.518518518518519045e-01
6.511111111111110850e-01
6.503703703703703765e-01
6.496296296296296680e-01
6.481481481481481399e-01
6.466666666666666119e-01
6.459259259259259034e-01
6.451851851851851949e-01
6.444444444444444864e-01
6.407407407407407218e-01
6.400000000000000133e-01
6.392592592592593048e-01
6.370370370370370683e-01
6.362962962962962488e-01
6.355555555555555403e-01
6.355555555555555403e-01
6.318518518518518867e-01
6.318518518518518867e-01
6.311111111111110672e-01
6.296296296296296502e-01
6.288888888888889417e-01
6.281481481481481222e-01
6.251851851851851771e-01
6.237037037037036491e-01
6.229629629629629406e-01
6.222222222222222321e-01
6.214814814814815236e-01
6.207407407407407041e-01
6.207407407407407041e-01
6.207407407407407041e-01
6.199999999999999956e-01
6.192592592592592871e-01
6.185185185185184675e-01
6.177777777777777590e-01
6.177777777777777590e-01
6.170370370370370505e-01
6.170370370370370505e-01
6.170370370370370505e-01
6.162962962962963420e-01
6.162962962962963420e-01
6.162962962962963420e-01
6.155555555555555225e-01
6.140740740740741055e-01
6.140740740740741055e-01
6.140740740740741055e-01
6.133333333333332860e-01
6.125925925925925775e-01
6.125925925925925775e-01
6.118518518518518690e-01
6.111111111111111605e-01
6.111111111111111605e-01
6.103703703703703409e-01
6.096296296296296324e-01
6.096296296296296324e-01
6.088888888888889239e-01
6.081481481481481044e-01
6.074074074074073959e-01
6.074074074074073959e-01
6.074074074074073959e-01
6.074074074074073959e-01
6.066666666666666874e-01
6.059259259259259789e-01
6.059259259259259789e-01
6.051851851851851594e-01
6.044444444444444509e-01
6.037037037037037424e-01
6.022222222222222143e-01
6.022222222222222143e-01
6.014814814814815058e-01
6.014814814814815058e-01
6.014814814814815058e-01
6.007407407407406863e-01
6.007407407407406863e-01
5.999999999999999778e-01
5.992592592592592693e-01
5.985185185185185608e-01
5.977777777777777413e-01
5.977777777777777413e-01
5.970370370370370328e-01
5.970370370370370328e-01
5.970370370370370328e-01
5.962962962962963243e-01
5.962962962962963243e-01
5.962962962962963243e-01
5.955555555555555047e-01
5.948148148148147962e-01
5.933333333333333792e-01
5.933333333333333792e-01
5.925925925925925597e-01
5.918518518518518512e-01
5.911111111111111427e-01
5.903703703703703232e-01
5.896296296296296147e-01
5.888888888888889062e-01
5.888888888888889062e-01
5.881481481481481977e-01
5.881481481481481977e-01
5.874074074074073781e-01
5.874074074074073781e-01
5.874074074074073781e-01
5.866666666666666696e-01
5.859259259259259611e-01
5.859259259259259611e-01
5.859259259259259611e-01
5.851851851851851416e-01
5.844444444444444331e-01
5.844444444444444331e-01
5.844444444444444331e-01
5.844444444444444331e-01
5.837037037037037246e-01
5.829629629629630161e-01
5.829629629629630161e-01
5.822222222222221966e-01
5.822222222222221966e-01
5.814814814814814881e-01
5.814814814814814881e-01
5.807407407407407796e-01
5.799999999999999600e-01
5.792592592592592515e-01
5.785185185185185430e-01
5.785185185185185430e-01
5.785185185185185430e-01
5.785185185185185430e-01
5.777777777777777235e-01
5.770370370370370150e-01
5.770370370370370150e-01
5.770370370370370150e-01
5.762962962962963065e-01
5.755555555555555980e-01
5.755555555555555980e-01
5.748148148148147785e-01
5.748148148148147785e-01
5.740740740740740700e-01
5.733333333333333615e-01
5.725925925925925419e-01
5.718518518518518334e-01
5.711111111111111249e-01
5.703703703703704164e-01
5.696296296296295969e-01
5.688888888888888884e-01
5.681481481481481799e-01
5.674074074074073604e-01
5.666666666666666519e-01
5.659259259259259434e-01
5.651851851851852349e-01
5.644444444444444153e-01
5.637037037037037068e-01
5.629629629629629983e-01
5.622222222222221788e-01
5.614814814814814703e-01
5.607407407407407618e-01
5.600000000000000533e-01
5.600000000000000533e-01
5.592592592592592338e-01
5.592592592592592338e-01
5.585185185185185253e-01
5.577777777777778168e-01
5.577777777777778168e-01
5.570370370370369972e-01
5.570370370370369972e-01
5.562962962962962887e-01
5.562962962962962887e-01
5.555555555555555802e-01
5.548148148148147607e-01
5.540740740740740522e-01
5.533333333333333437e-01
5.525925925925926352e-01
5.525925925925926352e-01
5.518518518518518157e-01
5.511111111111111072e-01
5.503703703703703987e-01
5.503703703703703987e-01
5.496296296296295791e-01
5.488888888888888706e-01
5.481481481481481621e-01
5.466666666666666341e-01
5.466666666666666341e-01
5.466666666666666341e-01
5.459259259259259256e-01
5.451851851851852171e-01
5.451851851851852171e-01
5.437037037037036891e-01
5.437037037037036891e-01
5.437037037037036891e-01
5.437037037037036891e-01
5.429629629629629806e-01
5.414814814814814525e-01
5.407407407407407440e-01
5.400000000000000355e-01
5.355555555555555625e-01
5.348148148148148540e-01
5.333333333333333259e-01
5.311111111111110894e-01
5.274074074074074359e-01
5.266666666666666163e-01
5.244444444444444908e-01
5.214814814814814348e-01
5.177777777777777812e-01
5.140740740740741277e-01
5.059259259259258901e-01
5.022222222222222365e-01
4.933333333333333459e-01
4.799999999999999822e-01
0.000000000000000000e+00
