1.000000000000000000e+00
9.904761904761905100e-01
9.898412698412698552e-01
9.898412698412698552e-01
9.898412698412698552e-01
9.898412698412698552e-01
9.898412698412698552e-01
9.898412698412698552e-01
9.898412698412698552e-01
9.898412698412698552e-01
9.895238095238094722e-01
9.895238095238094722e-01
9.895238095238094722e-01
9.895238095238094722e-01
9.895238095238094722e-01
9.895238095238094722e-01
9.895238095238094722e-01
9.895238095238094722e-01
9.895238095238094722e-01
9.895238095238094722e-01
9.895238095238094722e-01
9.895238095238094722e-01
9.895238095238094722e-01
9.895238095238094722e-01
9.895238095238094722e-01
9.895238095238094722e-01
9.895238095238094722e-01
9.895238095238094722e-01
9.895238095238094722e-01
9.895238095238094722e-01
9.895238095238094722e-01
9.895238095238094722e-01
9.895238095238094722e-01
9.895238095238094722e-01
9.895238095238094722e-01
9.892063492063492003e-01
9.892063492063492003e-01
9.892063492063492003e-01
9.892063492063492003e-01
9.892063492063492003e-01
9.892063492063492003e-01
9.892063492063492003e-01
9.892063492063492003e-01
9.892063492063492003e-01
9.892063492063492003e-01
9.892063492063492003e-01
9.892063492063492003e-01
9.892063492063492003e-01
9.892063492063492003e-01
9.892063492063492003e-01
9.892063492063492003e-01
9.892063492063492003e-01
9.892063492063492003e-01
9.892063492063492003e-01
9.892063492063492003e-01
9.892063492063492003e-01
9.892063492063492003e-01
9.892063492063492003e-01
9.892063492063492003e-01
9.888888888888889284e-01
9.888888888888889284e-01
9.888888888888889284e-01
9.876190476190476186e-01
9.876190476190476186e-01
9.876190476190476186e-01
9.876190476190476186e-01
9.876190476190476186e-01
9.876190476190476186e-01
9.876190476190476186e-01
9.873015873015873467e-01
9.869841269841269638e-01
9.866666666666666918e-01
9.866666666666666918e-01
9.863492063492063089e-01
9.863492063492063089e-01
9.863492063492063089e-01
9.863492063492063089e-01
9.863492063492063089e-01
9.863492063492063089e-01
9.863492063492063089e-01
9.863492063492063089e-01
9.863492063492063089e-01
9.863492063492063089e-01
9.863492063492063089e-01
9.863492063492063089e-01
9.863492063492063089e-01
9.863492063492063089e-01
9.863492063492063089e-01
9.860317460317460370e-01
9.857142857142857650e-01
9.857142857142857650e-01
9.857142857142857650e-01
9.857142857142857650e-01
9.857142857142857650e-01
9.853968253968253821e-01
9.853968253968253821e-01
9.853968253968253821e-01
9.853968253968253821e-01
9.853968253968253821e-01
9.853968253968253821e-01
9.853968253968253821e-01
9.853968253968253821e-01
9.853968253968253821e-01
9.853968253968253821e-01
9.853968253968253821e-01
9.853968253968253821e-01
9.853968253968253821e-01
9.850793650793651102e-01
9.850793650793651102e-01
9.850793650793651102e-01
9.850793650793651102e-01
9.850793650793651102e-01
9.850793650793651102e-01
9.850793650793651102e-01
9.850793650793651102e-01
9.850793650793651102e-01
9.847619047619047272e-01
9.847619047619047272e-01
9.847619047619047272e-01
9.847619047619047272e-01
9.847619047619047272e-01
9.847619047619047272e-01
9.844444444444444553e-01
9.844444444444444553e-01
9.844444444444444553e-01
9.844444444444444553e-01
9.844444444444444553e-01
9.844444444444444553e-01
9.844444444444444553e-01
9.844444444444444553e-01
9.844444444444444553e-01
9.844444444444444553e-01
9.844444444444444553e-01
9.844444444444444553e-01
9.844444444444444553e-01
9.844444444444444553e-01
9.844444444444444553e-01
9.844444444444444553e-01
9.844444444444444553e-01
9.844444444444444553e-01
9.844444444444444553e-01
9.844444444444444553e-01
9.844444444444444553e-01
9.844444444444444553e-01
9.844444444444444553e-01
9.844444444444444553e-01
9.844444444444444553e-01
9.844444444444444553e-01
9.841269841269840724e-01
9.841269841269840724e-01
9.838095238095238004e-01
9.838095238095238004e-01
9.838095238095238004e-01
9.838095238095238004e-01
9.834920634920635285e-01
9.834920634920635285e-01
9.831746031746031456e-01
9.831746031746031456e-01
9.831746031746031456e-01
9.831746031746031456e-01
9.831746031746031456e-01
9.831746031746031456e-01
9.831746031746031456e-01
9.831746031746031456e-01
9.831746031746031456e-01
9.831746031746031456e-01
9.831746031746031456e-01
9.831746031746031456e-01
9.831746031746031456e-01
9.831746031746031456e-01
9.831746031746031456e-01
9.831746031746031456e-01
9.831746031746031456e-01
9.828571428571428736e-01
9.828571428571428736e-01
9.828571428571428736e-01
9.828571428571428736e-01
9.828571428571428736e-01
9.828571428571428736e-01
9.825396825396824907e-01
9.825396825396824907e-01
9.825396825396824907e-01
9.825396825396824907e-01
9.825396825396824907e-01
9.825396825396824907e-01
9.825396825396824907e-01
9.825396825396824907e-01
9.825396825396824907e-01
9.825396825396824907e-01
9.825396825396824907e-01
9.822222222222222188e-01
9.819047619047619468e-01
9.819047619047619468e-01
9.815873015873015639e-01
9.815873015873015639e-01
9.815873015873015639e-01
9.815873015873015639e-01
9.815873015873015639e-01
9.815873015873015639e-01
9.812698412698412920e-01
9.812698412698412920e-01
9.812698412698412920e-01
9.812698412698412920e-01
9.812698412698412920e-01
9.812698412698412920e-01
9.812698412698412920e-01
9.812698412698412920e-01
9.812698412698412920e-01
9.812698412698412920e-01
9.812698412698412920e-01
9.812698412698412920e-01
9.812698412698412920e-01
9.812698412698412920e-01
9.812698412698412920e-01
9.812698412698412920e-01
9.812698412698412920e-01
9.812698412698412920e-01
9.812698412698412920e-01
9.812698412698412920e-01
9.812698412698412920e-01
9.812698412698412920e-01
9.812698412698412920e-01
9.812698412698412920e-01
9.812698412698412920e-01
9.812698412698412920e-01
9.812698412698412920e-01
9.812698412698412920e-01
9.812698412698412920e-01
9.812698412698412920e-01
9.812698412698412920e-01
9.812698412698412920e-01
9.812698412698412920e-01
9.809523809523809090e-01
9.806349206349206371e-01
9.806349206349206371e-01
9.806349206349206371e-01
9.806349206349206371e-01
9.806349206349206371e-01
9.806349206349206371e-01
9.806349206349206371e-01
9.806349206349206371e-01
9.806349206349206371e-01
9.806349206349206371e-01
9.806349206349206371e-01
9.806349206349206371e-01
9.803174603174603652e-01
9.803174603174603652e-01
9.803174603174603652e-01
9.803174603174603652e-01
9.799999999999999822e-01
9.796825396825397103e-01
9.796825396825397103e-01
9.796825396825397103e-01
9.793650793650793274e-01
9.793650793650793274e-01
9.793650793650793274e-01
9.790476190476190554e-01
9.790476190476190554e-01
9.790476190476190554e-01
9.787301587301587835e-01
9.784126984126984006e-01
9.780952380952381287e-01
9.777777777777777457e-01
9.777777777777777457e-01
9.774603174603174738e-01
9.774603174603174738e-01
9.771428571428570908e-01
9.771428571428570908e-01
9.771428571428570908e-01
9.768253968253968189e-01
9.768253968253968189e-01
9.768253968253968189e-01
9.768253968253968189e-01
9.765079365079365470e-01
9.765079365079365470e-01
9.765079365079365470e-01
9.765079365079365470e-01
9.765079365079365470e-01
9.761904761904761640e-01
9.761904761904761640e-01
9.758730158730158921e-01
9.755555555555555092e-01
9.755555555555555092e-01
9.755555555555555092e-01
9.755555555555555092e-01
9.755555555555555092e-01
9.755555555555555092e-01
9.755555555555555092e-01
9.755555555555555092e-01
9.755555555555555092e-01
9.755555555555555092e-01
9.755555555555555092e-01
9.755555555555555092e-01
9.755555555555555092e-01
9.755555555555555092e-01
9.755555555555555092e-01
9.755555555555555092e-01
9.755555555555555092e-01
9.752380952380952372e-01
9.752380952380952372e-01
9.752380952380952372e-01
9.749206349206349653e-01
9.746031746031745824e-01
9.746031746031745824e-01
9.746031746031745824e-01
9.746031746031745824e-01
9.746031746031745824e-01
9.746031746031745824e-01
9.742857142857143105e-01
9.739682539682539275e-01
9.736507936507936556e-01
9.736507936507936556e-01
9.736507936507936556e-01
9.736507936507936556e-01
9.736507936507936556e-01
9.736507936507936556e-01
9.736507936507936556e-01
9.736507936507936556e-01
9.733333333333333837e-01
9.733333333333333837e-01
9.733333333333333837e-01
9.733333333333333837e-01
9.733333333333333837e-01
9.714285714285714191e-01
9.714285714285714191e-01
9.711111111111111471e-01
9.707936507936507642e-01
9.707936507936507642e-01
9.707936507936507642e-01
9.707936507936507642e-01
9.707936507936507642e-01
9.707936507936507642e-01
9.707936507936507642e-01
9.707936507936507642e-01
9.707936507936507642e-01
9.707936507936507642e-01
9.707936507936507642e-01
9.707936507936507642e-01
9.704761904761904923e-01
9.704761904761904923e-01
9.704761904761904923e-01
9.704761904761904923e-01
9.704761904761904923e-01
9.704761904761904923e-01
9.704761904761904923e-01
9.704761904761904923e-01
9.701587301587301093e-01
9.701587301587301093e-01
9.701587301587301093e-01
9.701587301587301093e-01
9.698412698412698374e-01
9.698412698412698374e-01
9.698412698412698374e-01
9.698412698412698374e-01
9.695238095238095655e-01
9.695238095238095655e-01
9.695238095238095655e-01
9.695238095238095655e-01
9.695238095238095655e-01
9.695238095238095655e-01
9.695238095238095655e-01
9.695238095238095655e-01
9.695238095238095655e-01
9.695238095238095655e-01
9.692063492063491825e-01
9.688888888888889106e-01
9.685714285714285277e-01
9.685714285714285277e-01
9.685714285714285277e-01
9.685714285714285277e-01
9.682539682539682557e-01
9.679365079365079838e-01
9.679365079365079838e-01
9.679365079365079838e-01
9.676190476190476009e-01
9.673015873015873289e-01
9.673015873015873289e-01
9.673015873015873289e-01
9.669841269841269460e-01
9.669841269841269460e-01
9.669841269841269460e-01
9.666666666666666741e-01
9.666666666666666741e-01
9.663492063492064021e-01
9.660317460317460192e-01
9.660317460317460192e-01
9.660317460317460192e-01
9.657142857142857473e-01
9.657142857142857473e-01
9.653968253968253643e-01
9.653968253968253643e-01
9.653968253968253643e-01
9.653968253968253643e-01
9.653968253968253643e-01
9.653968253968253643e-01
9.653968253968253643e-01
9.653968253968253643e-01
9.653968253968253643e-01
9.650793650793650924e-01
9.647619047619047095e-01
9.644444444444444375e-01
9.644444444444444375e-01
9.644444444444444375e-01
9.644444444444444375e-01
9.644444444444444375e-01
9.644444444444444375e-01
9.644444444444444375e-01
9.644444444444444375e-01
9.644444444444444375e-01
9.644444444444444375e-01
9.641269841269841656e-01
9.638095238095237827e-01
9.638095238095237827e-01
9.638095238095237827e-01
9.638095238095237827e-01
9.638095238095237827e-01
9.628571428571428559e-01
9.628571428571428559e-01
9.628571428571428559e-01
9.628571428571428559e-01
9.622222222222222010e-01
9.619047619047619291e-01
9.619047619047619291e-01
9.619047619047619291e-01
9.615873015873015461e-01
9.615873015873015461e-01
9.615873015873015461e-01
9.615873015873015461e-01
9.612698412698412742e-01
9.612698412698412742e-01
9.612698412698412742e-01
9.609523809523810023e-01
9.609523809523810023e-01
9.609523809523810023e-01
9.609523809523810023e-01
9.609523809523810023e-01
9.609523809523810023e-01
9.609523809523810023e-01
9.609523809523810023e-01
9.609523809523810023e-01
9.609523809523810023e-01
9.609523809523810023e-01
9.609523809523810023e-01
9.609523809523810023e-01
9.609523809523810023e-01
9.609523809523810023e-01
9.609523809523810023e-01
9.609523809523810023e-01
9.609523809523810023e-01
9.609523809523810023e-01
9.609523809523810023e-01
9.609523809523810023e-01
9.609523809523810023e-01
9.609523809523810023e-01
9.609523809523810023e-01
9.609523809523810023e-01
9.609523809523810023e-01
9.609523809523810023e-01
9.609523809523810023e-01
9.609523809523810023e-01
9.609523809523810023e-01
9.603174603174603474e-01
9.603174603174603474e-01
9.599999999999999645e-01
9.599999999999999645e-01
9.599999999999999645e-01
9.599999999999999645e-01
9.599999999999999645e-01
9.590476190476190377e-01
9.590476190476190377e-01
9.590476190476190377e-01
9.590476190476190377e-01
9.590476190476190377e-01
9.590476190476190377e-01
9.590476190476190377e-01
9.590476190476190377e-01
9.590476190476190377e-01
9.590476190476190377e-01
9.590476190476190377e-01
9.590476190476190377e-01
9.590476190476190377e-01
9.587301587301587658e-01
9.587301587301587658e-01
9.587301587301587658e-01
9.587301587301587658e-01
9.587301587301587658e-01
9.587301587301587658e-01
9.587301587301587658e-01
9.587301587301587658e-01
9.587301587301587658e-01
9.587301587301587658e-01
9.587301587301587658e-01
9.587301587301587658e-01
9.587301587301587658e-01
9.584126984126983828e-01
9.584126984126983828e-01
9.584126984126983828e-01
9.584126984126983828e-01
9.584126984126983828e-01
9.584126984126983828e-01
9.584126984126983828e-01
9.584126984126983828e-01
9.584126984126983828e-01
9.584126984126983828e-01
9.584126984126983828e-01
9.584126984126983828e-01
9.584126984126983828e-01
9.584126984126983828e-01
9.580952380952381109e-01
9.580952380952381109e-01
9.580952380952381109e-01
9.580952380952381109e-01
9.580952380952381109e-01
9.580952380952381109e-01
9.580952380952381109e-01
9.580952380952381109e-01
9.580952380952381109e-01
9.580952380952381109e-01
9.580952380952381109e-01
9.580952380952381109e-01
9.580952380952381109e-01
9.580952380952381109e-01
9.580952380952381109e-01
9.577777777777777279e-01
9.577777777777777279e-01
9.577777777777777279e-01
9.577777777777777279e-01
9.577777777777777279e-01
9.577777777777777279e-01
9.577777777777777279e-01
9.577777777777777279e-01
9.577777777777777279e-01
9.577777777777777279e-01
9.574603174603174560e-01
9.574603174603174560e-01
9.574603174603174560e-01
9.574603174603174560e-01
9.574603174603174560e-01
9.574603174603174560e-01
9.574603174603174560e-01
9.574603174603174560e-01
9.574603174603174560e-01
9.574603174603174560e-01
9.574603174603174560e-01
9.574603174603174560e-01
9.574603174603174560e-01
9.574603174603174560e-01
9.574603174603174560e-01
9.574603174603174560e-01
9.574603174603174560e-01
9.574603174603174560e-01
9.574603174603174560e-01
9.574603174603174560e-01
9.574603174603174560e-01
9.574603174603174560e-01
9.574603174603174560e-01
9.574603174603174560e-01
9.574603174603174560e-01
9.574603174603174560e-01
9.574603174603174560e-01
9.574603174603174560e-01
9.574603174603174560e-01
9.574603174603174560e-01
9.574603174603174560e-01
9.574603174603174560e-01
9.574603174603174560e-01
9.571428571428571841e-01
9.571428571428571841e-01
9.571428571428571841e-01
9.571428571428571841e-01
9.571428571428571841e-01
9.571428571428571841e-01
9.571428571428571841e-01
9.571428571428571841e-01
9.571428571428571841e-01
9.571428571428571841e-01
9.571428571428571841e-01
9.571428571428571841e-01
9.568253968253968011e-01
9.568253968253968011e-01
9.568253968253968011e-01
9.568253968253968011e-01
9.568253968253968011e-01
9.568253968253968011e-01
9.568253968253968011e-01
9.568253968253968011e-01
9.568253968253968011e-01
9.568253968253968011e-01
9.568253968253968011e-01
9.568253968253968011e-01
9.568253968253968011e-01
9.568253968253968011e-01
9.568253968253968011e-01
9.565079365079365292e-01
9.565079365079365292e-01
9.565079365079365292e-01
9.565079365079365292e-01
9.561904761904761463e-01
9.561904761904761463e-01
9.561904761904761463e-01
9.558730158730158744e-01
9.558730158730158744e-01
9.558730158730158744e-01
9.558730158730158744e-01
9.558730158730158744e-01
9.552380952380952195e-01
9.552380952380952195e-01
9.552380952380952195e-01
9.552380952380952195e-01
9.552380952380952195e-01
9.552380952380952195e-01
9.552380952380952195e-01
9.552380952380952195e-01
9.549206349206349476e-01
9.536507936507936378e-01
9.536507936507936378e-01
9.536507936507936378e-01
9.536507936507936378e-01
9.536507936507936378e-01
9.536507936507936378e-01
9.536507936507936378e-01
9.536507936507936378e-01
9.536507936507936378e-01
9.536507936507936378e-01
9.536507936507936378e-01
9.536507936507936378e-01
9.536507936507936378e-01
9.536507936507936378e-01
9.536507936507936378e-01
9.536507936507936378e-01
9.536507936507936378e-01
9.536507936507936378e-01
9.536507936507936378e-01
9.536507936507936378e-01
9.533333333333333659e-01
9.533333333333333659e-01
9.533333333333333659e-01
9.533333333333333659e-01
9.533333333333333659e-01
9.530158730158729830e-01
9.530158730158729830e-01
9.530158730158729830e-01
9.530158730158729830e-01
9.526984126984127110e-01
9.526984126984127110e-01
9.526984126984127110e-01
9.526984126984127110e-01
9.526984126984127110e-01
9.526984126984127110e-01
9.526984126984127110e-01
9.526984126984127110e-01
9.526984126984127110e-01
9.526984126984127110e-01
9.526984126984127110e-01
9.526984126984127110e-01
9.523809523809523281e-01
9.523809523809523281e-01
9.523809523809523281e-01
9.523809523809523281e-01
9.523809523809523281e-01
9.523809523809523281e-01
9.523809523809523281e-01
9.520634920634920562e-01
9.517460317460317842e-01
9.517460317460317842e-01
9.517460317460317842e-01
9.514285714285714013e-01
9.514285714285714013e-01
9.514285714285714013e-01
9.514285714285714013e-01
9.514285714285714013e-01
9.514285714285714013e-01
9.514285714285714013e-01
9.514285714285714013e-01
9.514285714285714013e-01
9.514285714285714013e-01
9.514285714285714013e-01
9.514285714285714013e-01
9.511111111111111294e-01
9.511111111111111294e-01
9.511111111111111294e-01
9.511111111111111294e-01
9.511111111111111294e-01
9.511111111111111294e-01
9.511111111111111294e-01
9.511111111111111294e-01
9.511111111111111294e-01
9.507936507936507464e-01
9.507936507936507464e-01
9.507936507936507464e-01
9.507936507936507464e-01
9.507936507936507464e-01
9.507936507936507464e-01
9.504761904761904745e-01
9.504761904761904745e-01
9.501587301587302026e-01
9.501587301587302026e-01
9.501587301587302026e-01
9.498412698412698196e-01
9.495238095238095477e-01
9.495238095238095477e-01
9.495238095238095477e-01
9.495238095238095477e-01
9.495238095238095477e-01
9.495238095238095477e-01
9.495238095238095477e-01
9.492063492063491648e-01
9.492063492063491648e-01
9.492063492063491648e-01
9.488888888888888928e-01
9.488888888888888928e-01
9.485714285714286209e-01
9.485714285714286209e-01
9.482539682539682380e-01
9.482539682539682380e-01
9.482539682539682380e-01
9.482539682539682380e-01
9.479365079365079660e-01
9.479365079365079660e-01
9.479365079365079660e-01
9.476190476190475831e-01
9.473015873015873112e-01
9.473015873015873112e-01
9.473015873015873112e-01
9.473015873015873112e-01
9.473015873015873112e-01
9.473015873015873112e-01
9.473015873015873112e-01
9.473015873015873112e-01
9.473015873015873112e-01
9.473015873015873112e-01
9.469841269841270393e-01
9.469841269841270393e-01
9.469841269841270393e-01
9.469841269841270393e-01
9.469841269841270393e-01
9.469841269841270393e-01
9.469841269841270393e-01
9.469841269841270393e-01
9.469841269841270393e-01
9.469841269841270393e-01
9.469841269841270393e-01
9.469841269841270393e-01
9.469841269841270393e-01
9.469841269841270393e-01
9.466666666666666563e-01
9.463492063492063844e-01
9.463492063492063844e-01
9.460317460317460014e-01
9.460317460317460014e-01
9.460317460317460014e-01
9.460317460317460014e-01
9.460317460317460014e-01
9.460317460317460014e-01
9.460317460317460014e-01
9.460317460317460014e-01
9.457142857142857295e-01
9.453968253968253466e-01
9.453968253968253466e-01
9.453968253968253466e-01
9.453968253968253466e-01
9.453968253968253466e-01
9.450793650793650746e-01
9.450793650793650746e-01
9.450793650793650746e-01
9.447619047619048027e-01
9.447619047619048027e-01
9.447619047619048027e-01
9.444444444444444198e-01
9.444444444444444198e-01
9.441269841269841478e-01
9.441269841269841478e-01
9.441269841269841478e-01
9.441269841269841478e-01
9.438095238095237649e-01
9.438095238095237649e-01
9.438095238095237649e-01
9.434920634920634930e-01
9.431746031746032211e-01
9.428571428571428381e-01
9.428571428571428381e-01
9.428571428571428381e-01
9.428571428571428381e-01
9.428571428571428381e-01
9.428571428571428381e-01
9.428571428571428381e-01
9.428571428571428381e-01
9.425396825396825662e-01
9.425396825396825662e-01
9.425396825396825662e-01
9.425396825396825662e-01
9.425396825396825662e-01
9.425396825396825662e-01
9.425396825396825662e-01
9.425396825396825662e-01
9.425396825396825662e-01
9.425396825396825662e-01
9.425396825396825662e-01
9.425396825396825662e-01
9.422222222222221832e-01
9.419047619047619113e-01
9.415873015873016394e-01
9.415873015873016394e-01
9.415873015873016394e-01
9.415873015873016394e-01
9.415873015873016394e-01
9.415873015873016394e-01
9.412698412698412564e-01
9.412698412698412564e-01
9.409523809523809845e-01
9.406349206349206016e-01
9.406349206349206016e-01
9.406349206349206016e-01
9.406349206349206016e-01
9.406349206349206016e-01
9.406349206349206016e-01
9.406349206349206016e-01
9.406349206349206016e-01
9.406349206349206016e-01
9.406349206349206016e-01
9.403174603174603297e-01
9.403174603174603297e-01
9.403174603174603297e-01
9.403174603174603297e-01
9.403174603174603297e-01
9.403174603174603297e-01
9.396825396825396748e-01
9.393650793650794029e-01
9.393650793650794029e-01
9.393650793650794029e-01
9.393650793650794029e-01
9.390476190476190199e-01
9.390476190476190199e-01
9.384126984126983650e-01
9.384126984126983650e-01
9.380952380952380931e-01
9.377777777777778212e-01
9.377777777777778212e-01
9.377777777777778212e-01
9.377777777777778212e-01
9.377777777777778212e-01
9.374603174603174383e-01
9.374603174603174383e-01
9.374603174603174383e-01
9.374603174603174383e-01
9.371428571428571663e-01
9.371428571428571663e-01
9.371428571428571663e-01
9.371428571428571663e-01
9.371428571428571663e-01
9.371428571428571663e-01
9.371428571428571663e-01
9.371428571428571663e-01
9.371428571428571663e-01
9.361904761904762395e-01
9.358730158730158566e-01
9.358730158730158566e-01
9.358730158730158566e-01
9.358730158730158566e-01
9.358730158730158566e-01
9.358730158730158566e-01
9.358730158730158566e-01
9.358730158730158566e-01
9.355555555555555847e-01
9.352380952380952017e-01
9.352380952380952017e-01
9.349206349206349298e-01
9.349206349206349298e-01
9.349206349206349298e-01
9.349206349206349298e-01
9.346031746031746579e-01
9.342857142857142749e-01
9.339682539682540030e-01
9.339682539682540030e-01
9.339682539682540030e-01
9.339682539682540030e-01
9.336507936507936201e-01
9.333333333333333481e-01
9.333333333333333481e-01
9.333333333333333481e-01
9.333333333333333481e-01
9.330158730158729652e-01
9.330158730158729652e-01
9.330158730158729652e-01
9.326984126984126933e-01
9.323809523809524213e-01
9.323809523809524213e-01
9.323809523809524213e-01
9.323809523809524213e-01
9.320634920634920384e-01
9.320634920634920384e-01
9.317460317460317665e-01
9.317460317460317665e-01
9.317460317460317665e-01
9.317460317460317665e-01
9.317460317460317665e-01
9.317460317460317665e-01
9.317460317460317665e-01
9.317460317460317665e-01
9.317460317460317665e-01
9.317460317460317665e-01
9.317460317460317665e-01
9.317460317460317665e-01
9.314285714285713835e-01
9.314285714285713835e-01
9.314285714285713835e-01
9.314285714285713835e-01
9.314285714285713835e-01
9.314285714285713835e-01
9.314285714285713835e-01
9.314285714285713835e-01
9.314285714285713835e-01
9.314285714285713835e-01
9.314285714285713835e-01
9.314285714285713835e-01
9.314285714285713835e-01
9.311111111111111116e-01
9.307936507936508397e-01
9.307936507936508397e-01
9.307936507936508397e-01
9.304761904761904567e-01
9.301587301587301848e-01
9.301587301587301848e-01
9.301587301587301848e-01
9.301587301587301848e-01
9.301587301587301848e-01
9.301587301587301848e-01
9.298412698412698019e-01
9.295238095238095299e-01
9.295238095238095299e-01
9.295238095238095299e-01
9.295238095238095299e-01
9.295238095238095299e-01
9.295238095238095299e-01
9.295238095238095299e-01
9.295238095238095299e-01
9.292063492063492580e-01
9.292063492063492580e-01
9.292063492063492580e-01
9.292063492063492580e-01
9.292063492063492580e-01
9.288888888888888751e-01
9.288888888888888751e-01
9.288888888888888751e-01
9.288888888888888751e-01
9.285714285714286031e-01
9.285714285714286031e-01
9.285714285714286031e-01
9.285714285714286031e-01
9.282539682539682202e-01
9.282539682539682202e-01
9.282539682539682202e-01
9.282539682539682202e-01
9.279365079365079483e-01
9.276190476190475653e-01
9.276190476190475653e-01
9.276190476190475653e-01
9.276190476190475653e-01
9.276190476190475653e-01
9.276190476190475653e-01
9.276190476190475653e-01
9.276190476190475653e-01
9.273015873015872934e-01
9.269841269841270215e-01
9.269841269841270215e-01
9.269841269841270215e-01
9.269841269841270215e-01
9.269841269841270215e-01
9.269841269841270215e-01
9.269841269841270215e-01
9.269841269841270215e-01
9.269841269841270215e-01
9.269841269841270215e-01
9.266666666666666385e-01
9.266666666666666385e-01
9.266666666666666385e-01
9.263492063492063666e-01
9.263492063492063666e-01
9.263492063492063666e-01
9.263492063492063666e-01
9.263492063492063666e-01
9.263492063492063666e-01
9.260317460317459837e-01
9.260317460317459837e-01
9.257142857142857117e-01
9.257142857142857117e-01
9.253968253968254398e-01
9.253968253968254398e-01
9.250793650793650569e-01
9.250793650793650569e-01
9.250793650793650569e-01
9.247619047619047850e-01
9.247619047619047850e-01
9.244444444444444020e-01
9.244444444444444020e-01
9.244444444444444020e-01
9.244444444444444020e-01
9.244444444444444020e-01
9.244444444444444020e-01
9.241269841269841301e-01
9.241269841269841301e-01
9.241269841269841301e-01
9.241269841269841301e-01
9.241269841269841301e-01
9.241269841269841301e-01
9.241269841269841301e-01
9.241269841269841301e-01
9.241269841269841301e-01
9.241269841269841301e-01
9.238095238095238582e-01
9.238095238095238582e-01
9.238095238095238582e-01
9.238095238095238582e-01
9.238095238095238582e-01
9.234920634920634752e-01
9.234920634920634752e-01
9.234920634920634752e-01
9.234920634920634752e-01
9.234920634920634752e-01
9.234920634920634752e-01
9.234920634920634752e-01
9.234920634920634752e-01
9.231746031746032033e-01
9.231746031746032033e-01
9.231746031746032033e-01
9.228571428571428203e-01
9.228571428571428203e-01
9.228571428571428203e-01
9.228571428571428203e-01
9.228571428571428203e-01
9.228571428571428203e-01
9.228571428571428203e-01
9.228571428571428203e-01
9.228571428571428203e-01
9.228571428571428203e-01
9.228571428571428203e-01
9.228571428571428203e-01
9.228571428571428203e-01
9.228571428571428203e-01
9.228571428571428203e-01
9.222222222222222765e-01
9.222222222222222765e-01
9.222222222222222765e-01
9.219047619047618936e-01
9.219047619047618936e-01
9.219047619047618936e-01
9.219047619047618936e-01
9.219047619047618936e-01
9.219047619047618936e-01
9.219047619047618936e-01
9.219047619047618936e-01
9.219047619047618936e-01
9.219047619047618936e-01
9.219047619047618936e-01
9.219047619047618936e-01
9.215873015873016216e-01
9.215873015873016216e-01
9.215873015873016216e-01
9.215873015873016216e-01
9.212698412698412387e-01
9.212698412698412387e-01
9.212698412698412387e-01
9.212698412698412387e-01
9.212698412698412387e-01
9.209523809523809668e-01
9.209523809523809668e-01
9.209523809523809668e-01
9.209523809523809668e-01
9.209523809523809668e-01
9.209523809523809668e-01
9.206349206349205838e-01
9.206349206349205838e-01
9.206349206349205838e-01
9.206349206349205838e-01
9.206349206349205838e-01
9.206349206349205838e-01
9.206349206349205838e-01
9.206349206349205838e-01
9.206349206349205838e-01
9.206349206349205838e-01
9.206349206349205838e-01
9.206349206349205838e-01
9.200000000000000400e-01
9.200000000000000400e-01
9.200000000000000400e-01
9.196825396825396570e-01
9.196825396825396570e-01
9.196825396825396570e-01
9.196825396825396570e-01
9.196825396825396570e-01
9.196825396825396570e-01
9.196825396825396570e-01
9.196825396825396570e-01
9.196825396825396570e-01
9.193650793650793851e-01
9.193650793650793851e-01
9.193650793650793851e-01
9.193650793650793851e-01
9.193650793650793851e-01
9.193650793650793851e-01
9.193650793650793851e-01
9.193650793650793851e-01
9.193650793650793851e-01
9.193650793650793851e-01
9.193650793650793851e-01
9.193650793650793851e-01
9.193650793650793851e-01
9.190476190476190022e-01
9.187301587301587302e-01
9.187301587301587302e-01
9.187301587301587302e-01
9.177777777777778034e-01
9.177777777777778034e-01
9.174603174603174205e-01
9.171428571428571486e-01
9.171428571428571486e-01
9.171428571428571486e-01
9.171428571428571486e-01
9.171428571428571486e-01
9.171428571428571486e-01
9.171428571428571486e-01
9.171428571428571486e-01
9.171428571428571486e-01
9.171428571428571486e-01
9.168253968253968766e-01
9.165079365079364937e-01
9.165079365079364937e-01
9.165079365079364937e-01
9.165079365079364937e-01
9.165079365079364937e-01
9.165079365079364937e-01
9.165079365079364937e-01
9.165079365079364937e-01
9.165079365079364937e-01
9.161904761904762218e-01
9.161904761904762218e-01
9.161904761904762218e-01
9.161904761904762218e-01
9.161904761904762218e-01
9.158730158730158388e-01
9.155555555555555669e-01
9.155555555555555669e-01
9.152380952380951840e-01
9.149206349206349120e-01
9.149206349206349120e-01
9.149206349206349120e-01
9.146031746031746401e-01
9.146031746031746401e-01
9.146031746031746401e-01
9.142857142857142572e-01
9.142857142857142572e-01
9.142857142857142572e-01
9.142857142857142572e-01
9.142857142857142572e-01
9.142857142857142572e-01
9.142857142857142572e-01
9.142857142857142572e-01
9.142857142857142572e-01
9.142857142857142572e-01
9.142857142857142572e-01
9.142857142857142572e-01
9.142857142857142572e-01
9.142857142857142572e-01
9.142857142857142572e-01
9.142857142857142572e-01
9.139682539682539852e-01
9.139682539682539852e-01
9.139682539682539852e-01
9.139682539682539852e-01
9.139682539682539852e-01
9.136507936507936023e-01
9.133333333333333304e-01
9.130158730158730584e-01
9.130158730158730584e-01
9.130158730158730584e-01
9.130158730158730584e-01
9.130158730158730584e-01
9.126984126984126755e-01
9.126984126984126755e-01
9.126984126984126755e-01
9.126984126984126755e-01
9.126984126984126755e-01
9.126984126984126755e-01
9.126984126984126755e-01
9.126984126984126755e-01
9.126984126984126755e-01
9.126984126984126755e-01
9.126984126984126755e-01
9.123809523809524036e-01
9.123809523809524036e-01
9.123809523809524036e-01
9.123809523809524036e-01
9.123809523809524036e-01
9.120634920634920206e-01
9.120634920634920206e-01
9.120634920634920206e-01
9.120634920634920206e-01
9.117460317460317487e-01
9.117460317460317487e-01
9.114285714285714768e-01
9.114285714285714768e-01
9.114285714285714768e-01
9.114285714285714768e-01
9.111111111111110938e-01
9.107936507936508219e-01
9.104761904761904390e-01
9.104761904761904390e-01
9.104761904761904390e-01
9.104761904761904390e-01
9.101587301587301670e-01
9.098412698412698951e-01
9.098412698412698951e-01
9.098412698412698951e-01
9.098412698412698951e-01
9.098412698412698951e-01
9.098412698412698951e-01
9.098412698412698951e-01
9.098412698412698951e-01
9.098412698412698951e-01
9.098412698412698951e-01
9.098412698412698951e-01
9.095238095238095122e-01
9.092063492063492403e-01
9.088888888888888573e-01
9.088888888888888573e-01
9.085714285714285854e-01
9.085714285714285854e-01
9.085714285714285854e-01
9.082539682539682024e-01
9.082539682539682024e-01
9.082539682539682024e-01
9.079365079365079305e-01
9.076190476190476586e-01
9.076190476190476586e-01
9.076190476190476586e-01
9.073015873015872756e-01
9.073015873015872756e-01
9.073015873015872756e-01
9.073015873015872756e-01
9.073015873015872756e-01
9.069841269841270037e-01
9.069841269841270037e-01
9.069841269841270037e-01
9.066666666666666208e-01
9.066666666666666208e-01
9.066666666666666208e-01
9.063492063492063489e-01
9.060317460317460769e-01
9.060317460317460769e-01
9.057142857142856940e-01
9.057142857142856940e-01
9.053968253968254221e-01
9.053968253968254221e-01
9.053968253968254221e-01
9.053968253968254221e-01
9.053968253968254221e-01
9.053968253968254221e-01
9.053968253968254221e-01
9.053968253968254221e-01
9.050793650793650391e-01
9.047619047619047672e-01
9.044444444444444953e-01
9.044444444444444953e-01
9.041269841269841123e-01
9.038095238095238404e-01
9.038095238095238404e-01
9.038095238095238404e-01
9.038095238095238404e-01
9.034920634920634575e-01
9.034920634920634575e-01
9.034920634920634575e-01
9.031746031746031855e-01
9.031746031746031855e-01
9.031746031746031855e-01
9.031746031746031855e-01
9.028571428571428026e-01
9.028571428571428026e-01
9.025396825396825307e-01
9.025396825396825307e-01
9.022222222222222587e-01
9.022222222222222587e-01
9.019047619047618758e-01
9.019047619047618758e-01
9.019047619047618758e-01
9.019047619047618758e-01
9.019047619047618758e-01
9.015873015873016039e-01
9.012698412698412209e-01
9.012698412698412209e-01
9.012698412698412209e-01
9.012698412698412209e-01
9.012698412698412209e-01
9.012698412698412209e-01
9.006349206349206771e-01
9.003174603174602941e-01
9.000000000000000222e-01
8.996825396825396393e-01
8.996825396825396393e-01
8.996825396825396393e-01
8.996825396825396393e-01
8.996825396825396393e-01
8.993650793650793673e-01
8.993650793650793673e-01
8.990476190476190954e-01
8.987301587301587125e-01
8.987301587301587125e-01
8.987301587301587125e-01
8.987301587301587125e-01
8.987301587301587125e-01
8.987301587301587125e-01
8.987301587301587125e-01
8.984126984126984405e-01
8.980952380952380576e-01
8.977777777777777857e-01
8.974603174603175137e-01
8.974603174603175137e-01
8.974603174603175137e-01
8.974603174603175137e-01
8.974603174603175137e-01
8.974603174603175137e-01
8.974603174603175137e-01
8.974603174603175137e-01
8.968253968253968589e-01
8.965079365079364759e-01
8.965079365079364759e-01
8.958730158730158211e-01
8.955555555555555491e-01
8.952380952380952772e-01
8.949206349206348943e-01
8.946031746031746223e-01
8.942857142857142394e-01
8.942857142857142394e-01
8.942857142857142394e-01
8.942857142857142394e-01
8.942857142857142394e-01
8.939682539682539675e-01
8.936507936507936956e-01
8.926984126984126577e-01
8.926984126984126577e-01
8.926984126984126577e-01
8.926984126984126577e-01
8.926984126984126577e-01
8.926984126984126577e-01
8.923809523809523858e-01
8.923809523809523858e-01
8.920634920634921139e-01
8.920634920634921139e-01
8.917460317460317309e-01
8.917460317460317309e-01
8.917460317460317309e-01
8.917460317460317309e-01
8.917460317460317309e-01
8.917460317460317309e-01
8.914285714285714590e-01
8.914285714285714590e-01
8.914285714285714590e-01
8.911111111111110761e-01
8.911111111111110761e-01
8.911111111111110761e-01
8.911111111111110761e-01
8.911111111111110761e-01
8.907936507936508042e-01
8.907936507936508042e-01
8.907936507936508042e-01
8.907936507936508042e-01
8.904761904761904212e-01
8.904761904761904212e-01
8.904761904761904212e-01
8.901587301587301493e-01
8.898412698412698774e-01
8.898412698412698774e-01
8.898412698412698774e-01
8.898412698412698774e-01
8.898412698412698774e-01
8.895238095238094944e-01
8.892063492063492225e-01
8.888888888888888395e-01
8.888888888888888395e-01
8.885714285714285676e-01
8.885714285714285676e-01
8.885714285714285676e-01
8.882539682539682957e-01
8.879365079365079128e-01
8.873015873015872579e-01
8.869841269841269860e-01
8.866666666666667140e-01
8.866666666666667140e-01
8.863492063492063311e-01
8.863492063492063311e-01
8.860317460317460592e-01
8.860317460317460592e-01
8.853968253968254043e-01
8.853968253968254043e-01
8.828571428571428958e-01
8.828571428571428958e-01
8.828571428571428958e-01
8.825396825396825129e-01
8.825396825396825129e-01
8.825396825396825129e-01
8.822222222222222410e-01
8.822222222222222410e-01
8.822222222222222410e-01
8.819047619047618580e-01
8.819047619047618580e-01
8.819047619047618580e-01
8.819047619047618580e-01
8.819047619047618580e-01
8.819047619047618580e-01
8.819047619047618580e-01
8.815873015873015861e-01
8.815873015873015861e-01
8.815873015873015861e-01
8.815873015873015861e-01
8.815873015873015861e-01
8.812698412698413142e-01
8.812698412698413142e-01
8.812698412698413142e-01
8.812698412698413142e-01
8.812698412698413142e-01
8.793650793650793496e-01
8.793650793650793496e-01
8.793650793650793496e-01
8.790476190476190776e-01
8.790476190476190776e-01
8.790476190476190776e-01
8.784126984126984228e-01
8.780952380952380398e-01
8.780952380952380398e-01
8.777777777777777679e-01
8.774603174603174960e-01
8.771428571428571130e-01
8.771428571428571130e-01
8.768253968253968411e-01
8.768253968253968411e-01
8.768253968253968411e-01
8.768253968253968411e-01
8.765079365079364582e-01
8.758730158730159143e-01
8.752380952380952595e-01
8.752380952380952595e-01
8.749206349206348765e-01
8.749206349206348765e-01
8.739682539682539497e-01
8.736507936507936778e-01
8.733333333333332948e-01
8.733333333333332948e-01
8.730158730158730229e-01
8.726984126984127510e-01
8.726984126984127510e-01
8.726984126984127510e-01
8.726984126984127510e-01
8.711111111111110583e-01
8.711111111111110583e-01
8.711111111111110583e-01
8.707936507936507864e-01
8.704761904761905145e-01
8.701587301587301315e-01
8.701587301587301315e-01
8.698412698412698596e-01
8.698412698412698596e-01
8.698412698412698596e-01
8.698412698412698596e-01
8.695238095238094767e-01
8.695238095238094767e-01
8.692063492063492047e-01
8.688888888888889328e-01
8.688888888888889328e-01
8.688888888888889328e-01
8.685714285714285499e-01
8.682539682539682779e-01
8.679365079365078950e-01
8.679365079365078950e-01
8.676190476190476231e-01
8.673015873015873511e-01
8.669841269841269682e-01
8.666666666666666963e-01
8.663492063492063133e-01
8.660317460317460414e-01
8.657142857142857695e-01
8.653968253968253865e-01
8.653968253968253865e-01
8.650793650793651146e-01
8.650793650793651146e-01
8.650793650793651146e-01
8.647619047619047317e-01
8.647619047619047317e-01
8.644444444444444597e-01
8.644444444444444597e-01
8.641269841269840768e-01
8.638095238095238049e-01
8.634920634920635329e-01
8.631746031746031500e-01
8.628571428571428781e-01
8.625396825396824951e-01
8.625396825396824951e-01
8.625396825396824951e-01
8.625396825396824951e-01
8.625396825396824951e-01
8.625396825396824951e-01
8.625396825396824951e-01
8.625396825396824951e-01
8.625396825396824951e-01
8.625396825396824951e-01
8.625396825396824951e-01
8.622222222222222232e-01
8.622222222222222232e-01
8.619047619047619513e-01
8.619047619047619513e-01
8.619047619047619513e-01
8.619047619047619513e-01
8.619047619047619513e-01
8.615873015873015683e-01
8.612698412698412964e-01
8.609523809523809135e-01
8.609523809523809135e-01
8.609523809523809135e-01
8.606349206349206415e-01
8.606349206349206415e-01
8.606349206349206415e-01
8.606349206349206415e-01
8.603174603174603696e-01
8.603174603174603696e-01
8.599999999999999867e-01
8.596825396825397148e-01
8.593650793650793318e-01
8.593650793650793318e-01
8.590476190476190599e-01
8.590476190476190599e-01
8.590476190476190599e-01
8.590476190476190599e-01
8.587301587301586769e-01
8.587301587301586769e-01
8.587301587301586769e-01
8.584126984126984050e-01
8.580952380952381331e-01
8.577777777777777501e-01
8.574603174603174782e-01
8.571428571428570953e-01
8.571428571428570953e-01
8.571428571428570953e-01
8.571428571428570953e-01
8.571428571428570953e-01
8.571428571428570953e-01
8.568253968253968234e-01
8.565079365079365514e-01
8.565079365079365514e-01
8.565079365079365514e-01
8.561904761904761685e-01
8.558730158730158966e-01
8.555555555555555136e-01
8.555555555555555136e-01
8.552380952380952417e-01
8.552380952380952417e-01
8.552380952380952417e-01
8.552380952380952417e-01
8.552380952380952417e-01
8.549206349206349698e-01
8.549206349206349698e-01
8.546031746031745868e-01
8.546031746031745868e-01
8.546031746031745868e-01
8.546031746031745868e-01
8.542857142857143149e-01
8.542857142857143149e-01
8.539682539682539320e-01
8.536507936507936600e-01
8.536507936507936600e-01
8.536507936507936600e-01
8.533333333333333881e-01
8.530158730158730052e-01
8.530158730158730052e-01
8.530158730158730052e-01
8.530158730158730052e-01
8.526984126984127332e-01
8.523809523809523503e-01
8.520634920634920784e-01
8.520634920634920784e-01
8.520634920634920784e-01
8.517460317460316954e-01
8.514285714285714235e-01
8.511111111111111516e-01
8.504761904761904967e-01
8.501587301587301138e-01
8.498412698412698418e-01
8.495238095238095699e-01
8.495238095238095699e-01
8.495238095238095699e-01
8.492063492063491870e-01
8.488888888888889150e-01
8.485714285714285321e-01
8.482539682539682602e-01
8.479365079365079882e-01
8.476190476190476053e-01
8.473015873015873334e-01
8.473015873015873334e-01
8.469841269841269504e-01
8.466666666666666785e-01
8.463492063492062956e-01
8.460317460317460236e-01
8.457142857142857517e-01
8.457142857142857517e-01
8.457142857142857517e-01
8.453968253968253688e-01
8.450793650793650968e-01
8.450793650793650968e-01
8.447619047619047139e-01
8.444444444444444420e-01
8.444444444444444420e-01
8.441269841269841701e-01
8.438095238095237871e-01
8.438095238095237871e-01
8.434920634920635152e-01
8.431746031746031322e-01
8.428571428571428603e-01
8.428571428571428603e-01
8.428571428571428603e-01
8.425396825396825884e-01
8.422222222222222054e-01
8.422222222222222054e-01
8.419047619047619335e-01
8.419047619047619335e-01
8.419047619047619335e-01
8.419047619047619335e-01
8.419047619047619335e-01
8.419047619047619335e-01
8.415873015873015506e-01
8.415873015873015506e-01
8.415873015873015506e-01
8.412698412698412787e-01
8.412698412698412787e-01
8.412698412698412787e-01
8.412698412698412787e-01
8.412698412698412787e-01
8.412698412698412787e-01
8.412698412698412787e-01
8.412698412698412787e-01
8.412698412698412787e-01
8.412698412698412787e-01
8.409523809523810067e-01
8.409523809523810067e-01
8.409523809523810067e-01
8.406349206349206238e-01
8.403174603174603519e-01
8.399999999999999689e-01
8.399999999999999689e-01
8.399999999999999689e-01
8.396825396825396970e-01
8.396825396825396970e-01
8.393650793650793140e-01
8.393650793650793140e-01
8.393650793650793140e-01
8.393650793650793140e-01
8.393650793650793140e-01
8.393650793650793140e-01
8.393650793650793140e-01
8.393650793650793140e-01
8.393650793650793140e-01
8.390476190476190421e-01
8.390476190476190421e-01
8.387301587301587702e-01
8.387301587301587702e-01
8.387301587301587702e-01
8.387301587301587702e-01
8.384126984126983873e-01
8.380952380952381153e-01
8.380952380952381153e-01
8.380952380952381153e-01
8.380952380952381153e-01
8.380952380952381153e-01
8.377777777777777324e-01
8.377777777777777324e-01
8.374603174603174605e-01
8.371428571428571885e-01
8.368253968253968056e-01
8.368253968253968056e-01
8.368253968253968056e-01
8.365079365079365337e-01
8.358730158730158788e-01
8.355555555555556069e-01
8.352380952380952239e-01
8.352380952380952239e-01
8.352380952380952239e-01
8.349206349206349520e-01
8.346031746031745691e-01
8.346031746031745691e-01
8.346031746031745691e-01
8.342857142857142971e-01
8.342857142857142971e-01
8.342857142857142971e-01
8.342857142857142971e-01
8.339682539682539142e-01
8.336507936507936423e-01
8.336507936507936423e-01
8.336507936507936423e-01
8.336507936507936423e-01
8.333333333333333703e-01
8.330158730158729874e-01
8.326984126984127155e-01
8.323809523809523325e-01
8.320634920634920606e-01
8.320634920634920606e-01
8.317460317460317887e-01
8.314285714285714057e-01
8.314285714285714057e-01
8.314285714285714057e-01
8.311111111111111338e-01
8.311111111111111338e-01
8.307936507936507509e-01
8.304761904761904789e-01
8.304761904761904789e-01
8.301587301587302070e-01
8.298412698412698241e-01
8.295238095238095521e-01
8.292063492063491692e-01
8.288888888888888973e-01
8.288888888888888973e-01
8.288888888888888973e-01
8.285714285714286254e-01
8.282539682539682424e-01
8.279365079365079705e-01
8.276190476190475875e-01
8.273015873015873156e-01
8.273015873015873156e-01
8.269841269841269327e-01
8.266666666666666607e-01
8.263492063492063888e-01
8.263492063492063888e-01
8.263492063492063888e-01
8.260317460317460059e-01
8.260317460317460059e-01
8.260317460317460059e-01
8.260317460317460059e-01
8.257142857142857340e-01
8.257142857142857340e-01
8.250793650793650791e-01
8.250793650793650791e-01
8.250793650793650791e-01
8.250793650793650791e-01
8.250793650793650791e-01
8.250793650793650791e-01
8.250793650793650791e-01
8.250793650793650791e-01
8.247619047619048072e-01
8.244444444444444242e-01
8.244444444444444242e-01
8.241269841269841523e-01
8.238095238095237693e-01
8.234920634920634974e-01
8.231746031746032255e-01
8.231746031746032255e-01
8.228571428571428426e-01
8.228571428571428426e-01
8.225396825396825706e-01
8.212698412698412609e-01
8.209523809523809890e-01
8.206349206349206060e-01
8.203174603174603341e-01
8.199999999999999512e-01
8.199999999999999512e-01
8.196825396825396792e-01
8.196825396825396792e-01
8.193650793650794073e-01
8.190476190476190244e-01
8.187301587301587524e-01
8.187301587301587524e-01
8.184126984126983695e-01
8.180952380952380976e-01
8.180952380952380976e-01
8.180952380952380976e-01
8.180952380952380976e-01
8.177777777777778256e-01
8.177777777777778256e-01
8.174603174603174427e-01
8.171428571428571708e-01
8.168253968253967878e-01
8.165079365079365159e-01
8.161904761904762440e-01
8.161904761904762440e-01
8.161904761904762440e-01
8.161904761904762440e-01
8.161904761904762440e-01
8.161904761904762440e-01
8.161904761904762440e-01
8.161904761904762440e-01
8.161904761904762440e-01
8.158730158730158610e-01
8.155555555555555891e-01
8.152380952380952062e-01
8.152380952380952062e-01
8.149206349206349342e-01
8.149206349206349342e-01
8.149206349206349342e-01
8.142857142857142794e-01
8.142857142857142794e-01
8.139682539682540074e-01
8.136507936507936245e-01
8.136507936507936245e-01
8.133333333333333526e-01
8.130158730158729696e-01
8.130158730158729696e-01
8.130158730158729696e-01
8.126984126984126977e-01
8.123809523809524258e-01
8.123809523809524258e-01
8.123809523809524258e-01
8.120634920634920428e-01
8.120634920634920428e-01
8.120634920634920428e-01
8.120634920634920428e-01
8.120634920634920428e-01
8.117460317460317709e-01
8.117460317460317709e-01
8.117460317460317709e-01
8.117460317460317709e-01
8.117460317460317709e-01
8.114285714285713880e-01
8.111111111111111160e-01
8.111111111111111160e-01
8.107936507936508441e-01
8.107936507936508441e-01
8.104761904761904612e-01
8.104761904761904612e-01
8.101587301587301893e-01
8.098412698412698063e-01
8.098412698412698063e-01
8.098412698412698063e-01
8.095238095238095344e-01
8.092063492063491514e-01
8.092063492063491514e-01
8.092063492063491514e-01
8.088888888888888795e-01
8.088888888888888795e-01
8.088888888888888795e-01
8.088888888888888795e-01
8.085714285714286076e-01
8.082539682539682246e-01
8.079365079365079527e-01
8.079365079365079527e-01
8.079365079365079527e-01
8.079365079365079527e-01
8.079365079365079527e-01
8.079365079365079527e-01
8.076190476190475698e-01
8.073015873015872979e-01
8.069841269841270259e-01
8.066666666666666430e-01
8.066666666666666430e-01
8.063492063492063711e-01
8.060317460317459881e-01
8.057142857142857162e-01
8.053968253968254443e-01
8.050793650793650613e-01
8.050793650793650613e-01
8.047619047619047894e-01
8.047619047619047894e-01
8.044444444444444065e-01
8.044444444444444065e-01
8.041269841269841345e-01
8.041269841269841345e-01
8.041269841269841345e-01
8.041269841269841345e-01
8.041269841269841345e-01
8.041269841269841345e-01
8.041269841269841345e-01
8.038095238095238626e-01
8.034920634920634797e-01
8.031746031746032077e-01
8.028571428571428248e-01
8.025396825396825529e-01
8.022222222222221699e-01
8.022222222222221699e-01
8.019047619047618980e-01
8.015873015873016261e-01
8.012698412698412431e-01
8.012698412698412431e-01
8.012698412698412431e-01
8.009523809523809712e-01
8.009523809523809712e-01
8.006349206349205883e-01
8.006349206349205883e-01
8.006349206349205883e-01
8.003174603174603163e-01
8.003174603174603163e-01
8.000000000000000444e-01
7.996825396825396615e-01
7.993650793650793895e-01
7.993650793650793895e-01
7.990476190476190066e-01
7.987301587301587347e-01
7.977777777777778079e-01
7.974603174603174249e-01
7.971428571428571530e-01
7.968253968253967701e-01
7.965079365079364981e-01
7.961904761904762262e-01
7.961904761904762262e-01
7.955555555555555713e-01
7.952380952380951884e-01
7.949206349206349165e-01
7.946031746031746446e-01
7.946031746031746446e-01
7.942857142857142616e-01
7.942857142857142616e-01
7.939682539682539897e-01
7.939682539682539897e-01
7.936507936507936067e-01
7.926984126984126799e-01
7.923809523809524080e-01
7.920634920634920251e-01
7.917460317460317532e-01
7.917460317460317532e-01
7.914285714285714812e-01
7.911111111111110983e-01
7.907936507936508264e-01
7.904761904761904434e-01
7.904761904761904434e-01
7.901587301587301715e-01
7.898412698412697885e-01
7.895238095238095166e-01
7.895238095238095166e-01
7.892063492063492447e-01
7.892063492063492447e-01
7.888888888888888618e-01
7.885714285714285898e-01
7.882539682539682069e-01
7.879365079365079350e-01
7.876190476190476630e-01
7.873015873015872801e-01
7.869841269841270082e-01
7.869841269841270082e-01
7.866666666666666252e-01
7.866666666666666252e-01
7.863492063492063533e-01
7.860317460317460814e-01
7.857142857142856984e-01
7.853968253968254265e-01
7.853968253968254265e-01
7.850793650793650436e-01
7.847619047619047716e-01
7.841269841269841168e-01
7.838095238095238448e-01
7.831746031746031900e-01
7.828571428571428070e-01
7.828571428571428070e-01
7.825396825396825351e-01
7.822222222222222632e-01
7.819047619047618802e-01
7.803174603174602986e-01
7.800000000000000266e-01
7.800000000000000266e-01
7.800000000000000266e-01
7.796825396825396437e-01
7.793650793650793718e-01
7.793650793650793718e-01
7.790476190476190999e-01
7.790476190476190999e-01
7.784126984126984450e-01
7.780952380952380620e-01
7.780952380952380620e-01
7.777777777777777901e-01
7.777777777777777901e-01
7.777777777777777901e-01
7.777777777777777901e-01
7.774603174603174072e-01
7.774603174603174072e-01
7.771428571428571352e-01
7.771428571428571352e-01
7.768253968253968633e-01
7.768253968253968633e-01
7.768253968253968633e-01
7.765079365079364804e-01
7.765079365079364804e-01
7.755555555555555536e-01
7.752380952380952817e-01
7.752380952380952817e-01
7.752380952380952817e-01
7.749206349206348987e-01
7.746031746031746268e-01
7.746031746031746268e-01
7.746031746031746268e-01
7.746031746031746268e-01
7.742857142857142438e-01
7.739682539682539719e-01
7.739682539682539719e-01
7.736507936507937000e-01
7.733333333333333171e-01
7.730158730158730451e-01
7.730158730158730451e-01
7.730158730158730451e-01
7.726984126984126622e-01
7.723809523809523903e-01
7.720634920634921183e-01
7.717460317460317354e-01
7.717460317460317354e-01
7.714285714285714635e-01
7.711111111111110805e-01
7.711111111111110805e-01
7.707936507936508086e-01
7.707936507936508086e-01
7.707936507936508086e-01
7.704761904761904256e-01
7.701587301587301537e-01
7.701587301587301537e-01
7.701587301587301537e-01
7.701587301587301537e-01
7.698412698412698818e-01
7.698412698412698818e-01
7.698412698412698818e-01
7.698412698412698818e-01
7.698412698412698818e-01
7.692063492063492269e-01
7.685714285714285721e-01
7.682539682539683001e-01
7.682539682539683001e-01
7.679365079365079172e-01
7.676190476190476453e-01
7.673015873015872623e-01
7.669841269841269904e-01
7.666666666666667185e-01
7.663492063492063355e-01
7.660317460317460636e-01
7.660317460317460636e-01
7.660317460317460636e-01
7.657142857142856807e-01
7.657142857142856807e-01
7.653968253968254087e-01
7.650793650793650258e-01
7.647619047619047539e-01
7.644444444444444819e-01
7.644444444444444819e-01
7.641269841269840990e-01
7.638095238095238271e-01
7.634920634920634441e-01
7.631746031746031722e-01
7.628571428571429003e-01
7.625396825396825173e-01
7.625396825396825173e-01
7.622222222222222454e-01
7.619047619047618625e-01
7.619047619047618625e-01
7.619047619047618625e-01
7.619047619047618625e-01
7.615873015873015905e-01
7.615873015873015905e-01
7.606349206349206638e-01
7.603174603174602808e-01
7.603174603174602808e-01
7.600000000000000089e-01
7.596825396825397370e-01
7.593650793650793540e-01
7.590476190476190821e-01
7.587301587301586991e-01
7.584126984126984272e-01
7.584126984126984272e-01
7.584126984126984272e-01
7.580952380952380443e-01
7.577777777777777724e-01
7.574603174603175004e-01
7.571428571428571175e-01
7.565079365079364626e-01
7.552380952380952639e-01
7.549206349206348809e-01
7.546031746031746090e-01
7.542857142857143371e-01
7.542857142857143371e-01
7.542857142857143371e-01
7.539682539682539542e-01
7.533333333333332993e-01
7.533333333333332993e-01
7.533333333333332993e-01
7.526984126984126444e-01
7.523809523809523725e-01
7.520634920634921006e-01
7.520634920634921006e-01
7.517460317460317176e-01
7.517460317460317176e-01
7.517460317460317176e-01
7.517460317460317176e-01
7.517460317460317176e-01
7.514285714285714457e-01
7.511111111111110628e-01
7.507936507936507908e-01
7.504761904761905189e-01
7.501587301587301360e-01
7.501587301587301360e-01
7.501587301587301360e-01
7.498412698412698640e-01
7.495238095238094811e-01
7.495238095238094811e-01
7.492063492063492092e-01
7.492063492063492092e-01
7.485714285714285543e-01
7.485714285714285543e-01
7.485714285714285543e-01
7.485714285714285543e-01
7.482539682539682824e-01
7.479365079365078994e-01
7.476190476190476275e-01
7.473015873015873556e-01
7.473015873015873556e-01
7.469841269841269726e-01
7.466666666666667007e-01
7.463492063492063178e-01
7.463492063492063178e-01
7.460317460317460458e-01
7.457142857142856629e-01
7.453968253968253910e-01
7.450793650793651191e-01
7.450793650793651191e-01
7.447619047619047361e-01
7.444444444444444642e-01
7.441269841269840812e-01
7.441269841269840812e-01
7.441269841269840812e-01
7.438095238095238093e-01
7.434920634920635374e-01
7.434920634920635374e-01
7.434920634920635374e-01
7.434920634920635374e-01
7.431746031746031544e-01
7.425396825396824996e-01
7.422222222222222276e-01
7.419047619047619557e-01
7.419047619047619557e-01
7.415873015873015728e-01
7.415873015873015728e-01
7.415873015873015728e-01
7.412698412698413009e-01
7.409523809523809179e-01
7.406349206349206460e-01
7.403174603174602630e-01
7.399999999999999911e-01
7.399999999999999911e-01
7.390476190476190643e-01
7.387301587301586814e-01
7.384126984126984095e-01
7.384126984126984095e-01
7.380952380952381375e-01
7.377777777777777546e-01
7.377777777777777546e-01
7.371428571428570997e-01
7.365079365079365559e-01
7.361904761904761729e-01
7.358730158730159010e-01
7.355555555555555181e-01
7.352380952380952461e-01
7.349206349206349742e-01
7.349206349206349742e-01
7.349206349206349742e-01
7.349206349206349742e-01
7.349206349206349742e-01
7.346031746031745913e-01
7.346031746031745913e-01
7.342857142857143193e-01
7.342857142857143193e-01
7.342857142857143193e-01
7.339682539682539364e-01
7.339682539682539364e-01
7.336507936507936645e-01
7.336507936507936645e-01
7.330158730158730096e-01
7.330158730158730096e-01
7.326984126984127377e-01
7.323809523809523547e-01
7.323809523809523547e-01
7.320634920634920828e-01
7.317460317460316999e-01
7.314285714285714279e-01
7.314285714285714279e-01
7.311111111111111560e-01
7.307936507936507731e-01
7.304761904761905011e-01
7.301587301587301182e-01
7.298412698412698463e-01
7.298412698412698463e-01
7.298412698412698463e-01
7.295238095238095744e-01
7.292063492063491914e-01
7.288888888888889195e-01
7.285714285714285365e-01
7.282539682539682646e-01
7.279365079365078817e-01
7.276190476190476097e-01
7.273015873015873378e-01
7.273015873015873378e-01
7.269841269841269549e-01
7.266666666666666829e-01
7.263492063492063000e-01
7.263492063492063000e-01
7.263492063492063000e-01
7.260317460317460281e-01
7.257142857142857562e-01
7.253968253968253732e-01
7.250793650793651013e-01
7.247619047619047183e-01
7.244444444444444464e-01
7.244444444444444464e-01
7.244444444444444464e-01
7.244444444444444464e-01
7.241269841269841745e-01
7.241269841269841745e-01
7.241269841269841745e-01
7.241269841269841745e-01
7.241269841269841745e-01
7.241269841269841745e-01
7.234920634920635196e-01
7.234920634920635196e-01
7.231746031746031367e-01
7.231746031746031367e-01
7.228571428571428648e-01
7.225396825396825928e-01
7.222222222222222099e-01
7.219047619047619380e-01
7.215873015873015550e-01
7.215873015873015550e-01
7.212698412698412831e-01
7.212698412698412831e-01
7.212698412698412831e-01
7.209523809523809001e-01
7.209523809523809001e-01
7.209523809523809001e-01
7.206349206349206282e-01
7.203174603174603563e-01
7.203174603174603563e-01
7.199999999999999734e-01
7.196825396825397014e-01
7.196825396825397014e-01
7.196825396825397014e-01
7.193650793650793185e-01
7.190476190476190466e-01
7.180952380952381198e-01
7.171428571428571930e-01
7.168253968253968100e-01
7.158730158730158832e-01
7.158730158730158832e-01
7.155555555555555003e-01
7.152380952380952284e-01
7.149206349206349564e-01
7.146031746031745735e-01
7.142857142857143016e-01
7.136507936507936467e-01
7.136507936507936467e-01
7.136507936507936467e-01
7.133333333333333748e-01
7.130158730158729918e-01
7.126984126984127199e-01
7.123809523809523370e-01
7.120634920634920650e-01
7.120634920634920650e-01
7.114285714285714102e-01
7.111111111111111382e-01
7.107936507936507553e-01
7.107936507936507553e-01
7.104761904761904834e-01
7.101587301587302115e-01
7.098412698412698285e-01
7.073015873015873201e-01
7.069841269841269371e-01
7.066666666666666652e-01
7.066666666666666652e-01
7.063492063492063933e-01
7.060317460317460103e-01
7.057142857142857384e-01
7.053968253968253554e-01
7.050793650793650835e-01
7.044444444444444287e-01
7.041269841269841567e-01
7.041269841269841567e-01
7.038095238095237738e-01
7.034920634920635019e-01
7.031746031746032299e-01
7.028571428571428470e-01
7.015873015873015373e-01
7.012698412698412653e-01
7.012698412698412653e-01
7.009523809523809934e-01
7.006349206349206105e-01
6.999999999999999556e-01
6.996825396825396837e-01
6.993650793650794117e-01
6.993650793650794117e-01
6.990476190476190288e-01
6.987301587301587569e-01
6.984126984126983739e-01
6.980952380952381020e-01
6.980952380952381020e-01
6.977777777777778301e-01
6.974603174603174471e-01
6.971428571428571752e-01
6.968253968253967923e-01
6.968253968253967923e-01
6.949206349206349387e-01
6.946031746031745557e-01
6.942857142857142838e-01
6.939682539682540119e-01
6.936507936507936289e-01
6.933333333333333570e-01
6.930158730158729741e-01
6.930158730158729741e-01
6.930158730158729741e-01
6.926984126984127021e-01
6.923809523809524302e-01
6.917460317460317754e-01
6.914285714285713924e-01
6.911111111111111205e-01
6.907936507936508486e-01
6.904761904761904656e-01
6.892063492063491559e-01
6.888888888888888840e-01
6.888888888888888840e-01
6.885714285714286120e-01
6.882539682539682291e-01
6.879365079365079572e-01
6.876190476190475742e-01
6.873015873015873023e-01
6.866666666666666474e-01
6.863492063492063755e-01
6.857142857142857206e-01
6.847619047619047938e-01
6.844444444444444109e-01
6.841269841269841390e-01
6.831746031746032122e-01
6.828571428571428292e-01
6.825396825396825573e-01
6.822222222222221744e-01
6.819047619047619024e-01
6.809523809523809756e-01
6.806349206349205927e-01
6.806349206349205927e-01
6.803174603174603208e-01
6.803174603174603208e-01
6.800000000000000488e-01
6.800000000000000488e-01
6.796825396825396659e-01
6.793650793650793940e-01
6.790476190476190110e-01
6.787301587301587391e-01
6.784126984126984672e-01
6.780952380952380842e-01
6.780952380952380842e-01
6.777777777777778123e-01
6.774603174603174294e-01
6.774603174603174294e-01
6.771428571428571574e-01
6.768253968253967745e-01
6.765079365079365026e-01
6.765079365079365026e-01
6.761904761904762307e-01
6.761904761904762307e-01
6.755555555555555758e-01
6.752380952380951928e-01
6.749206349206349209e-01
6.746031746031746490e-01
6.742857142857142660e-01
6.736507936507936112e-01
6.733333333333333393e-01
6.730158730158730673e-01
6.730158730158730673e-01
6.726984126984126844e-01
6.720634920634920295e-01
6.717460317460317576e-01
6.714285714285713746e-01
6.711111111111111027e-01
6.707936507936508308e-01
6.704761904761904479e-01
6.704761904761904479e-01
6.701587301587301759e-01
6.701587301587301759e-01
6.698412698412697930e-01
6.695238095238095211e-01
6.692063492063492491e-01
6.688888888888888662e-01
6.688888888888888662e-01
6.682539682539682113e-01
6.679365079365079394e-01
6.676190476190476675e-01
6.666666666666666297e-01
6.663492063492063577e-01
6.660317460317460858e-01
6.657142857142857029e-01
6.653968253968254309e-01
6.653968253968254309e-01
6.650793650793650480e-01
6.647619047619047761e-01
6.647619047619047761e-01
6.644444444444443931e-01
6.644444444444443931e-01
6.641269841269841212e-01
6.638095238095238493e-01
6.631746031746031944e-01
6.628571428571428115e-01
6.625396825396825395e-01
6.622222222222222676e-01
6.619047619047618847e-01
6.615873015873016127e-01
6.612698412698412298e-01
6.609523809523809579e-01
6.606349206349206860e-01
6.603174603174603030e-01
6.600000000000000311e-01
6.596825396825396481e-01
6.593650793650793762e-01
6.593650793650793762e-01
6.590476190476189933e-01
6.587301587301587213e-01
6.584126984126984494e-01
6.577777777777777946e-01
6.565079365079364848e-01
6.561904761904762129e-01
6.558730158730158299e-01
6.555555555555555580e-01
6.552380952380952861e-01
6.549206349206349032e-01
6.542857142857142483e-01
6.539682539682539764e-01
6.536507936507937044e-01
6.536507936507937044e-01
6.533333333333333215e-01
6.526984126984126666e-01
6.523809523809523947e-01
6.511111111111110850e-01
6.507936507936508130e-01
6.504761904761904301e-01
6.504761904761904301e-01
6.504761904761904301e-01
6.501587301587301582e-01
6.498412698412698862e-01
6.495238095238095033e-01
6.492063492063492314e-01
6.482539682539683046e-01
6.476190476190476497e-01
6.473015873015872668e-01
6.469841269841269948e-01
6.466666666666666119e-01
6.460317460317460680e-01
6.460317460317460680e-01
6.457142857142856851e-01
6.422222222222222499e-01
6.419047619047618669e-01
6.415873015873015950e-01
6.415873015873015950e-01
6.412698412698413231e-01
6.409523809523809401e-01
6.406349206349206682e-01
6.396825396825396304e-01
6.393650793650793585e-01
6.390476190476190865e-01
6.387301587301587036e-01
6.384126984126984317e-01
6.380952380952380487e-01
6.377777777777777768e-01
6.374603174603175049e-01
6.374603174603175049e-01
6.349206349206348854e-01
6.349206349206348854e-01
6.342857142857142305e-01
6.339682539682539586e-01
6.333333333333333037e-01
6.317460317460317221e-01
6.314285714285714501e-01
6.311111111111110672e-01
6.307936507936507953e-01
6.304761904761905233e-01
6.301587301587301404e-01
6.298412698412698685e-01
6.298412698412698685e-01
6.295238095238094855e-01
6.282539682539682868e-01
6.282539682539682868e-01
6.279365079365079039e-01
6.276190476190476319e-01
6.266666666666667052e-01
6.263492063492063222e-01
6.260317460317460503e-01
6.257142857142856673e-01
6.253968253968253954e-01
6.250793650793651235e-01
6.247619047619047405e-01
6.247619047619047405e-01
6.247619047619047405e-01
6.244444444444444686e-01
6.241269841269840857e-01
6.238095238095238138e-01
6.234920634920635418e-01
6.231746031746031589e-01
6.228571428571428870e-01
6.228571428571428870e-01
6.228571428571428870e-01
6.225396825396825040e-01
6.222222222222222321e-01
6.215873015873015772e-01
6.212698412698413053e-01
6.212698412698413053e-01
6.209523809523809224e-01
6.206349206349206504e-01
6.206349206349206504e-01
6.203174603174602675e-01
6.199999999999999956e-01
6.196825396825397236e-01
6.193650793650793407e-01
6.193650793650793407e-01
6.190476190476190688e-01
6.190476190476190688e-01
6.190476190476190688e-01
6.184126984126984139e-01
6.180952380952381420e-01
6.174603174603174871e-01
6.174603174603174871e-01
6.174603174603174871e-01
6.174603174603174871e-01
6.171428571428571042e-01
6.168253968253968322e-01
6.165079365079365603e-01
6.161904761904761774e-01
6.152380952380952506e-01
6.149206349206348676e-01
6.142857142857143238e-01
6.139682539682539408e-01
6.139682539682539408e-01
6.139682539682539408e-01
6.136507936507936689e-01
6.133333333333332860e-01
6.126984126984127421e-01
6.123809523809523592e-01
6.120634920634920872e-01
6.117460317460317043e-01
6.117460317460317043e-01
6.107936507936507775e-01
6.104761904761905056e-01
6.101587301587301226e-01
6.098412698412698507e-01
6.098412698412698507e-01
6.092063492063491958e-01
6.088888888888889239e-01
6.085714285714285410e-01
6.082539682539682691e-01
6.082539682539682691e-01
6.082539682539682691e-01
6.082539682539682691e-01
6.076190476190476142e-01
6.073015873015873423e-01
6.073015873015873423e-01
6.069841269841269593e-01
6.066666666666666874e-01
6.066666666666666874e-01
6.066666666666666874e-01
6.066666666666666874e-01
6.066666666666666874e-01
6.066666666666666874e-01
6.066666666666666874e-01
6.066666666666666874e-01
6.063492063492063044e-01
6.063492063492063044e-01
6.060317460317460325e-01
6.060317460317460325e-01
6.057142857142857606e-01
6.057142857142857606e-01
6.053968253968253777e-01
6.050793650793651057e-01
6.047619047619047228e-01
6.044444444444444509e-01
6.031746031746031411e-01
6.031746031746031411e-01
6.028571428571428692e-01
6.025396825396824863e-01
6.025396825396824863e-01
6.025396825396824863e-01
6.025396825396824863e-01
6.022222222222222143e-01
6.019047619047619424e-01
6.015873015873015595e-01
6.012698412698412875e-01
6.012698412698412875e-01
6.012698412698412875e-01
6.009523809523809046e-01
6.009523809523809046e-01
6.006349206349206327e-01
6.003174603174603607e-01
6.003174603174603607e-01
6.003174603174603607e-01
5.999999999999999778e-01
5.996825396825397059e-01
5.993650793650793229e-01
5.990476190476190510e-01
5.987301587301587791e-01
5.980952380952381242e-01
5.980952380952381242e-01
5.977777777777777413e-01
5.974603174603174693e-01
5.971428571428571974e-01
5.971428571428571974e-01
5.971428571428571974e-01
5.968253968253968145e-01
5.968253968253968145e-01
5.965079365079365425e-01
5.961904761904761596e-01
5.961904761904761596e-01
5.961904761904761596e-01
5.961904761904761596e-01
5.958730158730158877e-01
5.958730158730158877e-01
5.955555555555555047e-01
5.952380952380952328e-01
5.949206349206349609e-01
5.949206349206349609e-01
5.949206349206349609e-01
5.946031746031745779e-01
5.946031746031745779e-01
5.942857142857143060e-01
5.939682539682539231e-01
5.936507936507936511e-01
5.933333333333333792e-01
5.930158730158729963e-01
5.926984126984127244e-01
5.920634920634920695e-01
5.920634920634920695e-01
5.917460317460317976e-01
5.917460317460317976e-01
5.917460317460317976e-01
5.914285714285714146e-01
5.911111111111111427e-01
5.907936507936507597e-01
5.904761904761904878e-01
5.901587301587301049e-01
5.901587301587301049e-01
5.898412698412698330e-01
5.895238095238095610e-01
5.892063492063491781e-01
5.888888888888889062e-01
5.885714285714285232e-01
5.885714285714285232e-01
5.882539682539682513e-01
5.882539682539682513e-01
5.882539682539682513e-01
5.879365079365079794e-01
5.879365079365079794e-01
5.876190476190475964e-01
5.876190476190475964e-01
5.873015873015873245e-01
5.869841269841269416e-01
5.866666666666666696e-01
5.863492063492063977e-01
5.863492063492063977e-01
5.860317460317460148e-01
5.857142857142857428e-01
5.853968253968253599e-01
5.853968253968253599e-01
5.853968253968253599e-01
5.850793650793650880e-01
5.847619047619048160e-01
5.847619047619048160e-01
5.847619047619048160e-01
5.847619047619048160e-01
5.847619047619048160e-01
5.847619047619048160e-01
5.847619047619048160e-01
5.844444444444444331e-01
5.841269841269841612e-01
5.838095238095237782e-01
5.834920634920635063e-01
5.834920634920635063e-01
5.834920634920635063e-01
5.831746031746031234e-01
5.831746031746031234e-01
5.828571428571428514e-01
5.828571428571428514e-01
5.825396825396825795e-01
5.825396825396825795e-01
5.825396825396825795e-01
5.822222222222221966e-01
5.819047619047619246e-01
5.815873015873015417e-01
5.815873015873015417e-01
5.815873015873015417e-01
5.812698412698412698e-01
5.809523809523809978e-01
5.809523809523809978e-01
5.806349206349206149e-01
5.806349206349206149e-01
5.803174603174603430e-01
5.799999999999999600e-01
5.796825396825396881e-01
5.796825396825396881e-01
5.796825396825396881e-01
5.793650793650794162e-01
5.793650793650794162e-01
5.790476190476190332e-01
5.787301587301587613e-01
5.784126984126983784e-01
5.780952380952381064e-01
5.780952380952381064e-01
5.780952380952381064e-01
5.780952380952381064e-01
5.780952380952381064e-01
5.777777777777777235e-01
5.774603174603174516e-01
5.771428571428571797e-01
5.771428571428571797e-01
5.771428571428571797e-01
5.771428571428571797e-01
5.771428571428571797e-01
5.768253968253967967e-01
5.765079365079365248e-01
5.765079365079365248e-01
5.761904761904761418e-01
5.758730158730158699e-01
5.758730158730158699e-01
5.758730158730158699e-01
5.758730158730158699e-01
5.758730158730158699e-01
5.755555555555555980e-01
5.752380952380952150e-01
5.752380952380952150e-01
5.749206349206349431e-01
5.749206349206349431e-01
5.746031746031745602e-01
5.746031746031745602e-01
5.742857142857142883e-01
5.742857142857142883e-01
5.742857142857142883e-01
5.739682539682540163e-01
5.739682539682540163e-01
5.736507936507936334e-01
5.733333333333333615e-01
5.730158730158729785e-01
5.730158730158729785e-01
5.726984126984127066e-01
5.726984126984127066e-01
5.723809523809524347e-01
5.720634920634920517e-01
5.717460317460317798e-01
5.714285714285713969e-01
5.714285714285713969e-01
5.714285714285713969e-01
5.711111111111111249e-01
5.707936507936507420e-01
5.704761904761904701e-01
5.701587301587301981e-01
5.701587301587301981e-01
5.698412698412698152e-01
5.695238095238095433e-01
5.692063492063491603e-01
5.688888888888888884e-01
5.685714285714286165e-01
5.682539682539682335e-01
5.679365079365079616e-01
5.676190476190475787e-01
5.673015873015873067e-01
5.669841269841270348e-01
5.666666666666666519e-01
5.666666666666666519e-01
5.666666666666666519e-01
5.663492063492063799e-01
5.660317460317459970e-01
5.657142857142857251e-01
5.653968253968253421e-01
5.650793650793650702e-01
5.647619047619047983e-01
5.647619047619047983e-01
5.644444444444444153e-01
5.641269841269841434e-01
5.641269841269841434e-01
5.638095238095237605e-01
5.634920634920634885e-01
5.631746031746032166e-01
5.628571428571428337e-01
5.625396825396825617e-01
5.622222222222221788e-01
5.619047619047619069e-01
5.615873015873016350e-01
5.612698412698412520e-01
5.609523809523809801e-01
5.606349206349205971e-01
5.603174603174603252e-01
5.603174603174603252e-01
5.600000000000000533e-01
5.596825396825396703e-01
5.593650793650793984e-01
5.593650793650793984e-01
5.590476190476190155e-01
5.590476190476190155e-01
5.587301587301587436e-01
5.580952380952380887e-01
5.577777777777778168e-01
5.577777777777778168e-01
5.574603174603174338e-01
5.571428571428571619e-01
5.571428571428571619e-01
5.568253968253967789e-01
5.565079365079365070e-01
5.565079365079365070e-01
5.561904761904762351e-01
5.558730158730158522e-01
5.558730158730158522e-01
5.555555555555555802e-01
5.552380952380951973e-01
5.549206349206349254e-01
5.546031746031746534e-01
5.542857142857142705e-01
5.542857142857142705e-01
5.539682539682539986e-01
5.536507936507936156e-01
5.533333333333333437e-01
5.530158730158729607e-01
5.526984126984126888e-01
5.526984126984126888e-01
5.523809523809524169e-01
5.520634920634920340e-01
5.520634920634920340e-01
5.517460317460317620e-01
5.514285714285713791e-01
5.514285714285713791e-01
5.514285714285713791e-01
5.511111111111111072e-01
5.507936507936508352e-01
5.507936507936508352e-01
5.504761904761904523e-01
5.482539682539682158e-01
5.482539682539682158e-01
5.482539682539682158e-01
5.479365079365079438e-01
5.476190476190476719e-01
5.473015873015872890e-01
5.469841269841270170e-01
5.466666666666666341e-01
5.463492063492063622e-01
5.460317460317459792e-01
5.453968253968254354e-01
5.453968253968254354e-01
5.453968253968254354e-01
5.450793650793650524e-01
5.450793650793650524e-01
5.450793650793650524e-01
5.450793650793650524e-01
5.450793650793650524e-01
5.450793650793650524e-01
5.450793650793650524e-01
5.447619047619047805e-01
5.444444444444443976e-01
5.438095238095238537e-01
5.431746031746031989e-01
5.431746031746031989e-01
5.428571428571428159e-01
5.422222222222222721e-01
5.419047619047618891e-01
5.419047619047618891e-01
5.415873015873016172e-01
5.412698412698412342e-01
5.409523809523809623e-01
5.403174603174603075e-01
5.400000000000000355e-01
5.384126984126984539e-01
5.384126984126984539e-01
5.384126984126984539e-01
5.380952380952380709e-01
5.380952380952380709e-01
5.377777777777777990e-01
5.368253968253968722e-01
5.365079365079364893e-01
5.361904761904762173e-01
5.339682539682539808e-01
5.336507936507935979e-01
5.330158730158730540e-01
5.323809523809523991e-01
5.304761904761904345e-01
5.295238095238095077e-01
5.279365079365079261e-01
5.276190476190476542e-01
5.273015873015872712e-01
5.263492063492063444e-01
5.257142857142856895e-01
5.250793650793650347e-01
5.244444444444444908e-01
5.231746031746031811e-01
5.225396825396825262e-01
5.203174603174602897e-01
5.152380952380952728e-01
5.073015873015872534e-01
5.006349206349206549e-01
4.907936507936507819e-01
4.746031746031745824e-01
0.000000000000000000e+00
