0.000000000000000000e+00
4.799999999999999822e-01
4.911111111111111094e-01
4.977777777777777635e-01
5.066666666666667096e-01
5.088888888888888351e-01
5.177777777777777812e-01
5.244444444444444908e-01
5.266666666666666163e-01
5.400000000000000355e-01
5.444444444444443976e-01
5.444444444444443976e-01
5.488888888888888706e-01
5.488888888888888706e-01
5.577777777777778168e-01
5.577777777777778168e-01
5.755555555555555980e-01
5.755555555555555980e-01
5.777777777777777235e-01
5.777777777777777235e-01
5.777777777777777235e-01
5.844444444444444331e-01
5.844444444444444331e-01
5.866666666666666696e-01
5.866666666666666696e-01
5.933333333333333792e-01
5.933333333333333792e-01
5.955555555555555047e-01
5.955555555555555047e-01
6.088888888888889239e-01
6.088888888888889239e-01
6.177777777777777590e-01
6.177777777777777590e-01
6.199999999999999956e-01
6.244444444444444686e-01
6.266666666666667052e-01
6.266666666666667052e-01
6.288888888888889417e-01
6.333333333333333037e-01
6.400000000000000133e-01
6.444444444444444864e-01
6.511111111111110850e-01
6.555555555555555580e-01
6.622222222222222676e-01
6.622222222222222676e-01
6.777777777777778123e-01
6.822222222222221744e-01
6.822222222222221744e-01
6.933333333333333570e-01
6.977777777777778301e-01
6.999999999999999556e-01
6.999999999999999556e-01
7.044444444444444287e-01
7.088888888888889017e-01
7.088888888888889017e-01
7.177777777777777368e-01
7.177777777777777368e-01
7.222222222222222099e-01
7.222222222222222099e-01
7.311111111111111560e-01
7.311111111111111560e-01
7.444444444444444642e-01
7.444444444444444642e-01
7.466666666666667007e-01
7.466666666666667007e-01
7.555555555555555358e-01
7.555555555555555358e-01
7.600000000000000089e-01
7.600000000000000089e-01
7.644444444444444819e-01
7.644444444444444819e-01
7.733333333333333171e-01
7.733333333333333171e-01
7.777777777777777901e-01
7.777777777777777901e-01
7.800000000000000266e-01
7.800000000000000266e-01
7.822222222222222632e-01
7.822222222222222632e-01
7.866666666666666252e-01
7.888888888888888618e-01
7.888888888888888618e-01
8.177777777777778256e-01
8.177777777777778256e-01
8.222222222222221877e-01
8.222222222222221877e-01
8.222222222222221877e-01
8.244444444444444242e-01
8.244444444444444242e-01
8.266666666666666607e-01
8.266666666666666607e-01
8.311111111111111338e-01
8.311111111111111338e-01
8.355555555555556069e-01
8.355555555555556069e-01
8.399999999999999689e-01
8.399999999999999689e-01
8.422222222222222054e-01
8.422222222222222054e-01
8.444444444444444420e-01
8.444444444444444420e-01
8.488888888888889150e-01
8.488888888888889150e-01
8.511111111111111516e-01
8.511111111111111516e-01
8.622222222222222232e-01
8.622222222222222232e-01
8.644444444444444597e-01
8.644444444444444597e-01
8.733333333333332948e-01
8.733333333333332948e-01
8.733333333333332948e-01
8.733333333333332948e-01
8.777777777777777679e-01
8.777777777777777679e-01
8.800000000000000044e-01
8.800000000000000044e-01
8.844444444444444775e-01
8.844444444444444775e-01
8.866666666666667140e-01
8.866666666666667140e-01
8.866666666666667140e-01
8.866666666666667140e-01
8.888888888888888395e-01
8.888888888888888395e-01
8.911111111111110761e-01
8.911111111111110761e-01
8.911111111111110761e-01
9.000000000000000222e-01
9.000000000000000222e-01
9.022222222222222587e-01
9.022222222222222587e-01
9.111111111111110938e-01
9.111111111111110938e-01
9.133333333333333304e-01
9.133333333333333304e-01
9.200000000000000400e-01
9.200000000000000400e-01
9.222222222222222765e-01
9.222222222222222765e-01
9.244444444444444020e-01
9.244444444444444020e-01
9.288888888888888751e-01
9.288888888888888751e-01
9.311111111111111116e-01
9.311111111111111116e-01
9.333333333333333481e-01
9.333333333333333481e-01
9.333333333333333481e-01
9.333333333333333481e-01
9.333333333333333481e-01
9.333333333333333481e-01
9.333333333333333481e-01
9.355555555555555847e-01
9.355555555555555847e-01
9.355555555555555847e-01
9.377777777777778212e-01
9.377777777777778212e-01
9.377777777777778212e-01
9.377777777777778212e-01
9.399999999999999467e-01
9.399999999999999467e-01
9.422222222222221832e-01
9.422222222222221832e-01
9.444444444444444198e-01
9.444444444444444198e-01
9.444444444444444198e-01
9.444444444444444198e-01
9.444444444444444198e-01
9.444444444444444198e-01
9.488888888888888928e-01
9.488888888888888928e-01
9.511111111111111294e-01
9.511111111111111294e-01
9.533333333333333659e-01
9.533333333333333659e-01
9.555555555555556024e-01
9.555555555555556024e-01
9.555555555555556024e-01
9.577777777777777279e-01
9.577777777777777279e-01
9.577777777777777279e-01
9.577777777777777279e-01
9.577777777777777279e-01
9.599999999999999645e-01
9.599999999999999645e-01
9.622222222222222010e-01
9.622222222222222010e-01
9.622222222222222010e-01
9.644444444444444375e-01
9.644444444444444375e-01
9.688888888888889106e-01
9.688888888888889106e-01
9.688888888888889106e-01
9.688888888888889106e-01
9.688888888888889106e-01
9.688888888888889106e-01
9.688888888888889106e-01
9.688888888888889106e-01
9.711111111111111471e-01
9.711111111111111471e-01
9.711111111111111471e-01
9.711111111111111471e-01
9.733333333333333837e-01
9.733333333333333837e-01
9.733333333333333837e-01
9.777777777777777457e-01
9.777777777777777457e-01
9.799999999999999822e-01
9.799999999999999822e-01
9.822222222222222188e-01
9.822222222222222188e-01
9.822222222222222188e-01
9.822222222222222188e-01
9.822222222222222188e-01
9.822222222222222188e-01
9.822222222222222188e-01
9.822222222222222188e-01
9.822222222222222188e-01
9.822222222222222188e-01
9.822222222222222188e-01
9.822222222222222188e-01
9.822222222222222188e-01
9.822222222222222188e-01
9.822222222222222188e-01
9.822222222222222188e-01
9.844444444444444553e-01
9.844444444444444553e-01
9.866666666666666918e-01
9.866666666666666918e-01
9.866666666666666918e-01
9.866666666666666918e-01
9.866666666666666918e-01
9.866666666666666918e-01
9.866666666666666918e-01
9.888888888888889284e-01
9.888888888888889284e-01
9.888888888888889284e-01
9.888888888888889284e-01
9.888888888888889284e-01
9.888888888888889284e-01
9.888888888888889284e-01
9.888888888888889284e-01
9.888888888888889284e-01
9.888888888888889284e-01
9.888888888888889284e-01
9.888888888888889284e-01
9.888888888888889284e-01
9.888888888888889284e-01
9.888888888888889284e-01
1.000000000000000000e+00
