0.000000000000000000e+00
4.799999999999999822e-01
4.933333333333333459e-01
5.022222222222222365e-01
5.059259259259258901e-01
5.140740740740741277e-01
5.214814814814814348e-01
5.244444444444444908e-01
5.266666666666666163e-01
5.274074074074074359e-01
5.311111111111110894e-01
5.333333333333333259e-01
5.348148148148148540e-01
5.355555555555555625e-01
5.400000000000000355e-01
5.414814814814814525e-01
5.429629629629629806e-01
5.437037037037036891e-01
5.437037037037036891e-01
5.437037037037036891e-01
5.437037037037036891e-01
5.451851851851852171e-01
5.451851851851852171e-01
5.459259259259259256e-01
5.466666666666666341e-01
5.466666666666666341e-01
5.466666666666666341e-01
5.481481481481481621e-01
5.503703703703703987e-01
5.503703703703703987e-01
5.525925925925926352e-01
5.525925925925926352e-01
5.562962962962962887e-01
5.562962962962962887e-01
5.570370370370369972e-01
5.570370370370369972e-01
5.577777777777778168e-01
5.577777777777778168e-01
5.592592592592592338e-01
5.592592592592592338e-01
5.600000000000000533e-01
5.600000000000000533e-01
5.748148148148147785e-01
5.748148148148147785e-01
5.755555555555555980e-01
5.755555555555555980e-01
5.770370370370370150e-01
5.770370370370370150e-01
5.770370370370370150e-01
5.785185185185185430e-01
5.785185185185185430e-01
5.785185185185185430e-01
5.785185185185185430e-01
5.814814814814814881e-01
5.814814814814814881e-01
5.822222222222221966e-01
5.822222222222221966e-01
5.829629629629630161e-01
5.829629629629630161e-01
5.844444444444444331e-01
5.844444444444444331e-01
5.859259259259259611e-01
5.859259259259259611e-01
5.874074074074073781e-01
5.874074074074073781e-01
5.881481481481481977e-01
5.881481481481481977e-01
5.888888888888889062e-01
5.888888888888889062e-01
5.933333333333333792e-01
5.933333333333333792e-01
5.948148148148147962e-01
5.962962962962963243e-01
5.962962962962963243e-01
5.970370370370370328e-01
5.970370370370370328e-01
5.977777777777777413e-01
5.977777777777777413e-01
6.007407407407406863e-01
6.007407407407406863e-01
6.014814814814815058e-01
6.014814814814815058e-01
6.022222222222222143e-01
6.022222222222222143e-01
6.037037037037037424e-01
6.059259259259259789e-01
6.059259259259259789e-01
6.074074074074073959e-01
6.074074074074073959e-01
6.096296296296296324e-01
6.096296296296296324e-01
6.111111111111111605e-01
6.111111111111111605e-01
6.125925925925925775e-01
6.125925925925925775e-01
6.140740740740741055e-01
6.140740740740741055e-01
6.155555555555555225e-01
6.162962962962963420e-01
6.162962962962963420e-01
6.162962962962963420e-01
6.170370370370370505e-01
6.170370370370370505e-01
6.177777777777777590e-01
6.177777777777777590e-01
6.207407407407407041e-01
6.207407407407407041e-01
6.237037037037036491e-01
6.251851851851851771e-01
6.281481481481481222e-01
6.296296296296296502e-01
6.311111111111110672e-01
6.318518518518518867e-01
6.318518518518518867e-01
6.355555555555555403e-01
6.355555555555555403e-01
6.370370370370370683e-01
6.392592592592593048e-01
6.407407407407407218e-01
6.444444444444444864e-01
6.466666666666666119e-01
6.496296296296296680e-01
6.525925925925926130e-01
6.525925925925926130e-01
6.533333333333333215e-01
6.548148148148148495e-01
6.570370370370370861e-01
6.600000000000000311e-01
6.607407407407407396e-01
6.607407407407407396e-01
6.740740740740740478e-01
6.740740740740740478e-01
6.770370370370369928e-01
6.785185185185185208e-01
6.785185185185185208e-01
6.792592592592592293e-01
6.792592592592592293e-01
6.807407407407407574e-01
6.807407407407407574e-01
6.829629629629629939e-01
6.829629629629629939e-01
6.874074074074073559e-01
6.888888888888888840e-01
6.925925925925925375e-01
6.940740740740740655e-01
6.955555555555555935e-01
6.955555555555555935e-01
6.962962962962963021e-01
6.977777777777778301e-01
6.977777777777778301e-01
6.992592592592592471e-01
6.992592592592592471e-01
6.999999999999999556e-01
7.022222222222221921e-01
7.029629629629630116e-01
7.044444444444444287e-01
7.074074074074073737e-01
7.103703703703703187e-01
7.133333333333333748e-01
7.133333333333333748e-01
7.155555555555555003e-01
7.170370370370370283e-01
7.177777777777777368e-01
7.177777777777777368e-01
7.192592592592592649e-01
7.192592592592592649e-01
7.214814814814815014e-01
7.214814814814815014e-01
7.222222222222222099e-01
7.222222222222222099e-01
7.288888888888889195e-01
7.288888888888889195e-01
7.303703703703703365e-01
7.303703703703703365e-01
7.318518518518518645e-01
7.318518518518518645e-01
7.325925925925925730e-01
7.325925925925925730e-01
7.348148148148148096e-01
7.362962962962963376e-01
7.362962962962963376e-01
7.377777777777777546e-01
7.392592592592592826e-01
7.392592592592592826e-01
7.414814814814815191e-01
7.414814814814815191e-01
7.429629629629629362e-01
7.437037037037037557e-01
7.437037037037037557e-01
7.444444444444444642e-01
7.444444444444444642e-01
7.444444444444444642e-01
7.451851851851851727e-01
7.451851851851851727e-01
7.459259259259258812e-01
7.459259259259258812e-01
7.474074074074074092e-01
7.474074074074074092e-01
7.481481481481481177e-01
7.481481481481481177e-01
7.481481481481481177e-01
7.496296296296296457e-01
7.533333333333332993e-01
7.533333333333332993e-01
7.562962962962962443e-01
7.562962962962962443e-01
7.570370370370370638e-01
7.592592592592593004e-01
7.592592592592593004e-01
7.600000000000000089e-01
7.600000000000000089e-01
7.644444444444444819e-01
7.644444444444444819e-01
7.666666666666667185e-01
7.666666666666667185e-01
7.688888888888888440e-01
7.688888888888888440e-01
7.703703703703703720e-01
7.703703703703703720e-01
7.725925925925926085e-01
7.725925925925926085e-01
7.740740740740740256e-01
7.740740740740740256e-01
7.740740740740740256e-01
7.740740740740740256e-01
7.748148148148148451e-01
7.762962962962962621e-01
7.770370370370370816e-01
7.770370370370370816e-01
7.785185185185184986e-01
7.785185185185184986e-01
7.814814814814814437e-01
7.814814814814814437e-01
7.881481481481481532e-01
7.881481481481481532e-01
7.896296296296296813e-01
7.896296296296296813e-01
7.948148148148148628e-01
7.970370370370369884e-01
7.977777777777778079e-01
7.977777777777778079e-01
8.044444444444444065e-01
8.044444444444444065e-01
8.051851851851852260e-01
8.051851851851852260e-01
8.059259259259259345e-01
8.059259259259259345e-01
8.096296296296295880e-01
8.096296296296295880e-01
8.111111111111111160e-01
8.111111111111111160e-01
8.111111111111111160e-01
8.111111111111111160e-01
8.125925925925926441e-01
8.125925925925926441e-01
8.125925925925926441e-01
8.140740740740740611e-01
8.140740740740740611e-01
8.148148148148147696e-01
8.155555555555555891e-01
8.155555555555555891e-01
8.170370370370370061e-01
8.170370370370370061e-01
8.192592592592592426e-01
8.192592592592592426e-01
8.214814814814814792e-01
8.214814814814814792e-01
8.244444444444444242e-01
8.244444444444444242e-01
8.266666666666666607e-01
8.266666666666666607e-01
8.274074074074073692e-01
8.274074074074073692e-01
8.281481481481481888e-01
8.281481481481481888e-01
8.288888888888888973e-01
8.288888888888888973e-01
8.333333333333333703e-01
8.333333333333333703e-01
8.362962962962963154e-01
8.362962962962963154e-01
8.370370370370370239e-01
8.370370370370370239e-01
8.385185185185185519e-01
8.385185185185185519e-01
8.392592592592592604e-01
8.392592592592592604e-01
8.422222222222222054e-01
8.422222222222222054e-01
8.429629629629629139e-01
8.429629629629629139e-01
8.437037037037037335e-01
8.437037037037037335e-01
8.437037037037037335e-01
8.437037037037037335e-01
8.437037037037037335e-01
8.437037037037037335e-01
8.437037037037037335e-01
8.451851851851851505e-01
8.451851851851851505e-01
8.459259259259259700e-01
8.459259259259259700e-01
8.466666666666666785e-01
8.466666666666666785e-01
8.548148148148148051e-01
8.548148148148148051e-01
8.562962962962963331e-01
8.562962962962963331e-01
8.570370370370370416e-01
8.570370370370370416e-01
8.577777777777777501e-01
8.577777777777777501e-01
8.585185185185185697e-01
8.585185185185185697e-01
8.592592592592592782e-01
8.592592592592592782e-01
8.607407407407406952e-01
8.607407407407406952e-01
8.614814814814815147e-01
8.614814814814815147e-01
8.629629629629629317e-01
8.629629629629629317e-01
8.629629629629629317e-01
8.629629629629629317e-01
8.637037037037037512e-01
8.637037037037037512e-01
8.644444444444444597e-01
8.644444444444444597e-01
8.688888888888889328e-01
8.688888888888889328e-01
8.696296296296296413e-01
8.696296296296296413e-01
8.718518518518518778e-01
8.718518518518518778e-01
8.725925925925925863e-01
8.725925925925925863e-01
8.725925925925925863e-01
8.725925925925925863e-01
8.740740740740741144e-01
8.740740740740741144e-01
8.748148148148148229e-01
8.755555555555555314e-01
8.777777777777777679e-01
8.777777777777777679e-01
8.785185185185184764e-01
8.785185185185184764e-01
8.800000000000000044e-01
8.800000000000000044e-01
8.800000000000000044e-01
8.800000000000000044e-01
8.800000000000000044e-01
8.800000000000000044e-01
8.800000000000000044e-01
8.800000000000000044e-01
8.814814814814815325e-01
8.814814814814815325e-01
8.822222222222222410e-01
8.822222222222222410e-01
8.829629629629629495e-01
8.844444444444444775e-01
8.844444444444444775e-01
8.866666666666667140e-01
8.866666666666667140e-01
8.874074074074074225e-01
8.874074074074074225e-01
8.881481481481481310e-01
8.881481481481481310e-01
8.881481481481481310e-01
8.881481481481481310e-01
8.888888888888888395e-01
8.888888888888888395e-01
8.888888888888888395e-01
8.918518518518518956e-01
8.918518518518518956e-01
8.933333333333333126e-01
8.933333333333333126e-01
8.940740740740740211e-01
8.940740740740740211e-01
8.955555555555555491e-01
8.955555555555555491e-01
8.970370370370370772e-01
8.970370370370370772e-01
8.985185185185184942e-01
8.985185185185184942e-01
8.985185185185184942e-01
9.007407407407407307e-01
9.007407407407407307e-01
9.022222222222222587e-01
9.022222222222222587e-01
9.029629629629629672e-01
9.029629629629629672e-01
9.037037037037036757e-01
9.037037037037036757e-01
9.044444444444444953e-01
9.044444444444444953e-01
9.051851851851852038e-01
9.051851851851852038e-01
9.059259259259259123e-01
9.059259259259259123e-01
9.074074074074074403e-01
9.074074074074074403e-01
9.088888888888888573e-01
9.088888888888888573e-01
9.103703703703703853e-01
9.103703703703703853e-01
9.103703703703703853e-01
9.103703703703703853e-01
9.103703703703703853e-01
9.103703703703703853e-01
9.118518518518518023e-01
9.118518518518518023e-01
9.118518518518518023e-01
9.118518518518518023e-01
9.140740740740740389e-01
9.140740740740740389e-01
9.148148148148148584e-01
9.148148148148148584e-01
9.148148148148148584e-01
9.148148148148148584e-01
9.148148148148148584e-01
9.162962962962962754e-01
9.162962962962962754e-01
9.177777777777778034e-01
9.177777777777778034e-01
9.185185185185185119e-01
9.185185185185185119e-01
9.185185185185185119e-01
9.192592592592592204e-01
9.192592592592592204e-01
9.200000000000000400e-01
9.200000000000000400e-01
9.200000000000000400e-01
9.200000000000000400e-01
9.207407407407407485e-01
9.207407407407407485e-01
9.214814814814814570e-01
9.214814814814814570e-01
9.222222222222222765e-01
9.222222222222222765e-01
9.229629629629629850e-01
9.229629629629629850e-01
9.237037037037036935e-01
9.237037037037036935e-01
9.244444444444444020e-01
9.244444444444444020e-01
9.244444444444444020e-01
9.244444444444444020e-01
9.244444444444444020e-01
9.251851851851852215e-01
9.251851851851852215e-01
9.251851851851852215e-01
9.251851851851852215e-01
9.266666666666666385e-01
9.266666666666666385e-01
9.266666666666666385e-01
9.266666666666666385e-01
9.266666666666666385e-01
9.266666666666666385e-01
9.274074074074074581e-01
9.274074074074074581e-01
9.274074074074074581e-01
9.274074074074074581e-01
9.274074074074074581e-01
9.274074074074074581e-01
9.274074074074074581e-01
9.274074074074074581e-01
9.274074074074074581e-01
9.274074074074074581e-01
9.274074074074074581e-01
9.281481481481481666e-01
9.281481481481481666e-01
9.281481481481481666e-01
9.288888888888888751e-01
9.288888888888888751e-01
9.296296296296295836e-01
9.296296296296295836e-01
9.296296296296295836e-01
9.311111111111111116e-01
9.311111111111111116e-01
9.318518518518518201e-01
9.318518518518518201e-01
9.325925925925926396e-01
9.325925925925926396e-01
9.325925925925926396e-01
9.340740740740740566e-01
9.340740740740740566e-01
9.340740740740740566e-01
9.340740740740740566e-01
9.355555555555555847e-01
9.355555555555555847e-01
9.355555555555555847e-01
9.362962962962962932e-01
9.362962962962962932e-01
9.377777777777778212e-01
9.377777777777778212e-01
9.385185185185185297e-01
9.385185185185185297e-01
9.392592592592592382e-01
9.392592592592592382e-01
9.392592592592592382e-01
9.392592592592592382e-01
9.392592592592592382e-01
9.392592592592592382e-01
9.399999999999999467e-01
9.399999999999999467e-01
9.407407407407407662e-01
9.407407407407407662e-01
9.407407407407407662e-01
9.422222222222221832e-01
9.422222222222221832e-01
9.422222222222221832e-01
9.422222222222221832e-01
9.437037037037037113e-01
9.437037037037037113e-01
9.437037037037037113e-01
9.444444444444444198e-01
9.444444444444444198e-01
9.444444444444444198e-01
9.444444444444444198e-01
9.444444444444444198e-01
9.444444444444444198e-01
9.451851851851852393e-01
9.451851851851852393e-01
9.459259259259259478e-01
9.459259259259259478e-01
9.474074074074073648e-01
9.474074074074073648e-01
9.481481481481481843e-01
9.481481481481481843e-01
9.481481481481481843e-01
9.481481481481481843e-01
9.488888888888888928e-01
9.488888888888888928e-01
9.496296296296296013e-01
9.496296296296296013e-01
9.496296296296296013e-01
9.496296296296296013e-01
9.496296296296296013e-01
9.496296296296296013e-01
9.496296296296296013e-01
9.496296296296296013e-01
9.503703703703704209e-01
9.503703703703704209e-01
9.518518518518518379e-01
9.525925925925925464e-01
9.525925925925925464e-01
9.525925925925925464e-01
9.525925925925925464e-01
9.540740740740740744e-01
9.540740740740740744e-01
9.548148148148147829e-01
9.548148148148147829e-01
9.548148148148147829e-01
9.548148148148147829e-01
9.548148148148147829e-01
9.548148148148147829e-01
9.548148148148147829e-01
9.548148148148147829e-01
9.555555555555556024e-01
9.555555555555556024e-01
9.555555555555556024e-01
9.555555555555556024e-01
9.555555555555556024e-01
9.555555555555556024e-01
9.562962962962963109e-01
9.562962962962963109e-01
9.562962962962963109e-01
9.562962962962963109e-01
9.570370370370370194e-01
9.570370370370370194e-01
9.577777777777777279e-01
9.577777777777777279e-01
9.577777777777777279e-01
9.577777777777777279e-01
9.577777777777777279e-01
9.577777777777777279e-01
9.577777777777777279e-01
9.592592592592592560e-01
9.592592592592592560e-01
9.607407407407407840e-01
9.607407407407407840e-01
9.622222222222222010e-01
9.622222222222222010e-01
9.622222222222222010e-01
9.629629629629629095e-01
9.629629629629629095e-01
9.644444444444444375e-01
9.644444444444444375e-01
9.644444444444444375e-01
9.651851851851851460e-01
9.651851851851851460e-01
9.651851851851851460e-01
9.651851851851851460e-01
9.651851851851851460e-01
9.651851851851851460e-01
9.651851851851851460e-01
9.651851851851851460e-01
9.659259259259259656e-01
9.659259259259259656e-01
9.666666666666666741e-01
9.666666666666666741e-01
9.674074074074073826e-01
9.674074074074073826e-01
9.674074074074073826e-01
9.674074074074073826e-01
9.681481481481482021e-01
9.681481481481482021e-01
9.681481481481482021e-01
9.703703703703703276e-01
9.703703703703703276e-01
9.703703703703703276e-01
9.703703703703703276e-01
9.703703703703703276e-01
9.703703703703703276e-01
9.718518518518518556e-01
9.718518518518518556e-01
9.733333333333333837e-01
9.733333333333333837e-01
9.733333333333333837e-01
9.740740740740740922e-01
9.740740740740740922e-01
9.740740740740740922e-01
9.748148148148148007e-01
9.748148148148148007e-01
9.748148148148148007e-01
9.748148148148148007e-01
9.770370370370370372e-01
9.770370370370370372e-01
9.792592592592592737e-01
9.792592592592592737e-01
9.799999999999999822e-01
9.799999999999999822e-01
9.799999999999999822e-01
9.799999999999999822e-01
9.799999999999999822e-01
9.799999999999999822e-01
9.799999999999999822e-01
9.799999999999999822e-01
9.799999999999999822e-01
9.799999999999999822e-01
9.799999999999999822e-01
9.799999999999999822e-01
9.799999999999999822e-01
9.799999999999999822e-01
9.799999999999999822e-01
9.807407407407406907e-01
9.807407407407406907e-01
9.807407407407406907e-01
9.807407407407406907e-01
9.807407407407406907e-01
9.807407407407406907e-01
9.807407407407406907e-01
9.814814814814815103e-01
9.814814814814815103e-01
9.814814814814815103e-01
9.814814814814815103e-01
9.822222222222222188e-01
9.822222222222222188e-01
9.822222222222222188e-01
9.822222222222222188e-01
9.822222222222222188e-01
9.822222222222222188e-01
9.822222222222222188e-01
9.822222222222222188e-01
9.822222222222222188e-01
9.822222222222222188e-01
9.822222222222222188e-01
9.822222222222222188e-01
9.822222222222222188e-01
9.822222222222222188e-01
9.822222222222222188e-01
9.822222222222222188e-01
9.829629629629629273e-01
9.829629629629629273e-01
9.829629629629629273e-01
9.829629629629629273e-01
9.837037037037037468e-01
9.837037037037037468e-01
9.837037037037037468e-01
9.837037037037037468e-01
9.844444444444444553e-01
9.844444444444444553e-01
9.851851851851851638e-01
9.851851851851851638e-01
9.851851851851851638e-01
9.851851851851851638e-01
9.851851851851851638e-01
9.851851851851851638e-01
9.851851851851851638e-01
9.851851851851851638e-01
9.874074074074074003e-01
9.874074074074074003e-01
9.888888888888889284e-01
9.888888888888889284e-01
9.888888888888889284e-01
9.888888888888889284e-01
9.888888888888889284e-01
9.888888888888889284e-01
9.888888888888889284e-01
9.888888888888889284e-01
9.888888888888889284e-01
9.888888888888889284e-01
9.888888888888889284e-01
9.888888888888889284e-01
9.888888888888889284e-01
9.896296296296296369e-01
9.896296296296296369e-01
9.896296296296296369e-01
9.896296296296296369e-01
9.896296296296296369e-01
9.896296296296296369e-01
9.896296296296296369e-01
9.896296296296296369e-01
9.896296296296296369e-01
9.896296296296296369e-01
9.896296296296296369e-01
9.896296296296296369e-01
9.903703703703703454e-01
1.000000000000000000e+00
