0.000000000000000000e+00
4.786666666666666847e-01
4.933333333333333459e-01
4.995555555555555305e-01
5.066666666666667096e-01
5.173333333333333117e-01
5.231111111111110823e-01
5.257777777777777883e-01
5.275555555555555554e-01
5.293333333333333224e-01
5.306666666666666199e-01
5.315555555555555589e-01
5.337777777777777954e-01
5.351111111111110930e-01
5.360000000000000320e-01
5.368888888888888600e-01
5.400000000000000355e-01
5.408888888888888635e-01
5.422222222222222721e-01
5.426666666666666305e-01
5.426666666666666305e-01
5.426666666666666305e-01
5.426666666666666305e-01
5.435555555555555696e-01
5.444444444444443976e-01
5.444444444444443976e-01
5.448888888888888671e-01
5.448888888888888671e-01
5.457777777777778061e-01
5.462222222222222756e-01
5.462222222222222756e-01
5.462222222222222756e-01
5.462222222222222756e-01
5.462222222222222756e-01
5.462222222222222756e-01
5.471111111111111036e-01
5.497777777777778097e-01
5.497777777777778097e-01
5.511111111111111072e-01
5.511111111111111072e-01
5.520000000000000462e-01
5.520000000000000462e-01
5.524444444444444047e-01
5.524444444444444047e-01
5.537777777777778132e-01
5.537777777777778132e-01
5.560000000000000497e-01
5.560000000000000497e-01
5.564444444444444082e-01
5.564444444444444082e-01
5.568888888888888777e-01
5.568888888888888777e-01
5.577777777777778168e-01
5.577777777777778168e-01
5.582222222222221752e-01
5.591111111111111143e-01
5.600000000000000533e-01
5.600000000000000533e-01
5.604444444444444118e-01
5.604444444444444118e-01
5.644444444444444153e-01
5.644444444444444153e-01
5.715555555555555944e-01
5.715555555555555944e-01
5.746666666666666590e-01
5.746666666666666590e-01
5.746666666666666590e-01
5.751111111111111285e-01
5.751111111111111285e-01
5.755555555555555980e-01
5.755555555555555980e-01
5.759999999999999565e-01
5.759999999999999565e-01
5.768888888888888955e-01
5.768888888888888955e-01
5.768888888888888955e-01
5.782222222222221930e-01
5.782222222222221930e-01
5.782222222222221930e-01
5.782222222222221930e-01
5.795555555555556015e-01
5.795555555555556015e-01
5.795555555555556015e-01
5.795555555555556015e-01
5.804444444444444295e-01
5.804444444444444295e-01
5.813333333333333686e-01
5.813333333333333686e-01
5.822222222222221966e-01
5.822222222222221966e-01
5.831111111111111356e-01
5.831111111111111356e-01
5.831111111111111356e-01
5.831111111111111356e-01
5.835555555555556051e-01
5.835555555555556051e-01
5.844444444444444331e-01
5.844444444444444331e-01
5.844444444444444331e-01
5.844444444444444331e-01
5.848888888888889026e-01
5.848888888888889026e-01
5.857777777777777306e-01
5.857777777777777306e-01
5.875555555555556086e-01
5.875555555555556086e-01
5.879999999999999671e-01
5.879999999999999671e-01
5.884444444444444366e-01
5.884444444444444366e-01
5.924444444444444402e-01
5.924444444444444402e-01
5.933333333333333792e-01
5.951111111111111462e-01
5.951111111111111462e-01
5.959999999999999742e-01
5.959999999999999742e-01
5.968888888888889133e-01
5.968888888888889133e-01
5.973333333333333828e-01
5.973333333333333828e-01
5.986666666666666803e-01
5.995555555555555083e-01
6.017777777777777448e-01
6.017777777777777448e-01
6.022222222222222143e-01
6.022222222222222143e-01
6.035555555555555118e-01
6.035555555555555118e-01
6.044444444444444509e-01
6.044444444444444509e-01
6.057777777777777484e-01
6.075555555555555154e-01
6.075555555555555154e-01
6.075555555555555154e-01
6.079999999999999849e-01
6.079999999999999849e-01
6.084444444444444544e-01
6.084444444444444544e-01
6.084444444444444544e-01
6.084444444444444544e-01
6.084444444444444544e-01
6.093333333333332824e-01
6.093333333333332824e-01
6.102222222222222214e-01
6.102222222222222214e-01
6.102222222222222214e-01
6.115555555555555189e-01
6.115555555555555189e-01
6.128888888888889275e-01
6.128888888888889275e-01
6.137777777777777555e-01
6.146666666666666945e-01
6.151111111111111640e-01
6.151111111111111640e-01
6.155555555555555225e-01
6.164444444444444615e-01
6.168888888888889310e-01
6.182222222222222285e-01
6.195555555555555260e-01
6.195555555555555260e-01
6.195555555555555260e-01
6.199999999999999956e-01
6.208888888888889346e-01
6.208888888888889346e-01
6.213333333333332931e-01
6.213333333333332931e-01
6.226666666666667016e-01
6.226666666666667016e-01
6.235555555555555296e-01
6.235555555555555296e-01
6.239999999999999991e-01
6.248888888888889381e-01
6.257777777777777661e-01
6.257777777777777661e-01
6.266666666666667052e-01
6.266666666666667052e-01
6.288888888888889417e-01
6.302222222222222392e-01
6.306666666666667087e-01
6.306666666666667087e-01
6.324444444444444757e-01
6.328888888888888342e-01
6.328888888888888342e-01
6.346666666666667123e-01
6.364444444444444793e-01
6.373333333333333073e-01
6.373333333333333073e-01
6.400000000000000133e-01
6.400000000000000133e-01
6.413333333333333108e-01
6.426666666666667194e-01
6.431111111111110779e-01
6.431111111111110779e-01
6.440000000000000169e-01
6.475555555555555509e-01
6.480000000000000204e-01
6.480000000000000204e-01
6.488888888888888484e-01
6.506666666666666154e-01
6.524444444444444935e-01
6.524444444444444935e-01
6.528888888888888520e-01
6.537777777777777910e-01
6.542222222222222605e-01
6.551111111111110885e-01
6.551111111111110885e-01
6.560000000000000275e-01
6.568888888888888555e-01
6.586666666666666226e-01
6.604444444444443896e-01
6.613333333333333286e-01
6.617777777777777981e-01
6.617777777777777981e-01
6.662222222222222712e-01
6.662222222222222712e-01
6.666666666666666297e-01
6.666666666666666297e-01
6.675555555555555687e-01
6.675555555555555687e-01
6.706666666666666332e-01
6.706666666666666332e-01
6.711111111111111027e-01
6.711111111111111027e-01
6.728888888888888697e-01
6.737777777777778088e-01
6.742222222222221673e-01
6.742222222222221673e-01
6.751111111111111063e-01
6.760000000000000453e-01
6.777777777777778123e-01
6.786666666666666403e-01
6.786666666666666403e-01
6.791111111111111098e-01
6.791111111111111098e-01
6.800000000000000488e-01
6.800000000000000488e-01
6.826666666666666439e-01
6.826666666666666439e-01
6.831111111111111134e-01
6.831111111111111134e-01
6.853333333333333499e-01
6.862222222222221779e-01
6.866666666666666474e-01
6.875555555555555864e-01
6.897777777777778230e-01
6.915555555555555900e-01
6.924444444444444180e-01
6.933333333333333570e-01
6.942222222222221850e-01
6.942222222222221850e-01
6.959999999999999520e-01
6.977777777777778301e-01
6.977777777777778301e-01
6.991111111111111276e-01
6.991111111111111276e-01
7.004444444444444251e-01
7.004444444444444251e-01
7.017777777777777226e-01
7.017777777777777226e-01
7.022222222222221921e-01
7.039999999999999591e-01
7.053333333333333677e-01
7.053333333333333677e-01
7.057777777777777262e-01
7.066666666666666652e-01
7.088888888888889017e-01
7.088888888888889017e-01
7.115555555555556078e-01
7.124444444444444358e-01
7.124444444444444358e-01
7.128888888888889053e-01
7.137777777777777333e-01
7.137777777777777333e-01
7.146666666666666723e-01
7.146666666666666723e-01
7.155555555555555003e-01
7.182222222222222063e-01
7.195555555555555038e-01
7.204444444444444429e-01
7.222222222222222099e-01
7.222222222222222099e-01
7.231111111111111489e-01
7.231111111111111489e-01
7.235555555555555074e-01
7.235555555555555074e-01
7.244444444444444464e-01
7.244444444444444464e-01
7.253333333333333854e-01
7.253333333333333854e-01
7.257777777777777439e-01
7.257777777777777439e-01
7.279999999999999805e-01
7.279999999999999805e-01
7.288888888888889195e-01
7.288888888888889195e-01
7.315555555555555145e-01
7.315555555555555145e-01
7.337777777777777510e-01
7.337777777777777510e-01
7.342222222222222205e-01
7.342222222222222205e-01
7.346666666666666901e-01
7.346666666666666901e-01
7.351111111111111596e-01
7.351111111111111596e-01
7.355555555555555181e-01
7.355555555555555181e-01
7.359999999999999876e-01
7.359999999999999876e-01
7.373333333333332851e-01
7.391111111111111631e-01
7.391111111111111631e-01
7.399999999999999911e-01
7.408888888888889301e-01
7.408888888888889301e-01
7.426666666666666972e-01
7.426666666666666972e-01
7.435555555555555252e-01
7.444444444444444642e-01
7.448888888888889337e-01
7.448888888888889337e-01
7.448888888888889337e-01
7.502222222222222348e-01
7.502222222222222348e-01
7.506666666666667043e-01
7.511111111111110628e-01
7.511111111111110628e-01
7.515555555555555323e-01
7.515555555555555323e-01
7.537777777777777688e-01
7.537777777777777688e-01
7.542222222222222383e-01
7.542222222222222383e-01
7.542222222222222383e-01
7.551111111111110663e-01
7.551111111111110663e-01
7.577777777777777724e-01
7.577777777777777724e-01
7.600000000000000089e-01
7.600000000000000089e-01
7.604444444444444784e-01
7.617777777777777759e-01
7.617777777777777759e-01
7.626666666666667149e-01
7.626666666666667149e-01
7.648888888888888404e-01
7.648888888888888404e-01
7.657777777777777795e-01
7.657777777777777795e-01
7.662222222222222490e-01
7.662222222222222490e-01
7.684444444444444855e-01
7.684444444444444855e-01
7.688888888888888440e-01
7.706666666666667220e-01
7.706666666666667220e-01
7.706666666666667220e-01
7.720000000000000195e-01
7.720000000000000195e-01
7.742222222222222561e-01
7.742222222222222561e-01
7.746666666666666146e-01
7.746666666666666146e-01
7.751111111111110841e-01
7.760000000000000231e-01
7.760000000000000231e-01
7.764444444444444926e-01
7.764444444444444926e-01
7.764444444444444926e-01
7.768888888888888511e-01
7.768888888888888511e-01
7.773333333333333206e-01
7.773333333333333206e-01
7.777777777777777901e-01
7.786666666666666181e-01
7.791111111111110876e-01
7.791111111111110876e-01
7.800000000000000266e-01
7.800000000000000266e-01
7.822222222222222632e-01
7.831111111111110912e-01
7.831111111111110912e-01
7.835555555555555607e-01
7.844444444444444997e-01
7.875555555555555642e-01
7.875555555555555642e-01
7.880000000000000338e-01
7.880000000000000338e-01
7.897777777777778008e-01
7.897777777777778008e-01
7.906666666666666288e-01
7.906666666666666288e-01
7.937777777777778043e-01
7.951111111111111018e-01
7.960000000000000409e-01
7.960000000000000409e-01
7.964444444444443993e-01
7.964444444444443993e-01
7.968888888888888689e-01
7.977777777777778079e-01
7.995555555555555749e-01
8.004444444444444029e-01
8.022222222222221699e-01
8.022222222222221699e-01
8.026666666666666394e-01
8.026666666666666394e-01
8.031111111111111089e-01
8.031111111111111089e-01
8.053333333333333455e-01
8.053333333333333455e-01
8.053333333333333455e-01
8.057777777777778150e-01
8.057777777777778150e-01
8.075555555555555820e-01
8.075555555555555820e-01
8.093333333333333490e-01
8.093333333333333490e-01
8.093333333333333490e-01
8.093333333333333490e-01
8.097777777777778185e-01
8.097777777777778185e-01
8.097777777777778185e-01
8.102222222222221770e-01
8.102222222222221770e-01
8.102222222222221770e-01
8.102222222222221770e-01
8.111111111111111160e-01
8.111111111111111160e-01
8.115555555555555856e-01
8.115555555555555856e-01
8.120000000000000551e-01
8.120000000000000551e-01
8.124444444444444136e-01
8.124444444444444136e-01
8.128888888888888831e-01
8.128888888888888831e-01
8.137777777777778221e-01
8.137777777777778221e-01
8.142222222222221806e-01
8.146666666666666501e-01
8.146666666666666501e-01
8.151111111111111196e-01
8.151111111111111196e-01
8.159999999999999476e-01
8.159999999999999476e-01
8.164444444444444171e-01
8.164444444444444171e-01
8.173333333333333561e-01
8.173333333333333561e-01
8.195555555555555927e-01
8.195555555555555927e-01
8.199999999999999512e-01
8.199999999999999512e-01
8.217777777777778292e-01
8.217777777777778292e-01
8.231111111111111267e-01
8.239999999999999547e-01
8.244444444444444242e-01
8.244444444444444242e-01
8.262222222222221912e-01
8.262222222222221912e-01
8.271111111111111303e-01
8.271111111111111303e-01
8.271111111111111303e-01
8.275555555555555998e-01
8.275555555555555998e-01
8.279999999999999583e-01
8.279999999999999583e-01
8.337777777777777288e-01
8.337777777777777288e-01
8.342222222222221983e-01
8.342222222222221983e-01
8.351111111111111374e-01
8.351111111111111374e-01
8.368888888888889044e-01
8.368888888888889044e-01
8.377777777777777324e-01
8.377777777777777324e-01
8.382222222222222019e-01
8.382222222222222019e-01
8.391111111111111409e-01
8.391111111111111409e-01
8.395555555555556104e-01
8.404444444444444384e-01
8.404444444444444384e-01
8.422222222222222054e-01
8.422222222222222054e-01
8.431111111111111445e-01
8.431111111111111445e-01
8.435555555555555030e-01
8.435555555555555030e-01
8.439999999999999725e-01
8.439999999999999725e-01
8.444444444444444420e-01
8.444444444444444420e-01
8.444444444444444420e-01
8.444444444444444420e-01
8.444444444444444420e-01
8.448888888888889115e-01
8.448888888888889115e-01
8.448888888888889115e-01
8.448888888888889115e-01
8.448888888888889115e-01
8.448888888888889115e-01
8.453333333333333810e-01
8.453333333333333810e-01
8.462222222222222090e-01
8.462222222222222090e-01
8.471111111111111480e-01
8.471111111111111480e-01
8.475555555555555065e-01
8.475555555555555065e-01
8.484444444444444455e-01
8.484444444444444455e-01
8.506666666666666821e-01
8.506666666666666821e-01
8.528888888888889186e-01
8.528888888888889186e-01
8.537777777777777466e-01
8.546666666666666856e-01
8.551111111111111551e-01
8.551111111111111551e-01
8.559999999999999831e-01
8.559999999999999831e-01
8.568888888888889221e-01
8.568888888888889221e-01
8.573333333333332806e-01
8.573333333333332806e-01
8.577777777777777501e-01
8.577777777777777501e-01
8.582222222222222197e-01
8.582222222222222197e-01
8.582222222222222197e-01
8.582222222222222197e-01
8.591111111111111587e-01
8.591111111111111587e-01
8.599999999999999867e-01
8.599999999999999867e-01
8.599999999999999867e-01
8.617777777777777537e-01
8.617777777777777537e-01
8.635555555555555207e-01
8.635555555555555207e-01
8.635555555555555207e-01
8.635555555555555207e-01
8.639999999999999902e-01
8.639999999999999902e-01
8.644444444444444597e-01
8.644444444444444597e-01
8.653333333333332877e-01
8.653333333333332877e-01
8.657777777777777573e-01
8.657777777777777573e-01
8.662222222222222268e-01
8.662222222222222268e-01
8.688888888888889328e-01
8.688888888888889328e-01
8.693333333333332913e-01
8.693333333333332913e-01
8.697777777777777608e-01
8.697777777777777608e-01
8.702222222222222303e-01
8.702222222222222303e-01
8.715555555555555278e-01
8.715555555555555278e-01
8.715555555555555278e-01
8.728888888888889364e-01
8.728888888888889364e-01
8.728888888888889364e-01
8.728888888888889364e-01
8.733333333333332948e-01
8.733333333333332948e-01
8.746666666666667034e-01
8.746666666666667034e-01
8.755555555555555314e-01
8.764444444444444704e-01
8.768888888888889399e-01
8.768888888888889399e-01
8.782222222222222374e-01
8.782222222222222374e-01
8.786666666666667069e-01
8.795555555555555349e-01
8.795555555555555349e-01
8.813333333333333020e-01
8.813333333333333020e-01
8.813333333333333020e-01
8.817777777777777715e-01
8.817777777777777715e-01
8.817777777777777715e-01
8.817777777777777715e-01
8.822222222222222410e-01
8.822222222222222410e-01
8.822222222222222410e-01
8.822222222222222410e-01
8.822222222222222410e-01
8.822222222222222410e-01
8.822222222222222410e-01
8.822222222222222410e-01
8.822222222222222410e-01
8.848888888888888360e-01
8.857777777777777750e-01
8.857777777777777750e-01
8.857777777777777750e-01
8.862222222222222445e-01
8.862222222222222445e-01
8.866666666666667140e-01
8.875555555555555420e-01
8.875555555555555420e-01
8.880000000000000115e-01
8.880000000000000115e-01
8.893333333333333091e-01
8.893333333333333091e-01
8.893333333333333091e-01
8.893333333333333091e-01
8.902222222222222481e-01
8.902222222222222481e-01
8.906666666666667176e-01
8.906666666666667176e-01
8.911111111111110761e-01
8.911111111111110761e-01
8.911111111111110761e-01
8.915555555555555456e-01
8.915555555555555456e-01
8.915555555555555456e-01
8.915555555555555456e-01
8.920000000000000151e-01
8.920000000000000151e-01
8.928888888888888431e-01
8.928888888888888431e-01
8.928888888888888431e-01
8.928888888888888431e-01
8.937777777777777821e-01
8.942222222222222516e-01
8.942222222222222516e-01
8.955555555555555491e-01
8.964444444444444882e-01
8.964444444444444882e-01
8.968888888888888467e-01
8.977777777777777857e-01
8.977777777777777857e-01
8.991111111111110832e-01
8.991111111111110832e-01
9.000000000000000222e-01
9.000000000000000222e-01
9.004444444444444917e-01
9.004444444444444917e-01
9.013333333333333197e-01
9.022222222222222587e-01
9.022222222222222587e-01
9.022222222222222587e-01
9.031111111111110867e-01
9.031111111111110867e-01
9.035555555555555562e-01
9.035555555555555562e-01
9.040000000000000258e-01
9.040000000000000258e-01
9.044444444444444953e-01
9.044444444444444953e-01
9.048888888888888538e-01
9.048888888888888538e-01
9.048888888888888538e-01
9.048888888888888538e-01
9.053333333333333233e-01
9.053333333333333233e-01
9.053333333333333233e-01
9.057777777777777928e-01
9.057777777777777928e-01
9.071111111111110903e-01
9.071111111111110903e-01
9.075555555555555598e-01
9.075555555555555598e-01
9.080000000000000293e-01
9.080000000000000293e-01
9.084444444444444988e-01
9.084444444444444988e-01
9.084444444444444988e-01
9.088888888888888573e-01
9.088888888888888573e-01
9.093333333333333268e-01
9.093333333333333268e-01
9.097777777777777963e-01
9.097777777777777963e-01
9.102222222222222658e-01
9.102222222222222658e-01
9.111111111111110938e-01
9.111111111111110938e-01
9.120000000000000329e-01
9.120000000000000329e-01
9.128888888888888609e-01
9.128888888888888609e-01
9.133333333333333304e-01
9.133333333333333304e-01
9.137777777777777999e-01
9.137777777777777999e-01
9.142222222222222694e-01
9.142222222222222694e-01
9.142222222222222694e-01
9.142222222222222694e-01
9.146666666666666279e-01
9.146666666666666279e-01
9.146666666666666279e-01
9.160000000000000364e-01
9.160000000000000364e-01
9.160000000000000364e-01
9.160000000000000364e-01
9.164444444444443949e-01
9.164444444444443949e-01
9.173333333333333339e-01
9.173333333333333339e-01
9.177777777777778034e-01
9.177777777777778034e-01
9.182222222222222729e-01
9.182222222222222729e-01
9.186666666666666314e-01
9.186666666666666314e-01
9.186666666666666314e-01
9.186666666666666314e-01
9.186666666666666314e-01
9.195555555555555705e-01
9.195555555555555705e-01
9.204444444444443985e-01
9.204444444444443985e-01
9.213333333333333375e-01
9.213333333333333375e-01
9.213333333333333375e-01
9.213333333333333375e-01
9.217777777777778070e-01
9.217777777777778070e-01
9.222222222222222765e-01
9.222222222222222765e-01
9.226666666666666350e-01
9.226666666666666350e-01
9.226666666666666350e-01
9.226666666666666350e-01
9.226666666666666350e-01
9.226666666666666350e-01
9.226666666666666350e-01
9.231111111111111045e-01
9.231111111111111045e-01
9.231111111111111045e-01
9.231111111111111045e-01
9.235555555555555740e-01
9.235555555555555740e-01
9.240000000000000435e-01
9.240000000000000435e-01
9.240000000000000435e-01
9.244444444444444020e-01
9.244444444444444020e-01
9.244444444444444020e-01
9.244444444444444020e-01
9.244444444444444020e-01
9.244444444444444020e-01
9.244444444444444020e-01
9.244444444444444020e-01
9.248888888888888715e-01
9.248888888888888715e-01
9.253333333333333410e-01
9.253333333333333410e-01
9.253333333333333410e-01
9.257777777777778105e-01
9.257777777777778105e-01
9.262222222222221690e-01
9.262222222222221690e-01
9.266666666666666385e-01
9.266666666666666385e-01
9.271111111111111081e-01
9.271111111111111081e-01
9.275555555555555776e-01
9.275555555555555776e-01
9.280000000000000471e-01
9.280000000000000471e-01
9.284444444444444056e-01
9.284444444444444056e-01
9.288888888888888751e-01
9.288888888888888751e-01
9.288888888888888751e-01
9.288888888888888751e-01
9.293333333333333446e-01
9.293333333333333446e-01
9.297777777777778141e-01
9.297777777777778141e-01
9.297777777777778141e-01
9.297777777777778141e-01
9.297777777777778141e-01
9.306666666666666421e-01
9.306666666666666421e-01
9.306666666666666421e-01
9.306666666666666421e-01
9.315555555555555811e-01
9.315555555555555811e-01
9.315555555555555811e-01
9.315555555555555811e-01
9.315555555555555811e-01
9.315555555555555811e-01
9.315555555555555811e-01
9.315555555555555811e-01
9.315555555555555811e-01
9.324444444444444091e-01
9.324444444444444091e-01
9.324444444444444091e-01
9.324444444444444091e-01
9.328888888888888786e-01
9.328888888888888786e-01
9.328888888888888786e-01
9.328888888888888786e-01
9.328888888888888786e-01
9.328888888888888786e-01
9.328888888888888786e-01
9.328888888888888786e-01
9.328888888888888786e-01
9.333333333333333481e-01
9.333333333333333481e-01
9.333333333333333481e-01
9.342222222222221761e-01
9.342222222222221761e-01
9.351111111111111152e-01
9.351111111111111152e-01
9.351111111111111152e-01
9.364444444444444127e-01
9.364444444444444127e-01
9.368888888888888822e-01
9.368888888888888822e-01
9.377777777777778212e-01
9.377777777777778212e-01
9.377777777777778212e-01
9.377777777777778212e-01
9.391111111111111187e-01
9.391111111111111187e-01
9.391111111111111187e-01
9.391111111111111187e-01
9.399999999999999467e-01
9.399999999999999467e-01
9.399999999999999467e-01
9.404444444444444162e-01
9.404444444444444162e-01
9.413333333333333552e-01
9.413333333333333552e-01
9.413333333333333552e-01
9.413333333333333552e-01
9.417777777777778248e-01
9.417777777777778248e-01
9.417777777777778248e-01
9.417777777777778248e-01
9.417777777777778248e-01
9.431111111111111223e-01
9.431111111111111223e-01
9.444444444444444198e-01
9.444444444444444198e-01
9.444444444444444198e-01
9.444444444444444198e-01
9.444444444444444198e-01
9.444444444444444198e-01
9.453333333333333588e-01
9.453333333333333588e-01
9.457777777777778283e-01
9.457777777777778283e-01
9.462222222222221868e-01
9.462222222222221868e-01
9.462222222222221868e-01
9.466666666666666563e-01
9.466666666666666563e-01
9.466666666666666563e-01
9.471111111111111258e-01
9.471111111111111258e-01
9.471111111111111258e-01
9.479999999999999538e-01
9.479999999999999538e-01
9.479999999999999538e-01
9.479999999999999538e-01
9.479999999999999538e-01
9.484444444444444233e-01
9.484444444444444233e-01
9.493333333333333623e-01
9.493333333333333623e-01
9.493333333333333623e-01
9.493333333333333623e-01
9.493333333333333623e-01
9.497777777777778319e-01
9.497777777777778319e-01
9.497777777777778319e-01
9.497777777777778319e-01
9.497777777777778319e-01
9.497777777777778319e-01
9.497777777777778319e-01
9.502222222222221903e-01
9.502222222222221903e-01
9.511111111111111294e-01
9.511111111111111294e-01
9.515555555555555989e-01
9.515555555555555989e-01
9.515555555555555989e-01
9.515555555555555989e-01
9.524444444444444269e-01
9.524444444444444269e-01
9.528888888888888964e-01
9.528888888888888964e-01
9.528888888888888964e-01
9.533333333333333659e-01
9.533333333333333659e-01
9.537777777777777244e-01
9.537777777777777244e-01
9.537777777777777244e-01
9.537777777777777244e-01
9.537777777777777244e-01
9.537777777777777244e-01
9.537777777777777244e-01
9.542222222222221939e-01
9.542222222222221939e-01
9.542222222222221939e-01
9.542222222222221939e-01
9.542222222222221939e-01
9.542222222222221939e-01
9.546666666666666634e-01
9.546666666666666634e-01
9.551111111111111329e-01
9.551111111111111329e-01
9.551111111111111329e-01
9.555555555555556024e-01
9.555555555555556024e-01
9.555555555555556024e-01
9.555555555555556024e-01
9.573333333333333695e-01
9.577777777777777279e-01
9.577777777777777279e-01
9.577777777777777279e-01
9.577777777777777279e-01
9.586666666666666670e-01
9.586666666666666670e-01
9.591111111111111365e-01
9.591111111111111365e-01
9.591111111111111365e-01
9.591111111111111365e-01
9.591111111111111365e-01
9.591111111111111365e-01
9.591111111111111365e-01
9.591111111111111365e-01
9.591111111111111365e-01
9.591111111111111365e-01
9.591111111111111365e-01
9.591111111111111365e-01
9.591111111111111365e-01
9.591111111111111365e-01
9.591111111111111365e-01
9.595555555555556060e-01
9.595555555555556060e-01
9.595555555555556060e-01
9.595555555555556060e-01
9.595555555555556060e-01
9.595555555555556060e-01
9.595555555555556060e-01
9.595555555555556060e-01
9.595555555555556060e-01
9.604444444444444340e-01
9.604444444444444340e-01
9.604444444444444340e-01
9.604444444444444340e-01
9.608888888888889035e-01
9.608888888888889035e-01
9.617777777777777315e-01
9.617777777777777315e-01
9.617777777777777315e-01
9.617777777777777315e-01
9.617777777777777315e-01
9.617777777777777315e-01
9.617777777777777315e-01
9.622222222222222010e-01
9.622222222222222010e-01
9.626666666666666705e-01
9.626666666666666705e-01
9.626666666666666705e-01
9.631111111111111400e-01
9.631111111111111400e-01
9.639999999999999680e-01
9.639999999999999680e-01
9.648888888888889070e-01
9.648888888888889070e-01
9.653333333333333766e-01
9.653333333333333766e-01
9.653333333333333766e-01
9.653333333333333766e-01
9.653333333333333766e-01
9.662222222222222046e-01
9.662222222222222046e-01
9.671111111111111436e-01
9.671111111111111436e-01
9.671111111111111436e-01
9.679999999999999716e-01
9.679999999999999716e-01
9.679999999999999716e-01
9.684444444444444411e-01
9.688888888888889106e-01
9.688888888888889106e-01
9.688888888888889106e-01
9.693333333333333801e-01
9.693333333333333801e-01
9.693333333333333801e-01
9.693333333333333801e-01
9.693333333333333801e-01
9.693333333333333801e-01
9.693333333333333801e-01
9.697777777777777386e-01
9.697777777777777386e-01
9.702222222222222081e-01
9.702222222222222081e-01
9.706666666666666776e-01
9.706666666666666776e-01
9.711111111111111471e-01
9.711111111111111471e-01
9.711111111111111471e-01
9.711111111111111471e-01
9.711111111111111471e-01
9.711111111111111471e-01
9.711111111111111471e-01
9.715555555555555056e-01
9.715555555555555056e-01
9.715555555555555056e-01
9.737777777777777422e-01
9.737777777777777422e-01
9.737777777777777422e-01
9.737777777777777422e-01
9.737777777777777422e-01
9.737777777777777422e-01
9.737777777777777422e-01
9.737777777777777422e-01
9.751111111111111507e-01
9.751111111111111507e-01
9.751111111111111507e-01
9.751111111111111507e-01
9.755555555555555092e-01
9.755555555555555092e-01
9.759999999999999787e-01
9.759999999999999787e-01
9.759999999999999787e-01
9.759999999999999787e-01
9.768888888888889177e-01
9.768888888888889177e-01
9.773333333333333872e-01
9.773333333333333872e-01
9.773333333333333872e-01
9.773333333333333872e-01
9.777777777777777457e-01
9.777777777777777457e-01
9.777777777777777457e-01
9.777777777777777457e-01
9.795555555555555127e-01
9.795555555555555127e-01
9.808888888888889213e-01
9.808888888888889213e-01
9.808888888888889213e-01
9.808888888888889213e-01
9.808888888888889213e-01
9.808888888888889213e-01
9.808888888888889213e-01
9.808888888888889213e-01
9.808888888888889213e-01
9.808888888888889213e-01
9.817777777777777493e-01
9.817777777777777493e-01
9.817777777777777493e-01
9.817777777777777493e-01
9.817777777777777493e-01
9.817777777777777493e-01
9.817777777777777493e-01
9.817777777777777493e-01
9.817777777777777493e-01
9.817777777777777493e-01
9.817777777777777493e-01
9.817777777777777493e-01
9.817777777777777493e-01
9.817777777777777493e-01
9.817777777777777493e-01
9.817777777777777493e-01
9.817777777777777493e-01
9.817777777777777493e-01
9.817777777777777493e-01
9.817777777777777493e-01
9.822222222222222188e-01
9.822222222222222188e-01
9.822222222222222188e-01
9.822222222222222188e-01
9.826666666666666883e-01
9.826666666666666883e-01
9.831111111111111578e-01
9.831111111111111578e-01
9.831111111111111578e-01
9.831111111111111578e-01
9.831111111111111578e-01
9.831111111111111578e-01
9.831111111111111578e-01
9.831111111111111578e-01
9.831111111111111578e-01
9.835555555555555163e-01
9.835555555555555163e-01
9.835555555555555163e-01
9.835555555555555163e-01
9.835555555555555163e-01
9.835555555555555163e-01
9.835555555555555163e-01
9.835555555555555163e-01
9.835555555555555163e-01
9.835555555555555163e-01
9.839999999999999858e-01
9.839999999999999858e-01
9.844444444444444553e-01
9.844444444444444553e-01
9.844444444444444553e-01
9.844444444444444553e-01
9.844444444444444553e-01
9.844444444444444553e-01
9.844444444444444553e-01
9.844444444444444553e-01
9.844444444444444553e-01
9.844444444444444553e-01
9.844444444444444553e-01
9.844444444444444553e-01
9.844444444444444553e-01
9.844444444444444553e-01
9.844444444444444553e-01
9.844444444444444553e-01
9.844444444444444553e-01
9.848888888888889248e-01
9.848888888888889248e-01
9.848888888888889248e-01
9.848888888888889248e-01
9.848888888888889248e-01
9.853333333333332833e-01
9.853333333333332833e-01
9.853333333333332833e-01
9.853333333333332833e-01
9.857777777777777528e-01
9.857777777777777528e-01
9.857777777777777528e-01
9.857777777777777528e-01
9.857777777777777528e-01
9.857777777777777528e-01
9.857777777777777528e-01
9.862222222222222223e-01
9.862222222222222223e-01
9.862222222222222223e-01
9.866666666666666918e-01
9.866666666666666918e-01
9.866666666666666918e-01
9.866666666666666918e-01
9.866666666666666918e-01
9.866666666666666918e-01
9.866666666666666918e-01
9.866666666666666918e-01
9.866666666666666918e-01
9.866666666666666918e-01
9.866666666666666918e-01
9.879999999999999893e-01
9.879999999999999893e-01
9.893333333333332869e-01
9.893333333333332869e-01
9.893333333333332869e-01
9.893333333333332869e-01
9.893333333333332869e-01
9.893333333333332869e-01
9.893333333333332869e-01
9.893333333333332869e-01
9.893333333333332869e-01
9.893333333333332869e-01
9.893333333333332869e-01
9.893333333333332869e-01
9.893333333333332869e-01
9.893333333333332869e-01
9.897777777777777564e-01
9.897777777777777564e-01
9.897777777777777564e-01
9.897777777777777564e-01
9.897777777777777564e-01
9.897777777777777564e-01
9.897777777777777564e-01
9.897777777777777564e-01
9.897777777777777564e-01
9.897777777777777564e-01
9.897777777777777564e-01
9.897777777777777564e-01
9.902222222222222259e-01
9.902222222222222259e-01
9.902222222222222259e-01
9.906666666666666954e-01
1.000000000000000000e+00
