0.000000000000000000e+00
4.770370370370370372e-01
4.944444444444444642e-01
5.007407407407407085e-01
5.074074074074074181e-01
5.166666666666667185e-01
5.214814814814814348e-01
5.237037037037036713e-01
5.244444444444444908e-01
5.259259259259259078e-01
5.281481481481481444e-01
5.292592592592592071e-01
5.300000000000000266e-01
5.318518518518517979e-01
5.329629629629629717e-01
5.337037037037036802e-01
5.344444444444444997e-01
5.370370370370370905e-01
5.377777777777777990e-01
5.388888888888888618e-01
5.392592592592592160e-01
5.392592592592592160e-01
5.392592592592592160e-01
5.392592592592592160e-01
5.396296296296296813e-01
5.403703703703703898e-01
5.411111111111110983e-01
5.411111111111110983e-01
5.414814814814814525e-01
5.422222222222222721e-01
5.425925925925926263e-01
5.425925925925926263e-01
5.433333333333333348e-01
5.437037037037036891e-01
5.440740740740740433e-01
5.440740740740740433e-01
5.440740740740740433e-01
5.440740740740740433e-01
5.440740740740740433e-01
5.440740740740740433e-01
5.448148148148148628e-01
5.474074074074074536e-01
5.474074074074074536e-01
5.474074074074074536e-01
5.500000000000000444e-01
5.511111111111111072e-01
5.511111111111111072e-01
5.518518518518518157e-01
5.518518518518518157e-01
5.525925925925926352e-01
5.525925925925926352e-01
5.540740740740740522e-01
5.540740740740740522e-01
5.559259259259259345e-01
5.559259259259259345e-01
5.566666666666666430e-01
5.566666666666666430e-01
5.574074074074074625e-01
5.574074074074074625e-01
5.581481481481481710e-01
5.581481481481481710e-01
5.585185185185185253e-01
5.592592592592592338e-01
5.600000000000000533e-01
5.600000000000000533e-01
5.607407407407407618e-01
5.607407407407407618e-01
5.644444444444444153e-01
5.644444444444444153e-01
5.651851851851852349e-01
5.651851851851852349e-01
5.670370370370370061e-01
5.670370370370370061e-01
5.707407407407407707e-01
5.707407407407407707e-01
5.722222222222221877e-01
5.722222222222221877e-01
5.737037037037037157e-01
5.737037037037037157e-01
5.748148148148147785e-01
5.748148148148147785e-01
5.748148148148147785e-01
5.751851851851851327e-01
5.751851851851851327e-01
5.755555555555555980e-01
5.755555555555555980e-01
5.759259259259259522e-01
5.759259259259259522e-01
5.766666666666666607e-01
5.766666666666666607e-01
5.766666666666666607e-01
5.766666666666666607e-01
5.777777777777777235e-01
5.777777777777777235e-01
5.777777777777777235e-01
5.777777777777777235e-01
5.777777777777777235e-01
5.788888888888888973e-01
5.788888888888888973e-01
5.788888888888888973e-01
5.788888888888888973e-01
5.788888888888888973e-01
5.799999999999999600e-01
5.799999999999999600e-01
5.803703703703704253e-01
5.803703703703704253e-01
5.814814814814814881e-01
5.814814814814814881e-01
5.822222222222221966e-01
5.822222222222221966e-01
5.822222222222221966e-01
5.829629629629630161e-01
5.829629629629630161e-01
5.829629629629630161e-01
5.829629629629630161e-01
5.833333333333333703e-01
5.833333333333333703e-01
5.844444444444444331e-01
5.844444444444444331e-01
5.844444444444444331e-01
5.844444444444444331e-01
5.844444444444444331e-01
5.848148148148147873e-01
5.848148148148147873e-01
5.859259259259259611e-01
5.859259259259259611e-01
5.874074074074073781e-01
5.874074074074073781e-01
5.877777777777777324e-01
5.877777777777777324e-01
5.881481481481481977e-01
5.881481481481481977e-01
5.885185185185185519e-01
5.885185185185185519e-01
5.918518518518518512e-01
5.918518518518518512e-01
5.925925925925925597e-01
5.944444444444444420e-01
5.944444444444444420e-01
5.955555555555555047e-01
5.955555555555555047e-01
5.962962962962963243e-01
5.962962962962963243e-01
5.966666666666666785e-01
5.966666666666666785e-01
5.977777777777777413e-01
5.985185185185185608e-01
6.003703703703703320e-01
6.003703703703703320e-01
6.007407407407406863e-01
6.007407407407406863e-01
6.011111111111111516e-01
6.011111111111111516e-01
6.022222222222222143e-01
6.022222222222222143e-01
6.022222222222222143e-01
6.029629629629629228e-01
6.029629629629629228e-01
6.044444444444444509e-01
6.059259259259259789e-01
6.059259259259259789e-01
6.062962962962963331e-01
6.062962962962963331e-01
6.066666666666666874e-01
6.066666666666666874e-01
6.070370370370370416e-01
6.070370370370370416e-01
6.070370370370370416e-01
6.070370370370370416e-01
6.070370370370370416e-01
6.077777777777777501e-01
6.077777777777777501e-01
6.081481481481481044e-01
6.088888888888889239e-01
6.088888888888889239e-01
6.088888888888889239e-01
6.088888888888889239e-01
6.099999999999999867e-01
6.107407407407406952e-01
6.107407407407406952e-01
6.118518518518518690e-01
6.129629629629629317e-01
6.129629629629629317e-01
6.140740740740741055e-01
6.148148148148148140e-01
6.151851851851851682e-01
6.151851851851851682e-01
6.155555555555555225e-01
6.162962962962963420e-01
6.166666666666666963e-01
6.177777777777777590e-01
6.192592592592592871e-01
6.192592592592592871e-01
6.192592592592592871e-01
6.196296296296296413e-01
6.203703703703703498e-01
6.203703703703703498e-01
6.207407407407407041e-01
6.207407407407407041e-01
6.222222222222222321e-01
6.222222222222222321e-01
6.229629629629629406e-01
6.229629629629629406e-01
6.233333333333332948e-01
6.240740740740741144e-01
6.248148148148148229e-01
6.248148148148148229e-01
6.255555555555555314e-01
6.255555555555555314e-01
6.277777777777777679e-01
6.288888888888889417e-01
6.292592592592592959e-01
6.292592592592592959e-01
6.307407407407407129e-01
6.311111111111110672e-01
6.311111111111110672e-01
6.333333333333333037e-01
6.351851851851851860e-01
6.362962962962962488e-01
6.362962962962962488e-01
6.388888888888888395e-01
6.388888888888888395e-01
6.414814814814814303e-01
6.425925925925926041e-01
6.433333333333333126e-01
6.433333333333333126e-01
6.440740740740740211e-01
6.477777777777777857e-01
6.481481481481481399e-01
6.481481481481481399e-01
6.488888888888888484e-01
6.496296296296296680e-01
6.503703703703703765e-01
6.514814814814814392e-01
6.529629629629629672e-01
6.529629629629629672e-01
6.533333333333333215e-01
6.540740740740740300e-01
6.544444444444444953e-01
6.551851851851852038e-01
6.555555555555555580e-01
6.555555555555555580e-01
6.562962962962962665e-01
6.570370370370370861e-01
6.588888888888888573e-01
6.603703703703703853e-01
6.611111111111110938e-01
6.618518518518518023e-01
6.618518518518518023e-01
6.670370370370369839e-01
6.670370370370369839e-01
6.674074074074074492e-01
6.674074074074074492e-01
6.681481481481481577e-01
6.681481481481481577e-01
6.696296296296295747e-01
6.703703703703703942e-01
6.703703703703703942e-01
6.718518518518518112e-01
6.718518518518518112e-01
6.722222222222222765e-01
6.722222222222222765e-01
6.740740740740740478e-01
6.748148148148148673e-01
6.751851851851852215e-01
6.751851851851852215e-01
6.759259259259259300e-01
6.766666666666666385e-01
6.781481481481481666e-01
6.788888888888888751e-01
6.788888888888888751e-01
6.792592592592592293e-01
6.792592592592592293e-01
6.800000000000000488e-01
6.800000000000000488e-01
6.803703703703704031e-01
6.803703703703704031e-01
6.822222222222221744e-01
6.822222222222221744e-01
6.825925925925926396e-01
6.825925925925926396e-01
6.829629629629629939e-01
6.829629629629629939e-01
6.851851851851852304e-01
6.862962962962962932e-01
6.870370370370370017e-01
6.874074074074073559e-01
6.881481481481481755e-01
6.903703703703704120e-01
6.918518518518518290e-01
6.929629629629630028e-01
6.937037037037037113e-01
6.944444444444444198e-01
6.944444444444444198e-01
6.962962962962963021e-01
6.977777777777778301e-01
6.977777777777778301e-01
6.992592592592592471e-01
6.992592592592592471e-01
7.007407407407407751e-01
7.007407407407407751e-01
7.022222222222221921e-01
7.022222222222221921e-01
7.025925925925925464e-01
7.040740740740740744e-01
7.055555555555556024e-01
7.055555555555556024e-01
7.059259259259259567e-01
7.066666666666666652e-01
7.085185185185185475e-01
7.085185185185185475e-01
7.088888888888889017e-01
7.111111111111111382e-01
7.122222222222222010e-01
7.122222222222222010e-01
7.129629629629629095e-01
7.137037037037037290e-01
7.137037037037037290e-01
7.148148148148147918e-01
7.148148148148147918e-01
7.155555555555555003e-01
7.174074074074073826e-01
7.181481481481482021e-01
7.203703703703703276e-01
7.211111111111111471e-01
7.211111111111111471e-01
7.218518518518518556e-01
7.218518518518518556e-01
7.225925925925925641e-01
7.225925925925925641e-01
7.229629629629629184e-01
7.229629629629629184e-01
7.233333333333333837e-01
7.233333333333333837e-01
7.240740740740740922e-01
7.240740740740740922e-01
7.244444444444444464e-01
7.244444444444444464e-01
7.251851851851851549e-01
7.251851851851851549e-01
7.255555555555555092e-01
7.255555555555555092e-01
7.255555555555555092e-01
7.274074074074073915e-01
7.274074074074073915e-01
7.281481481481481000e-01
7.281481481481481000e-01
7.303703703703703365e-01
7.303703703703703365e-01
7.303703703703703365e-01
7.329629629629629273e-01
7.329629629629629273e-01
7.337037037037037468e-01
7.337037037037037468e-01
7.344444444444444553e-01
7.344444444444444553e-01
7.348148148148148096e-01
7.348148148148148096e-01
7.351851851851851638e-01
7.351851851851851638e-01
7.355555555555555181e-01
7.355555555555555181e-01
7.359259259259258723e-01
7.359259259259258723e-01
7.374074074074074003e-01
7.388888888888889284e-01
7.388888888888889284e-01
7.399999999999999911e-01
7.407407407407406996e-01
7.407407407407406996e-01
7.422222222222222276e-01
7.422222222222222276e-01
7.429629629629629362e-01
7.437037037037037557e-01
7.440740740740741099e-01
7.440740740740741099e-01
7.444444444444444642e-01
7.444444444444444642e-01
7.455555555555555269e-01
7.455555555555555269e-01
7.470370370370370550e-01
7.470370370370370550e-01
7.477777777777777635e-01
7.477777777777777635e-01
7.492592592592592915e-01
7.492592592592592915e-01
7.492592592592592915e-01
7.492592592592592915e-01
7.500000000000000000e-01
7.500000000000000000e-01
7.503703703703703543e-01
7.503703703703703543e-01
7.507407407407407085e-01
7.507407407407407085e-01
7.525925925925925908e-01
7.525925925925925908e-01
7.529629629629629450e-01
7.529629629629629450e-01
7.533333333333332993e-01
7.533333333333332993e-01
7.533333333333332993e-01
7.540740740740741188e-01
7.544444444444444731e-01
7.544444444444444731e-01
7.551851851851851816e-01
7.566666666666667096e-01
7.574074074074074181e-01
7.585185185185184809e-01
7.585185185185184809e-01
7.607407407407407174e-01
7.607407407407407174e-01
7.611111111111110716e-01
7.622222222222222454e-01
7.622222222222222454e-01
7.629629629629629539e-01
7.629629629629629539e-01
7.648148148148148362e-01
7.648148148148148362e-01
7.659259259259258990e-01
7.659259259259258990e-01
7.662962962962962532e-01
7.662962962962962532e-01
7.662962962962962532e-01
7.685185185185184897e-01
7.685185185185184897e-01
7.688888888888888440e-01
7.703703703703703720e-01
7.703703703703703720e-01
7.703703703703703720e-01
7.707407407407407263e-01
7.707407407407407263e-01
7.714814814814814348e-01
7.714814814814814348e-01
7.718518518518519000e-01
7.718518518518519000e-01
7.722222222222222543e-01
7.722222222222222543e-01
7.744444444444444908e-01
7.744444444444444908e-01
7.748148148148148451e-01
7.748148148148148451e-01
7.755555555555555536e-01
7.755555555555555536e-01
7.759259259259259078e-01
7.766666666666666163e-01
7.766666666666666163e-01
7.770370370370370816e-01
7.770370370370370816e-01
7.770370370370370816e-01
7.774074074074074359e-01
7.774074074074074359e-01
7.777777777777777901e-01
7.777777777777777901e-01
7.777777777777777901e-01
7.781481481481481444e-01
7.788888888888888529e-01
7.792592592592592071e-01
7.792592592592592071e-01
7.800000000000000266e-01
7.800000000000000266e-01
7.818518518518517979e-01
7.829629629629629717e-01
7.829629629629629717e-01
7.833333333333333259e-01
7.840740740740740344e-01
7.870370370370370905e-01
7.870370370370370905e-01
7.874074074074074447e-01
7.874074074074074447e-01
7.896296296296296813e-01
7.896296296296296813e-01
7.907407407407407440e-01
7.907407407407407440e-01
7.933333333333333348e-01
7.944444444444443976e-01
7.951851851851852171e-01
7.951851851851852171e-01
7.955555555555555713e-01
7.955555555555555713e-01
7.962962962962962798e-01
7.970370370370369884e-01
7.985185185185185164e-01
7.992592592592592249e-01
8.011111111111111072e-01
8.011111111111111072e-01
8.014814814814814614e-01
8.014814814814814614e-01
8.018518518518518157e-01
8.018518518518518157e-01
8.029629629629629894e-01
8.029629629629629894e-01
8.048148148148147607e-01
8.048148148148147607e-01
8.048148148148147607e-01
8.051851851851852260e-01
8.051851851851852260e-01
8.055555555555555802e-01
8.055555555555555802e-01
8.059259259259259345e-01
8.059259259259259345e-01
8.074074074074074625e-01
8.074074074074074625e-01
8.088888888888888795e-01
8.088888888888888795e-01
8.088888888888888795e-01
8.088888888888888795e-01
8.092592592592592338e-01
8.092592592592592338e-01
8.092592592592592338e-01
8.096296296296295880e-01
8.096296296296295880e-01
8.103703703703704075e-01
8.103703703703704075e-01
8.103703703703704075e-01
8.111111111111111160e-01
8.111111111111111160e-01
8.114814814814814703e-01
8.114814814814814703e-01
8.118518518518518245e-01
8.118518518518518245e-01
8.125925925925926441e-01
8.125925925925926441e-01
8.125925925925926441e-01
8.125925925925926441e-01
8.125925925925926441e-01
8.129629629629629983e-01
8.129629629629629983e-01
8.137037037037037068e-01
8.137037037037037068e-01
8.140740740740740611e-01
8.144444444444444153e-01
8.144444444444444153e-01
8.151851851851852349e-01
8.151851851851852349e-01
8.159259259259259434e-01
8.159259259259259434e-01
8.162962962962962976e-01
8.162962962962962976e-01
8.170370370370370061e-01
8.170370370370370061e-01
8.170370370370370061e-01
8.170370370370370061e-01
8.188888888888888884e-01
8.188888888888888884e-01
8.192592592592592426e-01
8.192592592592592426e-01
8.207407407407407707e-01
8.207407407407407707e-01
8.211111111111111249e-01
8.211111111111111249e-01
8.225925925925925419e-01
8.237037037037037157e-01
8.240740740740740700e-01
8.240740740740740700e-01
8.259259259259259522e-01
8.259259259259259522e-01
8.266666666666666607e-01
8.266666666666666607e-01
8.266666666666666607e-01
8.266666666666666607e-01
8.274074074074073692e-01
8.274074074074073692e-01
8.277777777777777235e-01
8.277777777777777235e-01
8.281481481481481888e-01
8.281481481481481888e-01
8.292592592592592515e-01
8.292592592592592515e-01
8.311111111111111338e-01
8.311111111111111338e-01
8.329629629629630161e-01
8.329629629629630161e-01
8.333333333333333703e-01
8.333333333333333703e-01
8.337037037037037246e-01
8.337037037037037246e-01
8.344444444444444331e-01
8.344444444444444331e-01
8.362962962962963154e-01
8.362962962962963154e-01
8.362962962962963154e-01
8.370370370370370239e-01
8.370370370370370239e-01
8.374074074074073781e-01
8.374074074074073781e-01
8.381481481481481977e-01
8.381481481481481977e-01
8.385185185185185519e-01
8.392592592592592604e-01
8.396296296296296147e-01
8.396296296296296147e-01
8.411111111111111427e-01
8.411111111111111427e-01
8.411111111111111427e-01
8.418518518518518512e-01
8.418518518518518512e-01
8.425925925925925597e-01
8.425925925925925597e-01
8.425925925925925597e-01
8.425925925925925597e-01
8.429629629629629139e-01
8.429629629629629139e-01
8.437037037037037335e-01
8.437037037037037335e-01
8.440740740740740877e-01
8.440740740740740877e-01
8.440740740740740877e-01
8.440740740740740877e-01
8.440740740740740877e-01
8.444444444444444420e-01
8.444444444444444420e-01
8.444444444444444420e-01
8.444444444444444420e-01
8.444444444444444420e-01
8.444444444444444420e-01
8.448148148148147962e-01
8.448148148148147962e-01
8.455555555555555047e-01
8.455555555555555047e-01
8.462962962962963243e-01
8.462962962962963243e-01
8.466666666666666785e-01
8.466666666666666785e-01
8.470370370370370328e-01
8.470370370370370328e-01
8.477777777777777413e-01
8.477777777777777413e-01
8.496296296296296235e-01
8.496296296296296235e-01
8.522222222222222143e-01
8.522222222222222143e-01
8.529629629629629228e-01
8.537037037037037424e-01
8.544444444444444509e-01
8.544444444444444509e-01
8.551851851851851594e-01
8.551851851851851594e-01
8.559259259259259789e-01
8.559259259259259789e-01
8.562962962962963331e-01
8.562962962962963331e-01
8.566666666666666874e-01
8.566666666666666874e-01
8.570370370370370416e-01
8.570370370370370416e-01
8.570370370370370416e-01
8.570370370370370416e-01
8.574074074074073959e-01
8.574074074074073959e-01
8.581481481481481044e-01
8.581481481481481044e-01
8.588888888888889239e-01
8.588888888888889239e-01
8.588888888888889239e-01
8.603703703703703409e-01
8.603703703703703409e-01
8.607407407407406952e-01
8.607407407407406952e-01
8.618518518518518690e-01
8.618518518518518690e-01
8.622222222222222232e-01
8.622222222222222232e-01
8.629629629629629317e-01
8.629629629629629317e-01
8.629629629629629317e-01
8.629629629629629317e-01
8.633333333333332860e-01
8.633333333333332860e-01
8.637037037037037512e-01
8.637037037037037512e-01
8.655555555555555225e-01
8.655555555555555225e-01
8.659259259259258767e-01
8.659259259259258767e-01
8.662962962962963420e-01
8.662962962962963420e-01
8.692592592592592871e-01
8.692592592592592871e-01
8.696296296296296413e-01
8.696296296296296413e-01
8.696296296296296413e-01
8.703703703703703498e-01
8.703703703703703498e-01
8.707407407407407041e-01
8.707407407407407041e-01
8.711111111111110583e-01
8.711111111111110583e-01
8.718518518518518778e-01
8.718518518518518778e-01
8.718518518518518778e-01
8.733333333333332948e-01
8.733333333333332948e-01
8.733333333333332948e-01
8.733333333333332948e-01
8.737037037037036491e-01
8.737037037037036491e-01
8.744444444444444686e-01
8.755555555555555314e-01
8.755555555555555314e-01
8.759259259259258856e-01
8.759259259259258856e-01
8.766666666666667052e-01
8.774074074074074137e-01
8.777777777777777679e-01
8.777777777777777679e-01
8.781481481481481222e-01
8.781481481481481222e-01
8.792592592592592959e-01
8.792592592592592959e-01
8.796296296296296502e-01
8.803703703703703587e-01
8.803703703703703587e-01
8.822222222222222410e-01
8.822222222222222410e-01
8.822222222222222410e-01
8.825925925925925952e-01
8.825925925925925952e-01
8.825925925925925952e-01
8.825925925925925952e-01
8.829629629629629495e-01
8.829629629629629495e-01
8.829629629629629495e-01
8.829629629629629495e-01
8.829629629629629495e-01
8.829629629629629495e-01
8.829629629629629495e-01
8.833333333333333037e-01
8.833333333333333037e-01
8.833333333333333037e-01
8.833333333333333037e-01
8.837037037037036580e-01
8.837037037037036580e-01
8.837037037037036580e-01
8.859259259259258945e-01
8.859259259259258945e-01
8.866666666666667140e-01
8.866666666666667140e-01
8.866666666666667140e-01
8.870370370370370683e-01
8.870370370370370683e-01
8.877777777777777768e-01
8.885185185185184853e-01
8.888888888888888395e-01
8.888888888888888395e-01
8.892592592592593048e-01
8.892592592592593048e-01
8.903703703703703676e-01
8.903703703703703676e-01
8.903703703703703676e-01
8.903703703703703676e-01
8.911111111111110761e-01
8.911111111111110761e-01
8.914814814814814303e-01
8.914814814814814303e-01
8.918518518518518956e-01
8.918518518518518956e-01
8.918518518518518956e-01
8.918518518518518956e-01
8.922222222222222499e-01
8.922222222222222499e-01
8.922222222222222499e-01
8.925925925925926041e-01
8.925925925925926041e-01
8.925925925925926041e-01
8.925925925925926041e-01
8.929629629629629584e-01
8.929629629629629584e-01
8.933333333333333126e-01
8.933333333333333126e-01
8.937037037037036669e-01
8.937037037037036669e-01
8.937037037037036669e-01
8.937037037037036669e-01
8.944444444444444864e-01
8.948148148148148406e-01
8.948148148148148406e-01
8.966666666666666119e-01
8.974074074074074314e-01
8.974074074074074314e-01
8.977777777777777857e-01
8.985185185185184942e-01
8.985185185185184942e-01
9.000000000000000222e-01
9.000000000000000222e-01
9.007407407407407307e-01
9.007407407407407307e-01
9.011111111111110850e-01
9.011111111111110850e-01
9.018518518518519045e-01
9.025925925925926130e-01
9.025925925925926130e-01
9.025925925925926130e-01
9.033333333333333215e-01
9.033333333333333215e-01
9.037037037037036757e-01
9.037037037037036757e-01
9.040740740740740300e-01
9.040740740740740300e-01
9.044444444444444953e-01
9.044444444444444953e-01
9.048148148148148495e-01
9.048148148148148495e-01
9.048148148148148495e-01
9.048148148148148495e-01
9.051851851851852038e-01
9.051851851851852038e-01
9.055555555555555580e-01
9.055555555555555580e-01
9.055555555555555580e-01
9.059259259259259123e-01
9.059259259259259123e-01
9.070370370370370861e-01
9.070370370370370861e-01
9.074074074074074403e-01
9.074074074074074403e-01
9.077777777777777946e-01
9.077777777777777946e-01
9.085185185185185031e-01
9.085185185185185031e-01
9.085185185185185031e-01
9.088888888888888573e-01
9.088888888888888573e-01
9.092592592592592116e-01
9.092592592592592116e-01
9.096296296296296768e-01
9.096296296296296768e-01
9.100000000000000311e-01
9.100000000000000311e-01
9.100000000000000311e-01
9.100000000000000311e-01
9.107407407407407396e-01
9.107407407407407396e-01
9.114814814814814481e-01
9.114814814814814481e-01
9.122222222222222676e-01
9.122222222222222676e-01
9.125925925925926219e-01
9.125925925925926219e-01
9.129629629629629761e-01
9.129629629629629761e-01
9.133333333333333304e-01
9.133333333333333304e-01
9.137037037037036846e-01
9.137037037037036846e-01
9.137037037037036846e-01
9.137037037037036846e-01
9.140740740740740389e-01
9.140740740740740389e-01
9.140740740740740389e-01
9.151851851851852127e-01
9.151851851851852127e-01
9.155555555555555669e-01
9.155555555555555669e-01
9.155555555555555669e-01
9.155555555555555669e-01
9.159259259259259212e-01
9.159259259259259212e-01
9.166666666666666297e-01
9.166666666666666297e-01
9.170370370370369839e-01
9.170370370370369839e-01
9.174074074074074492e-01
9.174074074074074492e-01
9.181481481481481577e-01
9.181481481481481577e-01
9.181481481481481577e-01
9.181481481481481577e-01
9.181481481481481577e-01
9.188888888888888662e-01
9.188888888888888662e-01
9.200000000000000400e-01
9.200000000000000400e-01
9.207407407407407485e-01
9.207407407407407485e-01
9.207407407407407485e-01
9.207407407407407485e-01
9.211111111111111027e-01
9.211111111111111027e-01
9.214814814814814570e-01
9.214814814814814570e-01
9.222222222222222765e-01
9.222222222222222765e-01
9.222222222222222765e-01
9.222222222222222765e-01
9.222222222222222765e-01
9.222222222222222765e-01
9.222222222222222765e-01
9.225925925925926308e-01
9.225925925925926308e-01
9.225925925925926308e-01
9.225925925925926308e-01
9.229629629629629850e-01
9.229629629629629850e-01
9.233333333333333393e-01
9.233333333333333393e-01
9.233333333333333393e-01
9.233333333333333393e-01
9.237037037037036935e-01
9.237037037037036935e-01
9.237037037037036935e-01
9.237037037037036935e-01
9.237037037037036935e-01
9.240740740740740478e-01
9.240740740740740478e-01
9.240740740740740478e-01
9.248148148148148673e-01
9.248148148148148673e-01
9.248148148148148673e-01
9.248148148148148673e-01
9.251851851851852215e-01
9.251851851851852215e-01
9.255555555555555758e-01
9.255555555555555758e-01
9.255555555555555758e-01
9.259259259259259300e-01
9.259259259259259300e-01
9.262962962962962843e-01
9.262962962962962843e-01
9.266666666666666385e-01
9.266666666666666385e-01
9.270370370370369928e-01
9.270370370370369928e-01
9.274074074074074581e-01
9.274074074074074581e-01
9.277777777777778123e-01
9.277777777777778123e-01
9.281481481481481666e-01
9.281481481481481666e-01
9.285185185185185208e-01
9.285185185185185208e-01
9.285185185185185208e-01
9.285185185185185208e-01
9.288888888888888751e-01
9.288888888888888751e-01
9.292592592592592293e-01
9.292592592592592293e-01
9.292592592592592293e-01
9.292592592592592293e-01
9.292592592592592293e-01
9.300000000000000488e-01
9.300000000000000488e-01
9.300000000000000488e-01
9.300000000000000488e-01
9.307407407407407574e-01
9.307407407407407574e-01
9.307407407407407574e-01
9.307407407407407574e-01
9.307407407407407574e-01
9.307407407407407574e-01
9.307407407407407574e-01
9.307407407407407574e-01
9.307407407407407574e-01
9.314814814814814659e-01
9.314814814814814659e-01
9.314814814814814659e-01
9.314814814814814659e-01
9.322222222222221744e-01
9.322222222222221744e-01
9.322222222222221744e-01
9.322222222222221744e-01
9.322222222222221744e-01
9.322222222222221744e-01
9.322222222222221744e-01
9.322222222222221744e-01
9.322222222222221744e-01
9.322222222222221744e-01
9.322222222222221744e-01
9.329629629629629939e-01
9.329629629629629939e-01
9.329629629629629939e-01
9.337037037037037024e-01
9.337037037037037024e-01
9.344444444444444109e-01
9.344444444444444109e-01
9.344444444444444109e-01
9.355555555555555847e-01
9.355555555555555847e-01
9.359259259259259389e-01
9.359259259259259389e-01
9.366666666666666474e-01
9.366666666666666474e-01
9.366666666666666474e-01
9.366666666666666474e-01
9.370370370370370017e-01
9.381481481481481755e-01
9.381481481481481755e-01
9.381481481481481755e-01
9.381481481481481755e-01
9.381481481481481755e-01
9.385185185185185297e-01
9.385185185185185297e-01
9.392592592592592382e-01
9.392592592592592382e-01
9.392592592592592382e-01
9.396296296296295925e-01
9.396296296296295925e-01
9.399999999999999467e-01
9.407407407407407662e-01
9.407407407407407662e-01
9.407407407407407662e-01
9.407407407407407662e-01
9.411111111111111205e-01
9.411111111111111205e-01
9.411111111111111205e-01
9.411111111111111205e-01
9.411111111111111205e-01
9.422222222222221832e-01
9.422222222222221832e-01
9.433333333333333570e-01
9.433333333333333570e-01
9.433333333333333570e-01
9.433333333333333570e-01
9.433333333333333570e-01
9.433333333333333570e-01
9.440740740740740655e-01
9.440740740740740655e-01
9.444444444444444198e-01
9.444444444444444198e-01
9.451851851851852393e-01
9.451851851851852393e-01
9.451851851851852393e-01
9.455555555555555935e-01
9.455555555555555935e-01
9.455555555555555935e-01
9.459259259259259478e-01
9.459259259259259478e-01
9.459259259259259478e-01
9.466666666666666563e-01
9.466666666666666563e-01
9.466666666666666563e-01
9.466666666666666563e-01
9.466666666666666563e-01
9.466666666666666563e-01
9.470370370370370106e-01
9.470370370370370106e-01
9.477777777777778301e-01
9.477777777777778301e-01
9.477777777777778301e-01
9.477777777777778301e-01
9.477777777777778301e-01
9.477777777777778301e-01
9.477777777777778301e-01
9.481481481481481843e-01
9.481481481481481843e-01
9.481481481481481843e-01
9.481481481481481843e-01
9.481481481481481843e-01
9.485185185185185386e-01
9.485185185185185386e-01
9.485185185185185386e-01
9.488888888888888928e-01
9.488888888888888928e-01
9.488888888888888928e-01
9.496296296296296013e-01
9.496296296296296013e-01
9.499999999999999556e-01
9.499999999999999556e-01
9.503703703703704209e-01
9.503703703703704209e-01
9.503703703703704209e-01
9.503703703703704209e-01
9.511111111111111294e-01
9.511111111111111294e-01
9.514814814814814836e-01
9.514814814814814836e-01
9.518518518518518379e-01
9.518518518518518379e-01
9.518518518518518379e-01
9.518518518518518379e-01
9.518518518518518379e-01
9.522222222222221921e-01
9.522222222222221921e-01
9.525925925925925464e-01
9.525925925925925464e-01
9.525925925925925464e-01
9.525925925925925464e-01
9.525925925925925464e-01
9.525925925925925464e-01
9.529629629629630116e-01
9.529629629629630116e-01
9.533333333333333659e-01
9.533333333333333659e-01
9.533333333333333659e-01
9.533333333333333659e-01
9.533333333333333659e-01
9.533333333333333659e-01
9.533333333333333659e-01
9.537037037037037202e-01
9.537037037037037202e-01
9.540740740740740744e-01
9.540740740740740744e-01
9.540740740740740744e-01
9.544444444444444287e-01
9.544444444444444287e-01
9.544444444444444287e-01
9.544444444444444287e-01
9.544444444444444287e-01
9.559259259259259567e-01
9.562962962962963109e-01
9.562962962962963109e-01
9.562962962962963109e-01
9.562962962962963109e-01
9.562962962962963109e-01
9.562962962962963109e-01
9.570370370370370194e-01
9.570370370370370194e-01
9.574074074074073737e-01
9.574074074074073737e-01
9.577777777777777279e-01
9.577777777777777279e-01
9.581481481481481932e-01
9.581481481481481932e-01
9.581481481481481932e-01
9.581481481481481932e-01
9.581481481481481932e-01
9.581481481481481932e-01
9.581481481481481932e-01
9.581481481481481932e-01
9.581481481481481932e-01
9.581481481481481932e-01
9.585185185185185475e-01
9.585185185185185475e-01
9.585185185185185475e-01
9.585185185185185475e-01
9.585185185185185475e-01
9.588888888888889017e-01
9.588888888888889017e-01
9.588888888888889017e-01
9.588888888888889017e-01
9.588888888888889017e-01
9.588888888888889017e-01
9.588888888888889017e-01
9.588888888888889017e-01
9.588888888888889017e-01
9.592592592592592560e-01
9.592592592592592560e-01
9.596296296296296102e-01
9.596296296296296102e-01
9.596296296296296102e-01
9.596296296296296102e-01
9.596296296296296102e-01
9.596296296296296102e-01
9.596296296296296102e-01
9.596296296296296102e-01
9.596296296296296102e-01
9.599999999999999645e-01
9.599999999999999645e-01
9.599999999999999645e-01
9.599999999999999645e-01
9.607407407407407840e-01
9.607407407407407840e-01
9.607407407407407840e-01
9.607407407407407840e-01
9.611111111111111382e-01
9.611111111111111382e-01
9.618518518518518468e-01
9.618518518518518468e-01
9.618518518518518468e-01
9.618518518518518468e-01
9.618518518518518468e-01
9.618518518518518468e-01
9.618518518518518468e-01
9.618518518518518468e-01
9.622222222222222010e-01
9.622222222222222010e-01
9.625925925925925553e-01
9.625925925925925553e-01
9.625925925925925553e-01
9.629629629629629095e-01
9.629629629629629095e-01
9.633333333333333748e-01
9.640740740740740833e-01
9.640740740740740833e-01
9.648148148148147918e-01
9.648148148148147918e-01
9.651851851851851460e-01
9.651851851851851460e-01
9.651851851851851460e-01
9.651851851851851460e-01
9.651851851851851460e-01
9.651851851851851460e-01
9.662962962962963198e-01
9.662962962962963198e-01
9.670370370370370283e-01
9.670370370370370283e-01
9.674074074074073826e-01
9.674074074074073826e-01
9.677777777777777368e-01
9.677777777777777368e-01
9.677777777777777368e-01
9.685185185185185563e-01
9.685185185185185563e-01
9.685185185185185563e-01
9.688888888888889106e-01
9.692592592592592649e-01
9.692592592592592649e-01
9.692592592592592649e-01
9.699999999999999734e-01
9.699999999999999734e-01
9.699999999999999734e-01
9.699999999999999734e-01
9.699999999999999734e-01
9.699999999999999734e-01
9.699999999999999734e-01
9.699999999999999734e-01
9.703703703703703276e-01
9.703703703703703276e-01
9.707407407407407929e-01
9.707407407407407929e-01
9.711111111111111471e-01
9.711111111111111471e-01
9.714814814814815014e-01
9.714814814814815014e-01
9.714814814814815014e-01
9.714814814814815014e-01
9.714814814814815014e-01
9.714814814814815014e-01
9.714814814814815014e-01
9.718518518518518556e-01
9.718518518518518556e-01
9.718518518518518556e-01
9.737037037037037379e-01
9.737037037037037379e-01
9.737037037037037379e-01
9.737037037037037379e-01
9.737037037037037379e-01
9.737037037037037379e-01
9.737037037037037379e-01
9.737037037037037379e-01
9.748148148148148007e-01
9.748148148148148007e-01
9.748148148148148007e-01
9.748148148148148007e-01
9.755555555555555092e-01
9.755555555555555092e-01
9.759259259259259744e-01
9.759259259259259744e-01
9.759259259259259744e-01
9.759259259259259744e-01
9.766666666666666829e-01
9.766666666666666829e-01
9.766666666666666829e-01
9.766666666666666829e-01
9.766666666666666829e-01
9.770370370370370372e-01
9.770370370370370372e-01
9.770370370370370372e-01
9.770370370370370372e-01
9.774074074074073915e-01
9.774074074074073915e-01
9.774074074074073915e-01
9.777777777777777457e-01
9.777777777777777457e-01
9.781481481481481000e-01
9.781481481481481000e-01
9.792592592592592737e-01
9.792592592592592737e-01
9.796296296296296280e-01
9.796296296296296280e-01
9.799999999999999822e-01
9.799999999999999822e-01
9.807407407407406907e-01
9.807407407407406907e-01
9.807407407407406907e-01
9.807407407407406907e-01
9.807407407407406907e-01
9.807407407407406907e-01
9.807407407407406907e-01
9.807407407407406907e-01
9.807407407407406907e-01
9.807407407407406907e-01
9.814814814814815103e-01
9.814814814814815103e-01
9.814814814814815103e-01
9.814814814814815103e-01
9.814814814814815103e-01
9.814814814814815103e-01
9.814814814814815103e-01
9.814814814814815103e-01
9.814814814814815103e-01
9.814814814814815103e-01
9.814814814814815103e-01
9.814814814814815103e-01
9.814814814814815103e-01
9.814814814814815103e-01
9.814814814814815103e-01
9.814814814814815103e-01
9.814814814814815103e-01
9.814814814814815103e-01
9.814814814814815103e-01
9.814814814814815103e-01
9.818518518518518645e-01
9.818518518518518645e-01
9.818518518518518645e-01
9.818518518518518645e-01
9.822222222222222188e-01
9.822222222222222188e-01
9.825925925925925730e-01
9.825925925925925730e-01
9.825925925925925730e-01
9.825925925925925730e-01
9.825925925925925730e-01
9.825925925925925730e-01
9.825925925925925730e-01
9.829629629629629273e-01
9.829629629629629273e-01
9.829629629629629273e-01
9.829629629629629273e-01
9.833333333333332815e-01
9.833333333333332815e-01
9.833333333333332815e-01
9.833333333333332815e-01
9.833333333333332815e-01
9.833333333333332815e-01
9.833333333333332815e-01
9.833333333333332815e-01
9.833333333333332815e-01
9.833333333333332815e-01
9.837037037037037468e-01
9.837037037037037468e-01
9.840740740740741010e-01
9.840740740740741010e-01
9.844444444444444553e-01
9.844444444444444553e-01
9.844444444444444553e-01
9.844444444444444553e-01
9.844444444444444553e-01
9.844444444444444553e-01
9.844444444444444553e-01
9.844444444444444553e-01
9.844444444444444553e-01
9.844444444444444553e-01
9.844444444444444553e-01
9.844444444444444553e-01
9.844444444444444553e-01
9.844444444444444553e-01
9.844444444444444553e-01
9.844444444444444553e-01
9.844444444444444553e-01
9.848148148148148096e-01
9.848148148148148096e-01
9.848148148148148096e-01
9.848148148148148096e-01
9.848148148148148096e-01
9.851851851851851638e-01
9.851851851851851638e-01
9.851851851851851638e-01
9.851851851851851638e-01
9.851851851851851638e-01
9.851851851851851638e-01
9.855555555555555181e-01
9.855555555555555181e-01
9.855555555555555181e-01
9.855555555555555181e-01
9.855555555555555181e-01
9.855555555555555181e-01
9.855555555555555181e-01
9.855555555555555181e-01
9.859259259259258723e-01
9.859259259259258723e-01
9.859259259259258723e-01
9.859259259259258723e-01
9.862962962962963376e-01
9.862962962962963376e-01
9.862962962962963376e-01
9.862962962962963376e-01
9.862962962962963376e-01
9.862962962962963376e-01
9.862962962962963376e-01
9.862962962962963376e-01
9.862962962962963376e-01
9.862962962962963376e-01
9.862962962962963376e-01
9.874074074074074003e-01
9.874074074074074003e-01
9.874074074074074003e-01
9.874074074074074003e-01
9.874074074074074003e-01
9.885185185185184631e-01
9.885185185185184631e-01
9.885185185185184631e-01
9.885185185185184631e-01
9.885185185185184631e-01
9.885185185185184631e-01
9.885185185185184631e-01
9.885185185185184631e-01
9.885185185185184631e-01
9.885185185185184631e-01
9.885185185185184631e-01
9.885185185185184631e-01
9.885185185185184631e-01
9.885185185185184631e-01
9.888888888888889284e-01
9.888888888888889284e-01
9.888888888888889284e-01
9.888888888888889284e-01
9.888888888888889284e-01
9.888888888888889284e-01
9.888888888888889284e-01
9.888888888888889284e-01
9.888888888888889284e-01
9.888888888888889284e-01
9.888888888888889284e-01
9.888888888888889284e-01
9.888888888888889284e-01
9.892592592592592826e-01
9.892592592592592826e-01
9.892592592592592826e-01
9.896296296296296369e-01
1.000000000000000000e+00
