0.000000000000000000e+00
4.746031746031745824e-01
4.907936507936507819e-01
5.006349206349206549e-01
5.073015873015872534e-01
5.152380952380952728e-01
5.203174603174602897e-01
5.225396825396825262e-01
5.231746031746031811e-01
5.244444444444444908e-01
5.263492063492063444e-01
5.273015873015872712e-01
5.279365079365079261e-01
5.295238095238095077e-01
5.304761904761904345e-01
5.323809523809523991e-01
5.336507936507935979e-01
5.339682539682539808e-01
5.361904761904762173e-01
5.368253968253968722e-01
5.377777777777777990e-01
5.380952380952380709e-01
5.380952380952380709e-01
5.384126984126984539e-01
5.384126984126984539e-01
5.384126984126984539e-01
5.400000000000000355e-01
5.403174603174603075e-01
5.409523809523809623e-01
5.419047619047618891e-01
5.419047619047618891e-01
5.422222222222222721e-01
5.428571428571428159e-01
5.431746031746031989e-01
5.431746031746031989e-01
5.444444444444443976e-01
5.447619047619047805e-01
5.450793650793650524e-01
5.450793650793650524e-01
5.450793650793650524e-01
5.450793650793650524e-01
5.450793650793650524e-01
5.450793650793650524e-01
5.453968253968254354e-01
5.453968253968254354e-01
5.453968253968254354e-01
5.460317460317459792e-01
5.463492063492063622e-01
5.466666666666666341e-01
5.482539682539682158e-01
5.482539682539682158e-01
5.482539682539682158e-01
5.504761904761904523e-01
5.507936507936508352e-01
5.507936507936508352e-01
5.514285714285713791e-01
5.514285714285713791e-01
5.520634920634920340e-01
5.520634920634920340e-01
5.526984126984126888e-01
5.526984126984126888e-01
5.542857142857142705e-01
5.542857142857142705e-01
5.558730158730158522e-01
5.558730158730158522e-01
5.565079365079365070e-01
5.565079365079365070e-01
5.571428571428571619e-01
5.571428571428571619e-01
5.577777777777778168e-01
5.577777777777778168e-01
5.580952380952380887e-01
5.587301587301587436e-01
5.590476190476190155e-01
5.590476190476190155e-01
5.593650793650793984e-01
5.593650793650793984e-01
5.603174603174603252e-01
5.603174603174603252e-01
5.641269841269841434e-01
5.641269841269841434e-01
5.647619047619047983e-01
5.647619047619047983e-01
5.666666666666666519e-01
5.666666666666666519e-01
5.701587301587301981e-01
5.701587301587301981e-01
5.714285714285713969e-01
5.714285714285713969e-01
5.726984126984127066e-01
5.726984126984127066e-01
5.730158730158729785e-01
5.730158730158729785e-01
5.739682539682540163e-01
5.739682539682540163e-01
5.742857142857142883e-01
5.742857142857142883e-01
5.742857142857142883e-01
5.746031746031745602e-01
5.746031746031745602e-01
5.749206349206349431e-01
5.749206349206349431e-01
5.752380952380952150e-01
5.752380952380952150e-01
5.758730158730158699e-01
5.758730158730158699e-01
5.758730158730158699e-01
5.758730158730158699e-01
5.758730158730158699e-01
5.765079365079365248e-01
5.765079365079365248e-01
5.771428571428571797e-01
5.771428571428571797e-01
5.771428571428571797e-01
5.771428571428571797e-01
5.771428571428571797e-01
5.780952380952381064e-01
5.780952380952381064e-01
5.780952380952381064e-01
5.780952380952381064e-01
5.780952380952381064e-01
5.793650793650794162e-01
5.793650793650794162e-01
5.796825396825396881e-01
5.796825396825396881e-01
5.806349206349206149e-01
5.806349206349206149e-01
5.809523809523809978e-01
5.809523809523809978e-01
5.815873015873015417e-01
5.815873015873015417e-01
5.815873015873015417e-01
5.825396825396825795e-01
5.825396825396825795e-01
5.828571428571428514e-01
5.828571428571428514e-01
5.831746031746031234e-01
5.831746031746031234e-01
5.834920634920635063e-01
5.834920634920635063e-01
5.847619047619048160e-01
5.847619047619048160e-01
5.847619047619048160e-01
5.847619047619048160e-01
5.847619047619048160e-01
5.853968253968253599e-01
5.853968253968253599e-01
5.863492063492063977e-01
5.863492063492063977e-01
5.876190476190475964e-01
5.876190476190475964e-01
5.879365079365079794e-01
5.879365079365079794e-01
5.882539682539682513e-01
5.882539682539682513e-01
5.885714285714285232e-01
5.885714285714285232e-01
5.901587301587301049e-01
5.901587301587301049e-01
5.917460317460317976e-01
5.917460317460317976e-01
5.920634920634920695e-01
5.920634920634920695e-01
5.926984126984127244e-01
5.946031746031745779e-01
5.946031746031745779e-01
5.949206349206349609e-01
5.949206349206349609e-01
5.958730158730158877e-01
5.958730158730158877e-01
5.961904761904761596e-01
5.961904761904761596e-01
5.968253968253968145e-01
5.968253968253968145e-01
5.971428571428571974e-01
5.971428571428571974e-01
5.980952380952381242e-01
5.980952380952381242e-01
5.987301587301587791e-01
6.003174603174603607e-01
6.003174603174603607e-01
6.009523809523809046e-01
6.009523809523809046e-01
6.012698412698412875e-01
6.012698412698412875e-01
6.025396825396824863e-01
6.025396825396824863e-01
6.025396825396824863e-01
6.031746031746031411e-01
6.031746031746031411e-01
6.044444444444444509e-01
6.057142857142857606e-01
6.057142857142857606e-01
6.060317460317460325e-01
6.060317460317460325e-01
6.063492063492063044e-01
6.063492063492063044e-01
6.066666666666666874e-01
6.066666666666666874e-01
6.066666666666666874e-01
6.066666666666666874e-01
6.066666666666666874e-01
6.073015873015873423e-01
6.073015873015873423e-01
6.076190476190476142e-01
6.082539682539682691e-01
6.082539682539682691e-01
6.082539682539682691e-01
6.082539682539682691e-01
6.092063492063491958e-01
6.098412698412698507e-01
6.098412698412698507e-01
6.107936507936507775e-01
6.117460317460317043e-01
6.117460317460317043e-01
6.126984126984127421e-01
6.133333333333332860e-01
6.139682539682539408e-01
6.139682539682539408e-01
6.142857142857143238e-01
6.149206349206348676e-01
6.152380952380952506e-01
6.161904761904761774e-01
6.174603174603174871e-01
6.174603174603174871e-01
6.174603174603174871e-01
6.180952380952381420e-01
6.184126984126984139e-01
6.190476190476190688e-01
6.190476190476190688e-01
6.193650793650793407e-01
6.193650793650793407e-01
6.206349206349206504e-01
6.206349206349206504e-01
6.212698412698413053e-01
6.212698412698413053e-01
6.215873015873015772e-01
6.222222222222222321e-01
6.228571428571428870e-01
6.228571428571428870e-01
6.247619047619047405e-01
6.247619047619047405e-01
6.266666666666667052e-01
6.276190476190476319e-01
6.282539682539682868e-01
6.282539682539682868e-01
6.295238095238094855e-01
6.298412698412698685e-01
6.298412698412698685e-01
6.317460317460317221e-01
6.333333333333333037e-01
6.339682539682539586e-01
6.342857142857142305e-01
6.349206349206348854e-01
6.349206349206348854e-01
6.374603174603175049e-01
6.374603174603175049e-01
6.396825396825396304e-01
6.406349206349206682e-01
6.415873015873015950e-01
6.415873015873015950e-01
6.422222222222222499e-01
6.457142857142856851e-01
6.460317460317460680e-01
6.460317460317460680e-01
6.466666666666666119e-01
6.469841269841269948e-01
6.473015873015872668e-01
6.476190476190476497e-01
6.482539682539683046e-01
6.492063492063492314e-01
6.504761904761904301e-01
6.504761904761904301e-01
6.511111111111110850e-01
6.523809523809523947e-01
6.526984126984126666e-01
6.533333333333333215e-01
6.536507936507937044e-01
6.536507936507937044e-01
6.542857142857142483e-01
6.549206349206349032e-01
6.565079365079364848e-01
6.577777777777777946e-01
6.584126984126984494e-01
6.593650793650793762e-01
6.593650793650793762e-01
6.631746031746031944e-01
6.638095238095238493e-01
6.644444444444443931e-01
6.644444444444443931e-01
6.647619047619047761e-01
6.647619047619047761e-01
6.653968253968254309e-01
6.653968253968254309e-01
6.666666666666666297e-01
6.676190476190476675e-01
6.682539682539682113e-01
6.688888888888888662e-01
6.688888888888888662e-01
6.701587301587301759e-01
6.701587301587301759e-01
6.704761904761904479e-01
6.704761904761904479e-01
6.720634920634920295e-01
6.726984126984126844e-01
6.730158730158730673e-01
6.730158730158730673e-01
6.736507936507936112e-01
6.742857142857142660e-01
6.755555555555555758e-01
6.761904761904762307e-01
6.761904761904762307e-01
6.765079365079365026e-01
6.765079365079365026e-01
6.774603174603174294e-01
6.774603174603174294e-01
6.780952380952380842e-01
6.780952380952380842e-01
6.800000000000000488e-01
6.800000000000000488e-01
6.803174603174603208e-01
6.803174603174603208e-01
6.806349206349205927e-01
6.806349206349205927e-01
6.809523809523809756e-01
6.819047619047619024e-01
6.831746031746032122e-01
6.841269841269841390e-01
6.847619047619047938e-01
6.857142857142857206e-01
6.863492063492063755e-01
6.866666666666666474e-01
6.873015873015873023e-01
6.888888888888888840e-01
6.888888888888888840e-01
6.892063492063491559e-01
6.904761904761904656e-01
6.917460317460317754e-01
6.923809523809524302e-01
6.930158730158729741e-01
6.930158730158729741e-01
6.949206349206349387e-01
6.968253968253967923e-01
6.968253968253967923e-01
6.980952380952381020e-01
6.980952380952381020e-01
6.993650793650794117e-01
6.993650793650794117e-01
6.999999999999999556e-01
7.006349206349206105e-01
7.012698412698412653e-01
7.012698412698412653e-01
7.015873015873015373e-01
7.028571428571428470e-01
7.041269841269841567e-01
7.041269841269841567e-01
7.044444444444444287e-01
7.050793650793650835e-01
7.066666666666666652e-01
7.066666666666666652e-01
7.073015873015873201e-01
7.098412698412698285e-01
7.107936507936507553e-01
7.107936507936507553e-01
7.114285714285714102e-01
7.120634920634920650e-01
7.120634920634920650e-01
7.136507936507936467e-01
7.136507936507936467e-01
7.142857142857143016e-01
7.158730158730158832e-01
7.158730158730158832e-01
7.168253968253968100e-01
7.171428571428571930e-01
7.190476190476190466e-01
7.196825396825397014e-01
7.196825396825397014e-01
7.196825396825397014e-01
7.203174603174603563e-01
7.203174603174603563e-01
7.209523809523809001e-01
7.209523809523809001e-01
7.212698412698412831e-01
7.212698412698412831e-01
7.215873015873015550e-01
7.215873015873015550e-01
7.231746031746031367e-01
7.231746031746031367e-01
7.234920634920635196e-01
7.234920634920635196e-01
7.241269841269841745e-01
7.241269841269841745e-01
7.241269841269841745e-01
7.241269841269841745e-01
7.244444444444444464e-01
7.244444444444444464e-01
7.244444444444444464e-01
7.263492063492063000e-01
7.263492063492063000e-01
7.273015873015873378e-01
7.273015873015873378e-01
7.298412698412698463e-01
7.298412698412698463e-01
7.298412698412698463e-01
7.314285714285714279e-01
7.314285714285714279e-01
7.323809523809523547e-01
7.323809523809523547e-01
7.330158730158730096e-01
7.330158730158730096e-01
7.336507936507936645e-01
7.336507936507936645e-01
7.339682539682539364e-01
7.339682539682539364e-01
7.342857142857143193e-01
7.342857142857143193e-01
7.342857142857143193e-01
7.346031746031745913e-01
7.346031746031745913e-01
7.349206349206349742e-01
7.349206349206349742e-01
7.365079365079365559e-01
7.377777777777777546e-01
7.377777777777777546e-01
7.384126984126984095e-01
7.384126984126984095e-01
7.390476190476190643e-01
7.399999999999999911e-01
7.399999999999999911e-01
7.415873015873015728e-01
7.415873015873015728e-01
7.419047619047619557e-01
7.419047619047619557e-01
7.425396825396824996e-01
7.431746031746031544e-01
7.434920634920635374e-01
7.434920634920635374e-01
7.441269841269840812e-01
7.441269841269840812e-01
7.450793650793651191e-01
7.450793650793651191e-01
7.463492063492063178e-01
7.463492063492063178e-01
7.473015873015873556e-01
7.473015873015873556e-01
7.485714285714285543e-01
7.485714285714285543e-01
7.485714285714285543e-01
7.485714285714285543e-01
7.492063492063492092e-01
7.492063492063492092e-01
7.495238095238094811e-01
7.495238095238094811e-01
7.501587301587301360e-01
7.501587301587301360e-01
7.517460317460317176e-01
7.517460317460317176e-01
7.520634920634921006e-01
7.520634920634921006e-01
7.526984126984126444e-01
7.533333333333332993e-01
7.533333333333332993e-01
7.533333333333332993e-01
7.539682539682539542e-01
7.542857142857143371e-01
7.542857142857143371e-01
7.552380952380952639e-01
7.565079365079364626e-01
7.571428571428571175e-01
7.584126984126984272e-01
7.584126984126984272e-01
7.603174603174602808e-01
7.603174603174602808e-01
7.606349206349206638e-01
7.615873015873015905e-01
7.615873015873015905e-01
7.619047619047618625e-01
7.619047619047618625e-01
7.625396825396825173e-01
7.625396825396825173e-01
7.644444444444444819e-01
7.644444444444444819e-01
7.657142857142856807e-01
7.657142857142856807e-01
7.660317460317460636e-01
7.660317460317460636e-01
7.660317460317460636e-01
7.682539682539683001e-01
7.682539682539683001e-01
7.685714285714285721e-01
7.698412698412698818e-01
7.698412698412698818e-01
7.698412698412698818e-01
7.701587301587301537e-01
7.701587301587301537e-01
7.701587301587301537e-01
7.707936507936508086e-01
7.707936507936508086e-01
7.711111111111110805e-01
7.711111111111110805e-01
7.717460317460317354e-01
7.717460317460317354e-01
7.730158730158730451e-01
7.730158730158730451e-01
7.739682539682539719e-01
7.739682539682539719e-01
7.746031746031746268e-01
7.746031746031746268e-01
7.752380952380952817e-01
7.752380952380952817e-01
7.755555555555555536e-01
7.765079365079364804e-01
7.765079365079364804e-01
7.768253968253968633e-01
7.768253968253968633e-01
7.768253968253968633e-01
7.771428571428571352e-01
7.771428571428571352e-01
7.774603174603174072e-01
7.774603174603174072e-01
7.777777777777777901e-01
7.777777777777777901e-01
7.777777777777777901e-01
7.777777777777777901e-01
7.780952380952380620e-01
7.780952380952380620e-01
7.784126984126984450e-01
7.790476190476190999e-01
7.790476190476190999e-01
7.793650793650793718e-01
7.793650793650793718e-01
7.800000000000000266e-01
7.800000000000000266e-01
7.803174603174602986e-01
7.819047619047618802e-01
7.828571428571428070e-01
7.828571428571428070e-01
7.831746031746031900e-01
7.838095238095238448e-01
7.841269841269841168e-01
7.847619047619047716e-01
7.853968253968254265e-01
7.853968253968254265e-01
7.866666666666666252e-01
7.866666666666666252e-01
7.869841269841270082e-01
7.869841269841270082e-01
7.892063492063492447e-01
7.892063492063492447e-01
7.895238095238095166e-01
7.895238095238095166e-01
7.904761904761904434e-01
7.904761904761904434e-01
7.917460317460317532e-01
7.917460317460317532e-01
7.926984126984126799e-01
7.936507936507936067e-01
7.939682539682539897e-01
7.939682539682539897e-01
7.942857142857142616e-01
7.942857142857142616e-01
7.946031746031746446e-01
7.946031746031746446e-01
7.955555555555555713e-01
7.961904761904762262e-01
7.961904761904762262e-01
7.977777777777778079e-01
7.987301587301587347e-01
7.993650793650793895e-01
7.993650793650793895e-01
8.003174603174603163e-01
8.003174603174603163e-01
8.006349206349205883e-01
8.006349206349205883e-01
8.006349206349205883e-01
8.009523809523809712e-01
8.009523809523809712e-01
8.012698412698412431e-01
8.012698412698412431e-01
8.022222222222221699e-01
8.022222222222221699e-01
8.041269841269841345e-01
8.041269841269841345e-01
8.041269841269841345e-01
8.044444444444444065e-01
8.044444444444444065e-01
8.047619047619047894e-01
8.047619047619047894e-01
8.050793650793650613e-01
8.050793650793650613e-01
8.066666666666666430e-01
8.066666666666666430e-01
8.079365079365079527e-01
8.079365079365079527e-01
8.079365079365079527e-01
8.079365079365079527e-01
8.088888888888888795e-01
8.088888888888888795e-01
8.088888888888888795e-01
8.092063492063491514e-01
8.092063492063491514e-01
8.098412698412698063e-01
8.098412698412698063e-01
8.098412698412698063e-01
8.104761904761904612e-01
8.104761904761904612e-01
8.107936507936508441e-01
8.107936507936508441e-01
8.111111111111111160e-01
8.111111111111111160e-01
8.117460317460317709e-01
8.117460317460317709e-01
8.117460317460317709e-01
8.120634920634920428e-01
8.120634920634920428e-01
8.120634920634920428e-01
8.123809523809524258e-01
8.123809523809524258e-01
8.130158730158729696e-01
8.130158730158729696e-01
8.133333333333333526e-01
8.136507936507936245e-01
8.136507936507936245e-01
8.142857142857142794e-01
8.142857142857142794e-01
8.149206349206349342e-01
8.149206349206349342e-01
8.152380952380952062e-01
8.152380952380952062e-01
8.161904761904762440e-01
8.161904761904762440e-01
8.161904761904762440e-01
8.161904761904762440e-01
8.161904761904762440e-01
8.161904761904762440e-01
8.177777777777778256e-01
8.177777777777778256e-01
8.180952380952380976e-01
8.180952380952380976e-01
8.187301587301587524e-01
8.187301587301587524e-01
8.196825396825396792e-01
8.196825396825396792e-01
8.199999999999999512e-01
8.199999999999999512e-01
8.212698412698412609e-01
8.225396825396825706e-01
8.228571428571428426e-01
8.228571428571428426e-01
8.231746031746032255e-01
8.231746031746032255e-01
8.244444444444444242e-01
8.244444444444444242e-01
8.250793650793650791e-01
8.250793650793650791e-01
8.250793650793650791e-01
8.250793650793650791e-01
8.257142857142857340e-01
8.257142857142857340e-01
8.260317460317460059e-01
8.260317460317460059e-01
8.263492063492063888e-01
8.263492063492063888e-01
8.263492063492063888e-01
8.273015873015873156e-01
8.273015873015873156e-01
8.288888888888888973e-01
8.288888888888888973e-01
8.304761904761904789e-01
8.304761904761904789e-01
8.311111111111111338e-01
8.311111111111111338e-01
8.314285714285714057e-01
8.314285714285714057e-01
8.320634920634920606e-01
8.320634920634920606e-01
8.336507936507936423e-01
8.336507936507936423e-01
8.336507936507936423e-01
8.342857142857142971e-01
8.342857142857142971e-01
8.346031746031745691e-01
8.346031746031745691e-01
8.352380952380952239e-01
8.352380952380952239e-01
8.358730158730158788e-01
8.365079365079365337e-01
8.368253968253968056e-01
8.368253968253968056e-01
8.377777777777777324e-01
8.377777777777777324e-01
8.380952380952381153e-01
8.380952380952381153e-01
8.380952380952381153e-01
8.387301587301587702e-01
8.387301587301587702e-01
8.390476190476190421e-01
8.390476190476190421e-01
8.393650793650793140e-01
8.393650793650793140e-01
8.393650793650793140e-01
8.393650793650793140e-01
8.396825396825396970e-01
8.396825396825396970e-01
8.399999999999999689e-01
8.399999999999999689e-01
8.409523809523810067e-01
8.409523809523810067e-01
8.412698412698412787e-01
8.412698412698412787e-01
8.412698412698412787e-01
8.412698412698412787e-01
8.412698412698412787e-01
8.415873015873015506e-01
8.415873015873015506e-01
8.419047619047619335e-01
8.419047619047619335e-01
8.419047619047619335e-01
8.419047619047619335e-01
8.419047619047619335e-01
8.419047619047619335e-01
8.422222222222222054e-01
8.422222222222222054e-01
8.428571428571428603e-01
8.428571428571428603e-01
8.438095238095237871e-01
8.438095238095237871e-01
8.444444444444444420e-01
8.444444444444444420e-01
8.450793650793650968e-01
8.450793650793650968e-01
8.457142857142857517e-01
8.457142857142857517e-01
8.473015873015873334e-01
8.473015873015873334e-01
8.495238095238095699e-01
8.495238095238095699e-01
8.504761904761904967e-01
8.511111111111111516e-01
8.520634920634920784e-01
8.520634920634920784e-01
8.530158730158730052e-01
8.530158730158730052e-01
8.536507936507936600e-01
8.536507936507936600e-01
8.542857142857143149e-01
8.542857142857143149e-01
8.546031746031745868e-01
8.546031746031745868e-01
8.549206349206349698e-01
8.549206349206349698e-01
8.552380952380952417e-01
8.552380952380952417e-01
8.552380952380952417e-01
8.552380952380952417e-01
8.555555555555555136e-01
8.555555555555555136e-01
8.565079365079365514e-01
8.565079365079365514e-01
8.571428571428570953e-01
8.571428571428570953e-01
8.571428571428570953e-01
8.587301587301586769e-01
8.587301587301586769e-01
8.590476190476190599e-01
8.590476190476190599e-01
8.593650793650793318e-01
8.593650793650793318e-01
8.603174603174603696e-01
8.603174603174603696e-01
8.606349206349206415e-01
8.606349206349206415e-01
8.609523809523809135e-01
8.609523809523809135e-01
8.619047619047619513e-01
8.619047619047619513e-01
8.619047619047619513e-01
8.619047619047619513e-01
8.622222222222222232e-01
8.622222222222222232e-01
8.625396825396824951e-01
8.625396825396824951e-01
8.644444444444444597e-01
8.644444444444444597e-01
8.647619047619047317e-01
8.647619047619047317e-01
8.650793650793651146e-01
8.650793650793651146e-01
8.653968253968253865e-01
8.653968253968253865e-01
8.679365079365078950e-01
8.679365079365078950e-01
8.688888888888889328e-01
8.688888888888889328e-01
8.688888888888889328e-01
8.695238095238094767e-01
8.695238095238094767e-01
8.698412698412698596e-01
8.698412698412698596e-01
8.701587301587301315e-01
8.701587301587301315e-01
8.711111111111110583e-01
8.711111111111110583e-01
8.711111111111110583e-01
8.726984126984127510e-01
8.726984126984127510e-01
8.726984126984127510e-01
8.726984126984127510e-01
8.733333333333332948e-01
8.733333333333332948e-01
8.739682539682539497e-01
8.749206349206348765e-01
8.749206349206348765e-01
8.752380952380952595e-01
8.752380952380952595e-01
8.758730158730159143e-01
8.765079365079364582e-01
8.768253968253968411e-01
8.768253968253968411e-01
8.771428571428571130e-01
8.771428571428571130e-01
8.780952380952380398e-01
8.780952380952380398e-01
8.784126984126984228e-01
8.790476190476190776e-01
8.790476190476190776e-01
8.793650793650793496e-01
8.793650793650793496e-01
8.812698412698413142e-01
8.812698412698413142e-01
8.812698412698413142e-01
8.815873015873015861e-01
8.815873015873015861e-01
8.815873015873015861e-01
8.815873015873015861e-01
8.819047619047618580e-01
8.819047619047618580e-01
8.819047619047618580e-01
8.819047619047618580e-01
8.819047619047618580e-01
8.819047619047618580e-01
8.822222222222222410e-01
8.822222222222222410e-01
8.822222222222222410e-01
8.825396825396825129e-01
8.825396825396825129e-01
8.828571428571428958e-01
8.828571428571428958e-01
8.828571428571428958e-01
8.853968253968254043e-01
8.853968253968254043e-01
8.860317460317460592e-01
8.860317460317460592e-01
8.863492063492063311e-01
8.863492063492063311e-01
8.866666666666667140e-01
8.866666666666667140e-01
8.873015873015872579e-01
8.879365079365079128e-01
8.885714285714285676e-01
8.885714285714285676e-01
8.888888888888888395e-01
8.888888888888888395e-01
8.898412698412698774e-01
8.898412698412698774e-01
8.898412698412698774e-01
8.898412698412698774e-01
8.904761904761904212e-01
8.904761904761904212e-01
8.907936507936508042e-01
8.907936507936508042e-01
8.911111111111110761e-01
8.911111111111110761e-01
8.911111111111110761e-01
8.911111111111110761e-01
8.914285714285714590e-01
8.914285714285714590e-01
8.914285714285714590e-01
8.917460317460317309e-01
8.917460317460317309e-01
8.917460317460317309e-01
8.917460317460317309e-01
8.920634920634921139e-01
8.920634920634921139e-01
8.923809523809523858e-01
8.923809523809523858e-01
8.926984126984126577e-01
8.926984126984126577e-01
8.926984126984126577e-01
8.926984126984126577e-01
8.936507936507936956e-01
8.942857142857142394e-01
8.942857142857142394e-01
8.958730158730158211e-01
8.965079365079364759e-01
8.965079365079364759e-01
8.968253968253968589e-01
8.974603174603175137e-01
8.974603174603175137e-01
8.987301587301587125e-01
8.987301587301587125e-01
8.993650793650793673e-01
8.993650793650793673e-01
8.996825396825396393e-01
8.996825396825396393e-01
8.996825396825396393e-01
8.996825396825396393e-01
9.006349206349206771e-01
9.012698412698412209e-01
9.012698412698412209e-01
9.012698412698412209e-01
9.019047619047618758e-01
9.019047619047618758e-01
9.022222222222222587e-01
9.022222222222222587e-01
9.025396825396825307e-01
9.025396825396825307e-01
9.028571428571428026e-01
9.028571428571428026e-01
9.031746031746031855e-01
9.031746031746031855e-01
9.031746031746031855e-01
9.031746031746031855e-01
9.034920634920634575e-01
9.034920634920634575e-01
9.038095238095238404e-01
9.038095238095238404e-01
9.038095238095238404e-01
9.044444444444444953e-01
9.044444444444444953e-01
9.053968253968254221e-01
9.053968253968254221e-01
9.057142857142856940e-01
9.057142857142856940e-01
9.060317460317460769e-01
9.060317460317460769e-01
9.066666666666666208e-01
9.066666666666666208e-01
9.066666666666666208e-01
9.069841269841270037e-01
9.069841269841270037e-01
9.073015873015872756e-01
9.073015873015872756e-01
9.076190476190476586e-01
9.076190476190476586e-01
9.082539682539682024e-01
9.082539682539682024e-01
9.085714285714285854e-01
9.085714285714285854e-01
9.085714285714285854e-01
9.088888888888888573e-01
9.088888888888888573e-01
9.098412698412698951e-01
9.098412698412698951e-01
9.104761904761904390e-01
9.104761904761904390e-01
9.114285714285714768e-01
9.114285714285714768e-01
9.117460317460317487e-01
9.117460317460317487e-01
9.120634920634920206e-01
9.120634920634920206e-01
9.123809523809524036e-01
9.123809523809524036e-01
9.123809523809524036e-01
9.126984126984126755e-01
9.126984126984126755e-01
9.126984126984126755e-01
9.126984126984126755e-01
9.130158730158730584e-01
9.130158730158730584e-01
9.130158730158730584e-01
9.139682539682539852e-01
9.139682539682539852e-01
9.142857142857142572e-01
9.142857142857142572e-01
9.142857142857142572e-01
9.142857142857142572e-01
9.142857142857142572e-01
9.142857142857142572e-01
9.146031746031746401e-01
9.146031746031746401e-01
9.149206349206349120e-01
9.149206349206349120e-01
9.155555555555555669e-01
9.155555555555555669e-01
9.161904761904762218e-01
9.161904761904762218e-01
9.165079365079364937e-01
9.165079365079364937e-01
9.171428571428571486e-01
9.171428571428571486e-01
9.171428571428571486e-01
9.171428571428571486e-01
9.171428571428571486e-01
9.171428571428571486e-01
9.177777777777778034e-01
9.177777777777778034e-01
9.187301587301587302e-01
9.187301587301587302e-01
9.193650793650793851e-01
9.193650793650793851e-01
9.193650793650793851e-01
9.193650793650793851e-01
9.193650793650793851e-01
9.196825396825396570e-01
9.196825396825396570e-01
9.196825396825396570e-01
9.200000000000000400e-01
9.200000000000000400e-01
9.206349206349205838e-01
9.206349206349205838e-01
9.206349206349205838e-01
9.206349206349205838e-01
9.206349206349205838e-01
9.206349206349205838e-01
9.206349206349205838e-01
9.206349206349205838e-01
9.209523809523809668e-01
9.209523809523809668e-01
9.209523809523809668e-01
9.209523809523809668e-01
9.212698412698412387e-01
9.212698412698412387e-01
9.215873015873016216e-01
9.215873015873016216e-01
9.215873015873016216e-01
9.215873015873016216e-01
9.219047619047618936e-01
9.219047619047618936e-01
9.219047619047618936e-01
9.219047619047618936e-01
9.219047619047618936e-01
9.222222222222222765e-01
9.222222222222222765e-01
9.222222222222222765e-01
9.228571428571428203e-01
9.228571428571428203e-01
9.228571428571428203e-01
9.228571428571428203e-01
9.231746031746032033e-01
9.231746031746032033e-01
9.234920634920634752e-01
9.234920634920634752e-01
9.234920634920634752e-01
9.238095238095238582e-01
9.238095238095238582e-01
9.238095238095238582e-01
9.238095238095238582e-01
9.241269841269841301e-01
9.241269841269841301e-01
9.244444444444444020e-01
9.244444444444444020e-01
9.247619047619047850e-01
9.247619047619047850e-01
9.250793650793650569e-01
9.250793650793650569e-01
9.253968253968254398e-01
9.253968253968254398e-01
9.257142857142857117e-01
9.257142857142857117e-01
9.260317460317459837e-01
9.260317460317459837e-01
9.263492063492063666e-01
9.263492063492063666e-01
9.263492063492063666e-01
9.263492063492063666e-01
9.266666666666666385e-01
9.266666666666666385e-01
9.269841269841270215e-01
9.269841269841270215e-01
9.269841269841270215e-01
9.269841269841270215e-01
9.269841269841270215e-01
9.276190476190475653e-01
9.276190476190475653e-01
9.276190476190475653e-01
9.276190476190475653e-01
9.282539682539682202e-01
9.282539682539682202e-01
9.282539682539682202e-01
9.285714285714286031e-01
9.285714285714286031e-01
9.285714285714286031e-01
9.288888888888888751e-01
9.288888888888888751e-01
9.292063492063492580e-01
9.292063492063492580e-01
9.292063492063492580e-01
9.295238095238095299e-01
9.295238095238095299e-01
9.295238095238095299e-01
9.295238095238095299e-01
9.295238095238095299e-01
9.301587301587301848e-01
9.301587301587301848e-01
9.301587301587301848e-01
9.301587301587301848e-01
9.307936507936508397e-01
9.307936507936508397e-01
9.314285714285713835e-01
9.314285714285713835e-01
9.314285714285713835e-01
9.314285714285713835e-01
9.314285714285713835e-01
9.314285714285713835e-01
9.314285714285713835e-01
9.317460317460317665e-01
9.317460317460317665e-01
9.317460317460317665e-01
9.317460317460317665e-01
9.317460317460317665e-01
9.320634920634920384e-01
9.320634920634920384e-01
9.323809523809524213e-01
9.323809523809524213e-01
9.323809523809524213e-01
9.330158730158729652e-01
9.330158730158729652e-01
9.333333333333333481e-01
9.333333333333333481e-01
9.339682539682540030e-01
9.339682539682540030e-01
9.339682539682540030e-01
9.349206349206349298e-01
9.349206349206349298e-01
9.352380952380952017e-01
9.352380952380952017e-01
9.358730158730158566e-01
9.358730158730158566e-01
9.358730158730158566e-01
9.358730158730158566e-01
9.361904761904762395e-01
9.371428571428571663e-01
9.371428571428571663e-01
9.371428571428571663e-01
9.371428571428571663e-01
9.371428571428571663e-01
9.374603174603174383e-01
9.374603174603174383e-01
9.377777777777778212e-01
9.377777777777778212e-01
9.377777777777778212e-01
9.377777777777778212e-01
9.384126984126983650e-01
9.384126984126983650e-01
9.390476190476190199e-01
9.390476190476190199e-01
9.393650793650794029e-01
9.393650793650794029e-01
9.396825396825396748e-01
9.403174603174603297e-01
9.403174603174603297e-01
9.403174603174603297e-01
9.403174603174603297e-01
9.406349206349206016e-01
9.406349206349206016e-01
9.406349206349206016e-01
9.406349206349206016e-01
9.406349206349206016e-01
9.412698412698412564e-01
9.412698412698412564e-01
9.415873015873016394e-01
9.415873015873016394e-01
9.425396825396825662e-01
9.425396825396825662e-01
9.425396825396825662e-01
9.425396825396825662e-01
9.425396825396825662e-01
9.425396825396825662e-01
9.428571428571428381e-01
9.428571428571428381e-01
9.428571428571428381e-01
9.428571428571428381e-01
9.428571428571428381e-01
9.438095238095237649e-01
9.438095238095237649e-01
9.441269841269841478e-01
9.441269841269841478e-01
9.444444444444444198e-01
9.444444444444444198e-01
9.447619047619048027e-01
9.447619047619048027e-01
9.447619047619048027e-01
9.450793650793650746e-01
9.450793650793650746e-01
9.450793650793650746e-01
9.453968253968253466e-01
9.453968253968253466e-01
9.453968253968253466e-01
9.460317460317460014e-01
9.460317460317460014e-01
9.460317460317460014e-01
9.460317460317460014e-01
9.460317460317460014e-01
9.460317460317460014e-01
9.460317460317460014e-01
9.463492063492063844e-01
9.463492063492063844e-01
9.469841269841270393e-01
9.469841269841270393e-01
9.469841269841270393e-01
9.469841269841270393e-01
9.469841269841270393e-01
9.469841269841270393e-01
9.469841269841270393e-01
9.473015873015873112e-01
9.473015873015873112e-01
9.473015873015873112e-01
9.473015873015873112e-01
9.473015873015873112e-01
9.473015873015873112e-01
9.479365079365079660e-01
9.479365079365079660e-01
9.479365079365079660e-01
9.482539682539682380e-01
9.482539682539682380e-01
9.482539682539682380e-01
9.482539682539682380e-01
9.485714285714286209e-01
9.485714285714286209e-01
9.488888888888888928e-01
9.488888888888888928e-01
9.492063492063491648e-01
9.492063492063491648e-01
9.495238095238095477e-01
9.495238095238095477e-01
9.495238095238095477e-01
9.495238095238095477e-01
9.501587301587302026e-01
9.501587301587302026e-01
9.504761904761904745e-01
9.504761904761904745e-01
9.507936507936507464e-01
9.507936507936507464e-01
9.507936507936507464e-01
9.507936507936507464e-01
9.507936507936507464e-01
9.507936507936507464e-01
9.511111111111111294e-01
9.511111111111111294e-01
9.511111111111111294e-01
9.511111111111111294e-01
9.511111111111111294e-01
9.514285714285714013e-01
9.514285714285714013e-01
9.514285714285714013e-01
9.514285714285714013e-01
9.514285714285714013e-01
9.514285714285714013e-01
9.517460317460317842e-01
9.517460317460317842e-01
9.523809523809523281e-01
9.523809523809523281e-01
9.526984126984127110e-01
9.526984126984127110e-01
9.526984126984127110e-01
9.526984126984127110e-01
9.526984126984127110e-01
9.526984126984127110e-01
9.530158730158729830e-01
9.530158730158729830e-01
9.533333333333333659e-01
9.533333333333333659e-01
9.533333333333333659e-01
9.536507936507936378e-01
9.536507936507936378e-01
9.536507936507936378e-01
9.536507936507936378e-01
9.536507936507936378e-01
9.536507936507936378e-01
9.536507936507936378e-01
9.549206349206349476e-01
9.552380952380952195e-01
9.552380952380952195e-01
9.552380952380952195e-01
9.552380952380952195e-01
9.552380952380952195e-01
9.552380952380952195e-01
9.558730158730158744e-01
9.558730158730158744e-01
9.561904761904761463e-01
9.561904761904761463e-01
9.565079365079365292e-01
9.565079365079365292e-01
9.568253968253968011e-01
9.568253968253968011e-01
9.568253968253968011e-01
9.568253968253968011e-01
9.568253968253968011e-01
9.568253968253968011e-01
9.568253968253968011e-01
9.568253968253968011e-01
9.568253968253968011e-01
9.568253968253968011e-01
9.571428571428571841e-01
9.571428571428571841e-01
9.571428571428571841e-01
9.571428571428571841e-01
9.571428571428571841e-01
9.571428571428571841e-01
9.574603174603174560e-01
9.574603174603174560e-01
9.574603174603174560e-01
9.574603174603174560e-01
9.574603174603174560e-01
9.574603174603174560e-01
9.574603174603174560e-01
9.574603174603174560e-01
9.574603174603174560e-01
9.577777777777777279e-01
9.577777777777777279e-01
9.577777777777777279e-01
9.577777777777777279e-01
9.580952380952381109e-01
9.580952380952381109e-01
9.580952380952381109e-01
9.580952380952381109e-01
9.580952380952381109e-01
9.580952380952381109e-01
9.580952380952381109e-01
9.580952380952381109e-01
9.580952380952381109e-01
9.584126984126983828e-01
9.584126984126983828e-01
9.584126984126983828e-01
9.584126984126983828e-01
9.584126984126983828e-01
9.587301587301587658e-01
9.587301587301587658e-01
9.587301587301587658e-01
9.587301587301587658e-01
9.590476190476190377e-01
9.590476190476190377e-01
9.590476190476190377e-01
9.590476190476190377e-01
9.599999999999999645e-01
9.599999999999999645e-01
9.599999999999999645e-01
9.599999999999999645e-01
9.603174603174603474e-01
9.603174603174603474e-01
9.609523809523810023e-01
9.609523809523810023e-01
9.609523809523810023e-01
9.609523809523810023e-01
9.609523809523810023e-01
9.609523809523810023e-01
9.609523809523810023e-01
9.609523809523810023e-01
9.609523809523810023e-01
9.609523809523810023e-01
9.609523809523810023e-01
9.609523809523810023e-01
9.612698412698412742e-01
9.612698412698412742e-01
9.615873015873015461e-01
9.615873015873015461e-01
9.615873015873015461e-01
9.619047619047619291e-01
9.619047619047619291e-01
9.622222222222222010e-01
9.628571428571428559e-01
9.628571428571428559e-01
9.638095238095237827e-01
9.638095238095237827e-01
9.644444444444444375e-01
9.644444444444444375e-01
9.644444444444444375e-01
9.644444444444444375e-01
9.644444444444444375e-01
9.653968253968253643e-01
9.653968253968253643e-01
9.657142857142857473e-01
9.657142857142857473e-01
9.660317460317460192e-01
9.660317460317460192e-01
9.666666666666666741e-01
9.666666666666666741e-01
9.669841269841269460e-01
9.669841269841269460e-01
9.673015873015873289e-01
9.673015873015873289e-01
9.673015873015873289e-01
9.679365079365079838e-01
9.679365079365079838e-01
9.679365079365079838e-01
9.682539682539682557e-01
9.685714285714285277e-01
9.685714285714285277e-01
9.685714285714285277e-01
9.695238095238095655e-01
9.695238095238095655e-01
9.695238095238095655e-01
9.695238095238095655e-01
9.695238095238095655e-01
9.695238095238095655e-01
9.695238095238095655e-01
9.695238095238095655e-01
9.698412698412698374e-01
9.698412698412698374e-01
9.701587301587301093e-01
9.701587301587301093e-01
9.704761904761904923e-01
9.704761904761904923e-01
9.707936507936507642e-01
9.707936507936507642e-01
9.707936507936507642e-01
9.707936507936507642e-01
9.707936507936507642e-01
9.707936507936507642e-01
9.707936507936507642e-01
9.707936507936507642e-01
9.711111111111111471e-01
9.714285714285714191e-01
9.714285714285714191e-01
9.733333333333333837e-01
9.733333333333333837e-01
9.733333333333333837e-01
9.733333333333333837e-01
9.736507936507936556e-01
9.736507936507936556e-01
9.736507936507936556e-01
9.736507936507936556e-01
9.736507936507936556e-01
9.736507936507936556e-01
9.746031746031745824e-01
9.746031746031745824e-01
9.746031746031745824e-01
9.746031746031745824e-01
9.752380952380952372e-01
9.752380952380952372e-01
9.755555555555555092e-01
9.755555555555555092e-01
9.755555555555555092e-01
9.755555555555555092e-01
9.755555555555555092e-01
9.755555555555555092e-01
9.761904761904761640e-01
9.761904761904761640e-01
9.765079365079365470e-01
9.765079365079365470e-01
9.765079365079365470e-01
9.765079365079365470e-01
9.768253968253968189e-01
9.768253968253968189e-01
9.768253968253968189e-01
9.768253968253968189e-01
9.771428571428570908e-01
9.771428571428570908e-01
9.771428571428570908e-01
9.774603174603174738e-01
9.774603174603174738e-01
9.777777777777777457e-01
9.777777777777777457e-01
9.790476190476190554e-01
9.790476190476190554e-01
9.793650793650793274e-01
9.793650793650793274e-01
9.793650793650793274e-01
9.796825396825397103e-01
9.796825396825397103e-01
9.803174603174603652e-01
9.803174603174603652e-01
9.803174603174603652e-01
9.806349206349206371e-01
9.806349206349206371e-01
9.806349206349206371e-01
9.806349206349206371e-01
9.806349206349206371e-01
9.806349206349206371e-01
9.806349206349206371e-01
9.806349206349206371e-01
9.806349206349206371e-01
9.812698412698412920e-01
9.812698412698412920e-01
9.812698412698412920e-01
9.812698412698412920e-01
9.812698412698412920e-01
9.812698412698412920e-01
9.812698412698412920e-01
9.812698412698412920e-01
9.812698412698412920e-01
9.812698412698412920e-01
9.812698412698412920e-01
9.812698412698412920e-01
9.812698412698412920e-01
9.812698412698412920e-01
9.812698412698412920e-01
9.812698412698412920e-01
9.812698412698412920e-01
9.812698412698412920e-01
9.812698412698412920e-01
9.812698412698412920e-01
9.812698412698412920e-01
9.812698412698412920e-01
9.812698412698412920e-01
9.815873015873015639e-01
9.815873015873015639e-01
9.815873015873015639e-01
9.815873015873015639e-01
9.819047619047619468e-01
9.819047619047619468e-01
9.825396825396824907e-01
9.825396825396824907e-01
9.825396825396824907e-01
9.825396825396824907e-01
9.825396825396824907e-01
9.825396825396824907e-01
9.825396825396824907e-01
9.828571428571428736e-01
9.828571428571428736e-01
9.828571428571428736e-01
9.828571428571428736e-01
9.831746031746031456e-01
9.831746031746031456e-01
9.831746031746031456e-01
9.831746031746031456e-01
9.831746031746031456e-01
9.831746031746031456e-01
9.831746031746031456e-01
9.831746031746031456e-01
9.831746031746031456e-01
9.834920634920635285e-01
9.834920634920635285e-01
9.838095238095238004e-01
9.838095238095238004e-01
9.841269841269840724e-01
9.841269841269840724e-01
9.844444444444444553e-01
9.844444444444444553e-01
9.844444444444444553e-01
9.844444444444444553e-01
9.844444444444444553e-01
9.844444444444444553e-01
9.844444444444444553e-01
9.844444444444444553e-01
9.844444444444444553e-01
9.844444444444444553e-01
9.844444444444444553e-01
9.844444444444444553e-01
9.844444444444444553e-01
9.844444444444444553e-01
9.844444444444444553e-01
9.844444444444444553e-01
9.844444444444444553e-01
9.844444444444444553e-01
9.844444444444444553e-01
9.847619047619047272e-01
9.847619047619047272e-01
9.847619047619047272e-01
9.847619047619047272e-01
9.847619047619047272e-01
9.850793650793651102e-01
9.850793650793651102e-01
9.850793650793651102e-01
9.850793650793651102e-01
9.850793650793651102e-01
9.850793650793651102e-01
9.850793650793651102e-01
9.853968253968253821e-01
9.853968253968253821e-01
9.853968253968253821e-01
9.853968253968253821e-01
9.853968253968253821e-01
9.853968253968253821e-01
9.853968253968253821e-01
9.853968253968253821e-01
9.853968253968253821e-01
9.857142857142857650e-01
9.857142857142857650e-01
9.857142857142857650e-01
9.857142857142857650e-01
9.857142857142857650e-01
9.863492063492063089e-01
9.863492063492063089e-01
9.863492063492063089e-01
9.863492063492063089e-01
9.863492063492063089e-01
9.863492063492063089e-01
9.863492063492063089e-01
9.863492063492063089e-01
9.863492063492063089e-01
9.863492063492063089e-01
9.863492063492063089e-01
9.866666666666666918e-01
9.866666666666666918e-01
9.876190476190476186e-01
9.876190476190476186e-01
9.876190476190476186e-01
9.876190476190476186e-01
9.876190476190476186e-01
9.876190476190476186e-01
9.888888888888889284e-01
9.888888888888889284e-01
9.892063492063492003e-01
9.892063492063492003e-01
9.892063492063492003e-01
9.892063492063492003e-01
9.892063492063492003e-01
9.892063492063492003e-01
9.892063492063492003e-01
9.892063492063492003e-01
9.892063492063492003e-01
9.892063492063492003e-01
9.892063492063492003e-01
9.892063492063492003e-01
9.892063492063492003e-01
9.892063492063492003e-01
9.892063492063492003e-01
9.892063492063492003e-01
9.892063492063492003e-01
9.892063492063492003e-01
9.895238095238094722e-01
9.895238095238094722e-01
9.895238095238094722e-01
9.895238095238094722e-01
9.895238095238094722e-01
9.895238095238094722e-01
9.895238095238094722e-01
9.895238095238094722e-01
9.895238095238094722e-01
9.895238095238094722e-01
9.895238095238094722e-01
9.895238095238094722e-01
9.895238095238094722e-01
9.895238095238094722e-01
9.895238095238094722e-01
9.895238095238094722e-01
9.898412698412698552e-01
9.898412698412698552e-01
9.898412698412698552e-01
9.898412698412698552e-01
9.898412698412698552e-01
9.904761904761905100e-01
1.000000000000000000e+00
